# Format: McCode with text headers
# URL: http://www.mccode.org
# Creator: McStas 2.4.1 - Jun. 26, 2017
# Instrument: MAGiC_elearning.instr
# Ncount: 2500000
# Trace: no
# Gravitation: no
# Seed: 1563292613
# Directory: MAGiC_HR/15
# Nodes: 40
# Param: spectrum=0
# Param: high_res=1
# Param: coll_set=0.3
# Param: sample_rot=150
# Date: Tue Jul 16 10:30:55 2019 (1563265855)
# type: array_1d(101)
# Source: MAGiC_half_polarized (MAGiC_elearning.instr)
# component: L_out
# position: -0.034 -0.674259 159.42
# title: Wavelength monitor
# Ncount: 100000000
# filename: L_out.txt
# statistics: X0=1.4344; dX=0.353323;
# signal: Min=0; Max=2.40666e+07; Mean=4.27967e+06;
# values: 4.32247e+08 1.12308e+06 291085
# xvar: L
# yvar: (I,I_err)
# xlabel: Wavelength [AA]
# ylabel: Intensity
# xlimits: 0.2 6
# variables: L I I_err N
0.2287128713 0 0 0 
0.2861386139 0 0 0 
0.3435643564 1.191129286e-113 1.331723026e-113 4 
0.400990099 1.634145479e-17 1.609978596e-17 1199 
0.4584158416 305.3201902 66.5643333 5698 
0.5158415842 55025.5034 3923.420828 9619 
0.5732673267 316937.8945 12045.99247 10083 
0.6306930693 1031150.961 25442.46083 10179 
0.6881188119 2399683.453 48434.08146 9999 
0.7455445545 4280100.133 79001.44193 9907 
0.802970297 6835558.485 117382.0953 10217 
0.8603960396 9758261.933 159137.8156 9970 
0.9178217822 12742561.43 197967.0496 10093 
0.9752475248 16037851.33 236980.5224 10195 
1.032673267 18495931.14 264834.775 9952 
1.09009901 20130934.83 282268.7649 9863 
1.147524752 22024023.01 297089.5464 10060 
1.204950495 23829742.89 308321.6245 10236 
1.262376238 23232126.27 300001.3311 9855 
1.31980198 24066628.18 299686.0506 10056 
1.377227723 23748597.63 290248.1177 9979 
1.434653465 23336520.26 279118.3745 9942 
1.492079208 22778253.67 267026.3294 9896 
1.54950495 21963424.94 251646.4049 10074 
1.606930693 21133570.59 237878.0013 10030 
1.664356436 19470758.95 218580.3351 9825 
1.721782178 19067543.38 207650.0613 10041 
1.779207921 17654787.26 191468.1044 9849 
1.836633663 17190199.13 180534.2392 10243 
1.894059406 15749937.1 165337.4166 9971 
1.951485149 14576286.05 151681.6362 9958 
2.008910891 13647191.25 140207.3139 10049 
2.066336634 10674916.94 119717.6965 8191 
2.123762376 5161455.071 77354.62948 4682 
2.181188119 856753.9745 26860.98637 1170 
2.238613861 0 0 0 
2.296039604 0 0 0 
2.353465347 0 0 0 
2.410891089 0 0 0 
2.468316832 0 0 0 
2.525742574 0 0 0 
2.583168317 0 0 0 
2.640594059 0 0 0 
2.698019802 0 0 0 
2.755445545 0 0 0 
2.812871287 0 0 0 
2.87029703 0 0 0 
2.927722772 0 0 0 
2.985148515 0 0 0 
3.042574257 0 0 0 
3.1 0 0 0 
3.157425743 0 0 0 
3.214851485 0 0 0 
3.272277228 0 0 0 
3.32970297 0 0 0 
3.387128713 0 0 0 
3.444554455 0 0 0 
3.501980198 0 0 0 
3.559405941 0 0 0 
3.616831683 0 0 0 
3.674257426 0 0 0 
3.731683168 0 0 0 
3.789108911 0 0 0 
3.846534653 0 0 0 
3.903960396 0 0 0 
3.961386139 0 0 0 
4.018811881 0 0 0 
4.076237624 0 0 0 
4.133663366 0 0 0 
4.191089109 0 0 0 
4.248514851 0 0 0 
4.305940594 0 0 0 
4.363366337 0 0 0 
4.420792079 0 0 0 
4.478217822 0 0 0 
4.535643564 0 0 0 
4.593069307 0 0 0 
4.65049505 0 0 0 
4.707920792 0 0 0 
4.765346535 0 0 0 
4.822772277 0 0 0 
4.88019802 0 0 0 
4.937623762 0 0 0 
4.995049505 0 0 0 
5.052475248 0 0 0 
5.10990099 0 0 0 
5.167326733 0 0 0 
5.224752475 0 0 0 
5.282178218 0 0 0 
5.33960396 0 0 0 
5.397029703 0 0 0 
5.454455446 0 0 0 
5.511881188 0 0 0 
5.569306931 0 0 0 
5.626732673 0 0 0 
5.684158416 0 0 0 
5.741584158 0 0 0 
5.799009901 0 0 0 
5.856435644 0 0 0 
5.913861386 0 0 0 
5.971287129 0 0 0 
