# Format: McCode with text headers
# URL: http://www.mccode.org
# Creator: McStas 2.4.1 - Jun. 26, 2017
# Instrument: MAGiC_elearning.instr
# Ncount: 2500000
# Trace: no
# Gravitation: no
# Seed: 1563292337
# Directory: MAGiC_HR/12
# Nodes: 40
# Param: spectrum=0
# Param: high_res=1
# Param: coll_set=0.3
# Param: sample_rot=120
# Date: Tue Jul 16 10:28:49 2019 (1563265729)
# type: array_1d(101)
# Source: MAGiC_half_polarized (MAGiC_elearning.instr)
# component: L_out
# position: -0.034 -0.674259 159.42
# title: Wavelength monitor
# Ncount: 100000000
# filename: L_out.txt
# statistics: X0=1.43581; dX=0.352941;
# signal: Min=0; Max=2.39885e+07; Mean=4.29336e+06;
# values: 4.33629e+08 1.12517e+06 291299
# xvar: L
# yvar: (I,I_err)
# xlabel: Wavelength [AA]
# ylabel: Intensity
# xlimits: 0.2 6
# variables: L I I_err N
0.2287128713 0 0 0 
0.2861386139 0 0 0 
0.3435643564 4.771789721e-135 5.50998816e-135 3 
0.400990099 3.126894737e-19 2.831078717e-19 1188 
0.4584158416 1241.02531 347.8525436 5557 
0.5158415842 56061.09176 4041.322199 9606 
0.5732673267 324851.9195 12060.80984 10127 
0.6306930693 981340.2185 24762.51395 10004 
0.6881188119 2405738.754 48518.96349 9895 
0.7455445545 4323600.574 79354.32241 10041 
0.802970297 6660470.921 115504.2103 10031 
0.8603960396 9922916.015 160212.4689 10155 
0.9178217822 12720157 198994.5679 10035 
0.9752475248 15704540.59 234587.7947 9856 
1.032673267 18364802.78 264114.5633 9926 
1.09009901 20313788.11 284459.0635 9968 
1.147524752 22289409.78 299614.3907 9982 
1.204950495 23178533.42 303845.1228 10069 
1.262376238 23988522.02 305385.3666 10066 
1.31980198 23631448.69 296976.7463 9906 
1.377227723 23552335.64 289106.1366 10001 
1.434653465 23513640.59 279860.6462 10096 
1.492079208 23016733.05 268002.8726 10057 
1.54950495 22055629.07 252591.2873 10053 
1.606930693 21366099.18 239112.7117 10176 
1.664356436 20305625.49 223796.772 10116 
1.721782178 19050457.75 207711.8316 10030 
1.779207921 17889449.44 192523.6268 10000 
1.836633663 16804001.24 178631.5732 9943 
1.894059406 15969349.92 166168.2957 10162 
1.951485149 14857122.82 153248.7422 10124 
2.008910891 13649059.95 140206.7138 10057 
2.066336634 10833304.19 120654.4198 8303 
2.123762376 5056442.703 76390.93196 4614 
2.181188119 842582.4952 26614.84114 1152 
2.238613861 0 0 0 
2.296039604 0 0 0 
2.353465347 0 0 0 
2.410891089 0 0 0 
2.468316832 0 0 0 
2.525742574 0 0 0 
2.583168317 0 0 0 
2.640594059 0 0 0 
2.698019802 0 0 0 
2.755445545 0 0 0 
2.812871287 0 0 0 
2.87029703 0 0 0 
2.927722772 0 0 0 
2.985148515 0 0 0 
3.042574257 0 0 0 
3.1 0 0 0 
3.157425743 0 0 0 
3.214851485 0 0 0 
3.272277228 0 0 0 
3.32970297 0 0 0 
3.387128713 0 0 0 
3.444554455 0 0 0 
3.501980198 0 0 0 
3.559405941 0 0 0 
3.616831683 0 0 0 
3.674257426 0 0 0 
3.731683168 0 0 0 
3.789108911 0 0 0 
3.846534653 0 0 0 
3.903960396 0 0 0 
3.961386139 0 0 0 
4.018811881 0 0 0 
4.076237624 0 0 0 
4.133663366 0 0 0 
4.191089109 0 0 0 
4.248514851 0 0 0 
4.305940594 0 0 0 
4.363366337 0 0 0 
4.420792079 0 0 0 
4.478217822 0 0 0 
4.535643564 0 0 0 
4.593069307 0 0 0 
4.65049505 0 0 0 
4.707920792 0 0 0 
4.765346535 0 0 0 
4.822772277 0 0 0 
4.88019802 0 0 0 
4.937623762 0 0 0 
4.995049505 0 0 0 
5.052475248 0 0 0 
5.10990099 0 0 0 
5.167326733 0 0 0 
5.224752475 0 0 0 
5.282178218 0 0 0 
5.33960396 0 0 0 
5.397029703 0 0 0 
5.454455446 0 0 0 
5.511881188 0 0 0 
5.569306931 0 0 0 
5.626732673 0 0 0 
5.684158416 0 0 0 
5.741584158 0 0 0 
5.799009901 0 0 0 
5.856435644 0 0 0 
5.913861386 0 0 0 
5.971287129 0 0 0 
