# Format: McCode with text headers
# URL: http://www.mccode.org
# Creator: McStas 2.4.1 - Jun. 26, 2017
# Instrument: MAGiC_elearning.instr
# Ncount: 2500000
# Trace: no
# Gravitation: no
# Seed: 1563292703
# Directory: MAGiC_HR/16
# Nodes: 40
# Param: spectrum=0
# Param: high_res=1
# Param: coll_set=0.3
# Param: sample_rot=160
# Date: Tue Jul 16 10:31:37 2019 (1563265897)
# type: array_1d(101)
# Source: MAGiC_half_polarized (MAGiC_elearning.instr)
# component: L_out
# position: -0.034 -0.674259 159.42
# title: Wavelength monitor
# Ncount: 100000000
# filename: L_out.txt
# statistics: X0=1.43406; dX=0.352924;
# signal: Min=0; Max=2.42832e+07; Mean=4.30191e+06;
# values: 4.34493e+08 1.12668e+06 292043
# xvar: L
# yvar: (I,I_err)
# xlabel: Wavelength [AA]
# ylabel: Intensity
# xlimits: 0.2 6
# variables: L I I_err N
0.2287128713 0 0 0 
0.2861386139 0 0 0 
0.3435643564 1.135296238e-113 1.190708642e-113 10 
0.400990099 2.860546353e-19 1.557199663e-19 1212 
0.4584158416 668.67075 303.6816089 5663 
0.5158415842 60320.00973 4180.765008 9573 
0.5732673267 335565.6239 12491.33772 10269 
0.6306930693 1049638.561 25748.2203 10211 
0.6881188119 2414604.408 48464.11669 10085 
0.7455445545 4138894.939 77280.96057 10112 
0.802970297 6910314.61 117425.0625 10032 
0.8603960396 9823962.084 159172.2177 9920 
0.9178217822 12923331.95 200480.8634 10013 
0.9752475248 15970269.24 236200.8926 10095 
1.032673267 18312901.01 263762.918 9966 
1.09009901 20846823.46 287906.7985 10078 
1.147524752 22219680.24 299572.9807 10005 
1.204950495 23157518.94 302882.5947 10127 
1.262376238 23907755.99 305056.0084 10044 
1.31980198 24283209.06 301122.9727 10162 
1.377227723 23936828.53 291205.5449 10081 
1.434653465 23357092.39 279148.2591 9998 
1.492079208 22828806.18 266478.9409 10161 
1.54950495 22014144.21 252372.8624 10008 
1.606930693 21282849.18 238713.1334 10083 
1.664356436 20183550.32 222933.3535 10056 
1.721782178 19152227.87 208026.9172 10101 
1.779207921 17767865.33 191782.7521 9919 
1.836633663 16899347.43 179321.7102 10028 
1.894059406 15836548.81 165748.3936 10039 
1.951485149 14461127.28 151087.5616 9912 
2.008910891 13608446.35 140330.5659 9949 
2.066336634 10743096.39 119996.778 8264 
2.123762376 5207513.398 77851.81185 4700 
2.181188119 858374.3449 27008.21785 1167 
2.238613861 0 0 0 
2.296039604 0 0 0 
2.353465347 0 0 0 
2.410891089 0 0 0 
2.468316832 0 0 0 
2.525742574 0 0 0 
2.583168317 0 0 0 
2.640594059 0 0 0 
2.698019802 0 0 0 
2.755445545 0 0 0 
2.812871287 0 0 0 
2.87029703 0 0 0 
2.927722772 0 0 0 
2.985148515 0 0 0 
3.042574257 0 0 0 
3.1 0 0 0 
3.157425743 0 0 0 
3.214851485 0 0 0 
3.272277228 0 0 0 
3.32970297 0 0 0 
3.387128713 0 0 0 
3.444554455 0 0 0 
3.501980198 0 0 0 
3.559405941 0 0 0 
3.616831683 0 0 0 
3.674257426 0 0 0 
3.731683168 0 0 0 
3.789108911 0 0 0 
3.846534653 0 0 0 
3.903960396 0 0 0 
3.961386139 0 0 0 
4.018811881 0 0 0 
4.076237624 0 0 0 
4.133663366 0 0 0 
4.191089109 0 0 0 
4.248514851 0 0 0 
4.305940594 0 0 0 
4.363366337 0 0 0 
4.420792079 0 0 0 
4.478217822 0 0 0 
4.535643564 0 0 0 
4.593069307 0 0 0 
4.65049505 0 0 0 
4.707920792 0 0 0 
4.765346535 0 0 0 
4.822772277 0 0 0 
4.88019802 0 0 0 
4.937623762 0 0 0 
4.995049505 0 0 0 
5.052475248 0 0 0 
5.10990099 0 0 0 
5.167326733 0 0 0 
5.224752475 0 0 0 
5.282178218 0 0 0 
5.33960396 0 0 0 
5.397029703 0 0 0 
5.454455446 0 0 0 
5.511881188 0 0 0 
5.569306931 0 0 0 
5.626732673 0 0 0 
5.684158416 0 0 0 
5.741584158 0 0 0 
5.799009901 0 0 0 
5.856435644 0 0 0 
5.913861386 0 0 0 
5.971287129 0 0 0 
