# Format: McCode with text headers
# URL: http://www.mccode.org
# Creator: McStas 2.4.1 - Jun. 26, 2017
# Instrument: MAGiC_elearning.instr
# Ncount: 2500000
# Trace: no
# Gravitation: no
# Seed: 1563291606
# Directory: MAGiC_HR/4
# Nodes: 40
# Param: spectrum=0
# Param: high_res=1
# Param: coll_set=0.3
# Param: sample_rot=40
# Date: Tue Jul 16 10:23:18 2019 (1563265398)
# type: array_1d(101)
# Source: MAGiC_half_polarized (MAGiC_elearning.instr)
# component: L_out
# position: -0.034 -0.674259 159.42
# title: Wavelength monitor
# Ncount: 100000000
# filename: L_out.txt
# statistics: X0=1.43511; dX=0.352114;
# signal: Min=0; Max=2.43768e+07; Mean=4.30652e+06;
# values: 4.34959e+08 1.12732e+06 291702
# xvar: L
# yvar: (I,I_err)
# xlabel: Wavelength [AA]
# ylabel: Intensity
# xlimits: 0.2 6
# variables: L I I_err N
0.2287128713 0 0 0 
0.2861386139 0 0 0 
0.3435643564 1.799451432e-119 1.971200281e-119 5 
0.400990099 9.677462949e-19 6.067157981e-19 1270 
0.4584158416 565.3546974 131.913653 5641 
0.5158415842 61643.74614 4226.78052 9627 
0.5732673267 354931.4701 12829.38368 10157 
0.6306930693 998277.0755 24883.96877 9952 
0.6881188119 2295805.334 47202.10531 10040 
0.7455445545 4241910.721 78250.48666 10033 
0.802970297 6765644.131 116792.5384 9888 
0.8603960396 9633738.415 157087.1928 10068 
0.9178217822 12939377.88 200366.2901 10030 
0.9752475248 15934634.72 236621.2688 10004 
1.032673267 18247740.4 263021.5762 10066 
1.09009901 20660278.14 286163.4487 10079 
1.147524752 21988996.53 296900.7052 9919 
1.204950495 23511892.96 305965.912 10146 
1.262376238 23849802.92 305068.0678 9969 
1.31980198 24376835.36 301872.4932 10110 
1.377227723 23838848.84 290467.7539 10073 
1.434653465 23454854.46 280307.4903 9859 
1.492079208 22943500.44 267318.4067 10124 
1.54950495 22476643.69 254973.1422 10139 
1.606930693 21736773.4 240942.7671 10352 
1.664356436 20117953.7 222513.2553 10048 
1.721782178 18810290 206081.1927 9960 
1.779207921 17975149.79 193126.5696 10027 
1.836633663 16743478.16 178317.3841 9940 
1.894059406 16079540.13 166986.8844 10174 
1.951485149 14853533.11 153220.8136 10117 
2.008910891 13419453.91 139070.4902 9881 
2.066336634 10730644.08 120050.6256 8229 
2.123762376 5095071.536 76922.52061 4615 
2.181188119 820757.7522 25949.48088 1160 
2.238613861 0 0 0 
2.296039604 0 0 0 
2.353465347 0 0 0 
2.410891089 0 0 0 
2.468316832 0 0 0 
2.525742574 0 0 0 
2.583168317 0 0 0 
2.640594059 0 0 0 
2.698019802 0 0 0 
2.755445545 0 0 0 
2.812871287 0 0 0 
2.87029703 0 0 0 
2.927722772 0 0 0 
2.985148515 0 0 0 
3.042574257 0 0 0 
3.1 0 0 0 
3.157425743 0 0 0 
3.214851485 0 0 0 
3.272277228 0 0 0 
3.32970297 0 0 0 
3.387128713 0 0 0 
3.444554455 0 0 0 
3.501980198 0 0 0 
3.559405941 0 0 0 
3.616831683 0 0 0 
3.674257426 0 0 0 
3.731683168 0 0 0 
3.789108911 0 0 0 
3.846534653 0 0 0 
3.903960396 0 0 0 
3.961386139 0 0 0 
4.018811881 0 0 0 
4.076237624 0 0 0 
4.133663366 0 0 0 
4.191089109 0 0 0 
4.248514851 0 0 0 
4.305940594 0 0 0 
4.363366337 0 0 0 
4.420792079 0 0 0 
4.478217822 0 0 0 
4.535643564 0 0 0 
4.593069307 0 0 0 
4.65049505 0 0 0 
4.707920792 0 0 0 
4.765346535 0 0 0 
4.822772277 0 0 0 
4.88019802 0 0 0 
4.937623762 0 0 0 
4.995049505 0 0 0 
5.052475248 0 0 0 
5.10990099 0 0 0 
5.167326733 0 0 0 
5.224752475 0 0 0 
5.282178218 0 0 0 
5.33960396 0 0 0 
5.397029703 0 0 0 
5.454455446 0 0 0 
5.511881188 0 0 0 
5.569306931 0 0 0 
5.626732673 0 0 0 
5.684158416 0 0 0 
5.741584158 0 0 0 
5.799009901 0 0 0 
5.856435644 0 0 0 
5.913861386 0 0 0 
5.971287129 0 0 0 
