# Format: McCode with text headers
# URL: http://www.mccode.org
# Creator: McStas 2.4.1 - Jun. 26, 2017
# Instrument: MAGiC_elearning.instr
# Ncount: 2500000
# Trace: no
# Gravitation: no
# Seed: 1563291242
# Directory: MAGiC_HR/0
# Nodes: 40
# Param: spectrum=0
# Param: high_res=1
# Param: coll_set=0.3
# Param: sample_rot=0
# Date: Tue Jul 16 10:20:32 2019 (1563265232)
# type: array_1d(101)
# Source: MAGiC_half_polarized (MAGiC_elearning.instr)
# component: L_out
# position: -0.034 -0.674259 159.42
# title: Wavelength monitor
# Ncount: 100000000
# filename: L_out.txt
# statistics: X0=1.43459; dX=0.35277;
# signal: Min=0; Max=2.44979e+07; Mean=4.29447e+06;
# values: 4.33742e+08 1.12622e+06 291855
# xvar: L
# yvar: (I,I_err)
# xlabel: Wavelength [AA]
# ylabel: Intensity
# xlimits: 0.2 6
# variables: L I I_err N
0.2287128713 0 0 0 
0.2861386139 0 0 0 
0.3435643564 1.111343142e-122 1.217415001e-122 5 
0.400990099 8.244240876e-18 7.835598244e-18 1255 
0.4584158416 1096.703435 409.1813386 5680 
0.5158415842 50375.99065 3677.863845 9678 
0.5732673267 342281.2121 12428.94726 10259 
0.6306930693 1023201.885 25459.29447 10116 
0.6881188119 2461249.159 49212.91379 10208 
0.7455445545 4297251.976 79180.085 10108 
0.802970297 6679529.982 115999.6261 9954 
0.8603960396 9814986.076 159400.7093 10133 
0.9178217822 13084641.73 202092.486 10087 
0.9752475248 15622289.11 234216.1442 9965 
1.032673267 18313057.12 263777.9869 9948 
1.09009901 20012164.8 281292.5331 9792 
1.147524752 21781190.53 296138.0776 9909 
1.204950495 23706733.87 307908.5675 10217 
1.262376238 24497897.45 309600.7155 10081 
1.31980198 24191911.74 300943.7403 10023 
1.377227723 24350107.91 294036.4664 10199 
1.434653465 23364760.2 279040.6551 10079 
1.492079208 22548472.16 264597.7258 9972 
1.54950495 21866909.8 251498.5482 9978 
1.606930693 20963760.51 236986.8126 9940 
1.664356436 20010109.28 221458.426 10099 
1.721782178 19114942.1 208182.5264 10030 
1.779207921 17803699.08 191933.3675 9987 
1.836633663 17120508.01 180175.8367 10187 
1.894059406 15704039.04 165010.1792 9987 
1.951485149 14757116.2 152976.964 10007 
2.008910891 13524310.42 139717.2828 9939 
2.066336634 10814062.7 120511.4179 8295 
2.123762376 5125080.328 77229.4868 4624 
2.181188119 794124.9873 25504.86361 1114 
2.238613861 0 0 0 
2.296039604 0 0 0 
2.353465347 0 0 0 
2.410891089 0 0 0 
2.468316832 0 0 0 
2.525742574 0 0 0 
2.583168317 0 0 0 
2.640594059 0 0 0 
2.698019802 0 0 0 
2.755445545 0 0 0 
2.812871287 0 0 0 
2.87029703 0 0 0 
2.927722772 0 0 0 
2.985148515 0 0 0 
3.042574257 0 0 0 
3.1 0 0 0 
3.157425743 0 0 0 
3.214851485 0 0 0 
3.272277228 0 0 0 
3.32970297 0 0 0 
3.387128713 0 0 0 
3.444554455 0 0 0 
3.501980198 0 0 0 
3.559405941 0 0 0 
3.616831683 0 0 0 
3.674257426 0 0 0 
3.731683168 0 0 0 
3.789108911 0 0 0 
3.846534653 0 0 0 
3.903960396 0 0 0 
3.961386139 0 0 0 
4.018811881 0 0 0 
4.076237624 0 0 0 
4.133663366 0 0 0 
4.191089109 0 0 0 
4.248514851 0 0 0 
4.305940594 0 0 0 
4.363366337 0 0 0 
4.420792079 0 0 0 
4.478217822 0 0 0 
4.535643564 0 0 0 
4.593069307 0 0 0 
4.65049505 0 0 0 
4.707920792 0 0 0 
4.765346535 0 0 0 
4.822772277 0 0 0 
4.88019802 0 0 0 
4.937623762 0 0 0 
4.995049505 0 0 0 
5.052475248 0 0 0 
5.10990099 0 0 0 
5.167326733 0 0 0 
5.224752475 0 0 0 
5.282178218 0 0 0 
5.33960396 0 0 0 
5.397029703 0 0 0 
5.454455446 0 0 0 
5.511881188 0 0 0 
5.569306931 0 0 0 
5.626732673 0 0 0 
5.684158416 0 0 0 
5.741584158 0 0 0 
5.799009901 0 0 0 
5.856435644 0 0 0 
5.913861386 0 0 0 
5.971287129 0 0 0 
