0.0005630162416 0 0 0 
0.001689048725 0 0 0 
0.002815081208 0 0 0 
0.003941113691 0 0 0 
0.005067146174 0 0 0 
0.006193178657 0 0 0 
0.00731921114 0 0 0 
0.008445243623 0 0 0 
0.009571276106 0 0 0 
0.01069730859 0 0 0 
0.01182334107 0 0 0 
0.01294937356 0 0 0 
0.01407540604 0 0 0 
0.01520143852 0 0 0 
0.01632747101 0 0 0 
0.01745350349 0 0 0 
0.01857953597 0 0 0 
0.01970556845 0 0 0 
0.02083160094 1891948.167 125138.4682 269 
0.02195763342 14373315.19 372923.6896 1757 
0.0230836659 31211582.92 571333.9052 3912 
0.02420969839 49243449.25 754894.4419 6395 
0.02533573087 67611080.74 927612.4954 8966 
0.02646176335 85284667.68 1093482.925 11626 
0.02758779584 107718398.4 1301503.835 14780 
0.02871382832 127907654.2 1482008.827 17424 
0.0298398608 150156704.9 1700986.722 20430 
0.03096589329 175032454.3 1932817.725 23458 
0.03209192577 196146613.2 2157050.538 25601 
0.03321795825 223314311.4 2417069.305 28517 
0.03434399073 254765696.6 2727267.972 31706 
0.03547002322 273602914.3 2988708.611 33291 
0.0365960557 302574001.9 3249153.698 36369 
0.03772208818 326931357.4 3516763.028 39012 
0.03884812067 349379848.3 3811893.615 41218 
0.03997415315 389469883.5 4233003.323 44075 
0.04110018563 416141836.7 4606475.707 45995 
0.04222621812 463751384 5100977.776 49173 
0.0433522506 484675708.2 5362287.67 51502 
0.04447828308 511589322.1 5720631.308 53498 
0.04560431557 554097320.3 6175793.075 56054 
0.04673034805 557029988.3 6239381.349 58671 
0.04785638053 612654543.5 7004300.102 61249 
0.04898241302 623255454.6 7105665.722 63161 
0.0501084455 678593255.9 7704803.197 66678 
0.05123447798 686652912.5 7933740.236 68509 
0.05236051046 715055273.6 8311402.642 70441 
0.05348654295 744089006.6 8674300.397 73362 
0.05461257543 780873618.5 9069714.894 75366 
0.05573860791 819493495 9543900.681 77814 
0.0568646404 830862663.6 9770294.97 80131 
0.05799067288 847984546.2 9981683.106 82640 
0.05911670536 876048127.8 10306105.96 84585 
0.06024273785 934659803.6 11108539.44 87328 
0.06136877033 952658035.2 11423303.29 90620 
0.06249480281 982585208.7 11455028.39 92774 
0.0636208353 990388826.1 11910912.32 93615 
0.06474686778 1049356346 12570241.2 98107 
0.06587290026 1036861586 12207059.23 99450 
0.06699893274 1100614299 13162547.06 102195 
0.06812496523 1096423421 13173352.34 104783 
0.06925099771 1116644281 13308326.89 106111 
0.07037703019 1164528006 14110403.96 112206 
0.07150306268 1153160834 13860766.82 107949 
0.07262909516 1208088268 14299651.13 114536 
0.07375512764 1174223097 14170165.4 115536 
0.07488116013 1207597739 14395454.59 118213 
0.07600719261 1226918498 14821017.42 120084 
0.07713322509 1244931282 14888259.77 122593 
0.07825925758 1271105851 15004104.91 125875 
0.07938529006 1263684921 14734720.7 127770 
0.08051132254 1335802366 15815496.08 130199 
0.08163735503 1322608017 15551452.51 132355 
0.08276338751 1351130542 16021246.09 134837 
0.08388941999 1301124598 15025131.65 134769 
0.08501545247 1333879034 15513008.33 140998 
0.08614148496 1337529618 14640910.76 143321 
0.08726751744 1331792751 14701102.92 143759 
0.08839354992 1303465082 14502124.56 146398 
0.08951958241 1313699828 14520637.65 147622 
0.09064561489 1367418495 14719392.54 151043 
0.09177164737 1308757521 14081029.12 153976 
0.09289767986 1300657691 13757499.97 154298 
0.09402371234 1368933408 14680461.04 160131 
0.09514974482 1367884253 14279984.68 159062 
0.09627577731 1253720149 12845179.16 163150 
0.09740180979 1337715677 13829487.82 164781 
0.09852784227 1297523906 13105603.8 166859 
0.09965387476 1338483201 13590663.33 169326 
0.1007799072 1282245806 12781382.74 171505 
0.1019059397 1352197447 13670807.08 174430 
0.1030319722 1352517746 13235100.5 176272 
0.1041580047 1306450155 12675927.69 182395 
0.1052840372 1336496782 13020960.72 176254 
0.1064100697 1273304531 11780209.43 184402 
0.1075361021 1306689935 12676807.49 186478 
0.1086621346 1357348918 12881225.55 188193 
0.1097881671 1289598842 11994807.66 188758 
0.1109141996 1365939086 12677628.91 194091 
0.1120402321 1282301242 11872936.37 194202 
0.1131662646 1341538900 12367906.38 196621 
0.114292297 1317791421 11981982.03 200006 
0.1154183295 1334845750 12150842.19 201052 
0.116544362 1335345313 12212741.91 204702 
0.1176703945 1343416219 12130071.86 206955 
0.118796427 1314175762 11595007.47 209501 
0.1199224595 1305004898 11632431.74 209056 
0.1210484919 1339207166 11821932.17 214319 
0.1221745244 1343771138 11687290.53 215308 
0.1233005569 1317767932 11343301.02 219668 
0.1244265894 1306489258 11224481.3 219351 
0.1255526219 1356508353 11694943.51 223707 
0.1266786543 1307851350 11039331.41 226473 
0.1278046868 1374895443 11368753.57 231120 
0.1289307193 1278014046 11015317.29 224545 
0.1300567518 1307241150 10725684.77 234637 
0.1311827843 1340509166 11283846.7 233978 
0.1323088168 1329305310 10951169.83 236484 
0.1334348492 1307385618 10693013 238777 
0.1345608817 1374754892 11213234.13 245681 
0.1356869142 1301241131 10664995.61 238654 
0.1368129467 1314647891 10634836.56 246618 
0.1379389792 1353911203 10833990.97 261797 
0.1390650117 1341047883 10780218.02 246127 
0.1401910441 1305859062 10651356.04 247267 
0.1413170766 1406706439 10366995.52 264020 
0.1424431091 1090595585 8868326.606 251478 
0.1435691416 1508045346 12056978.78 263824 
0.1446951741 1278309310 9697517.232 262865 
0.1458212066 1300513212 10034327.25 263710 
0.146947239 1335578357 10232377.04 271256 
0.1480732715 1329406062 10169229.99 268206 
0.149199304 1340442656 10319569.97 275568 
0.1503253365 1314799375 9963817.406 274159 
0.151451369 1314804804 10017520.83 274958 
0.1525774015 1305354415 9820306.701 278722 
0.1537034339 1331825089 9908600.948 278089 
0.1548294664 1360423732 10113703.89 280549 
0.1559554989 1301360251 9691317.111 276639 
0.1570815314 1343131255 10042149.26 277181 
0.1582075639 1289225307 9497732.365 280696 
0.1593335964 1277164969 9438591.184 272106 
0.1604596288 1302659972 9516907.711 275690 
0.1615856613 1303456765 9509766.966 268947 
0.1627116938 1308690378 9512037.009 274322 
0.1638377263 1320088151 9668055.123 273571 
0.1649637588 1299900894 9499845.013 267959 
0.1660897913 1289623453 9365916.104 265190 
0.1672158237 1329293217 9396626.939 270664 
0.1683418562 1271472082 9346331.918 262285 
0.1694678887 1390087870 9735729.966 267533 
0.1705939212 1179405241 8678989.316 258255 
0.1717199537 1299669063 9318546.1 257211 
0.1728459862 1290916441 9282058.621 258578 
0.1739720186 1280919374 9146135.696 255320 
0.1750980511 1289828740 9166505.03 253878 
0.1762240836 1268853223 8973922.489 252931 
0.1773501161 1265119251 9075687.216 247384 
0.1784761486 1293093760 9005858.134 249277 
0.1796021811 1267121599 9092692.956 243824 
0.1807282135 1298845858 9099233.551 245983 
0.181854246 1301707450 9232848.586 239703 
0.1829802785 1240017236 8754661.94 239401 
0.184106311 1257667184 8846464.901 235481 
0.1852323435 1237771147 8619244.065 232064 
0.186358376 1271790988 8916565.604 233459 
0.1874844084 1237089010 8540091.611 231325 
0.1886104409 1250481945 8652622.775 228896 
0.1897364734 1280201777 8879030.566 227827 
0.1908625059 1236756843 8674674.545 219445 
0.1919885384 1241502168 8619097.23 219911 
0.1931145709 1236441491 8518744.853 220588 
0.1942406033 1244218651 8529833.073 212725 
0.1953666358 1251190540 8697808.374 214058 
0.1964926683 1212169644 8377473.443 210782 
0.1976187008 1237569412 8527299.586 209568 
0.1987447333 1177186095 8105840.516 198283 
0.1998707658 1294249109 8749893.995 225510 
0.2009967982 1212773657 8467079.604 193249 
0.2021228307 1213914395 8285954.367 198983 
0.2032488632 1247476302 8511000.783 198227 
0.2043748957 1183441975 8006146.165 194266 
0.2055009282 1171803491 8415547.299 177489 
0.2066269607 1267059860 8474025.247 198685 
0.2077529931 1157425524 8247158.812 181055 
0.2088790256 1296437668 8211796.347 195440 
0.2100050581 1065292338 7500294.443 177165 
0.2111310906 1186245158 8316107.085 180403 
0.2122571231 1224273343 8368644.535 178578 
0.2133831555 1225913813 8376416.415 179851 
0.214509188 1241122823 8512857.053 177398 
0.2156352205 1129507445 7504516.004 171811 
0.216761253 1176372874 7878328.507 172489 
0.2178872855 1174428305 8048459.853 169442 
0.219013318 1173153699 7988239.249 170099 
0.2201393504 1200391874 8130057.489 163346 
0.2212653829 1151176330 7735445.787 165261 
0.2223914154 1163327383 7849294.586 163585 
0.2235174479 1163062604 7959649.656 158501 
0.2246434804 1164522389 7907381.136 160130 
0.2257695129 1188902670 7967009.921 161284 
0.2268955453 1131529917 7729802.608 151264 
0.2280215778 1143200108 7696153.254 154451 
0.2291476103 1179691047 7976979.731 156329 
0.2302736428 1138532465 7734119.643 148658 
0.2313996753 1151866646 7810644.673 146997 
0.2325257078 1101554950 7499700.975 147951 
0.2336517402 1149582939 7589702.579 149414 
0.2347777727 1121054710 7626285.328 144672 
0.2359038052 1119575867 7666448.392 140537 
0.2370298377 1124172791 7737180.672 138423 
0.2381558702 1122700964 7476805.2 142629 
0.2392819027 1121343726 7521605.214 139625 
0.2404079351 1139234803 7710011.897 140412 
0.2415339676 1088222660 7522512.657 132120 
0.2426600001 1100218593 7427018.936 134109 
0.2437860326 1094008869 7485246.351 132358 
0.2449120651 1045243449 7100174.084 129802 
0.2460380976 1139093826 7643904.125 135117 
0.24716413 1079951478 7391113.079 126007 
0.2482901625 1102176956 7402865.165 130056 
0.249416195 1103525702 7431092.94 127354 
0.2505422275 1053561420 7338666.65 123191 
0.25166826 1056973979 7223981.997 123489 
0.2527942925 1153975207 7678138.99 127129 
0.2539203249 1032226955 7122585.076 118981 
0.2550463574 1068688014 7223002.74 120898 
0.2561723899 1020090105 7060289.97 117258 
0.2572984224 1070157595 7221486.253 119567 
0.2584244549 1051303907 7200115.372 115699 
0.2595504874 1067728420 7169185.311 117948 
0.2606765198 1022840950 7075591.973 112217 
0.2618025523 1064970109 7293970.565 114224 
0.2629285848 1030919161 7076232.877 113821 
0.2640546173 1074680222 7248162.145 115725 
0.2651806498 984890962.9 6855459.544 104197 
0.2663066823 1057158334 7132910.497 112373 
0.2674327147 1009717662 7106102.277 103661 
0.2685587472 1040501348 6897480.873 114544 
0.2696847797 1029270200 7248464.559 102664 
0.2708108122 981057655.8 6804244.651 103133 
0.2719368447 1035690009 7166843.328 106175 
0.2730628772 981653069 6838085.269 101057 
0.2741889096 1005203827 6873109.932 104821 
0.2753149421 1019964527 7031526.923 102639 
0.2764409746 1017198362 6907581.144 101751 
0.2775670071 941521023.9 6807575.053 96405 
0.2786930396 1044036835 7057359.736 101314 
0.2798190721 891066765.9 6252870.356 94306 
0.2809451045 1125152141 7781044.804 100413 
0.282071137 905591758.2 6283425.532 94380 
0.2831971695 967945154.7 6728370.394 94814 
0.284323202 956492793.2 6742066.749 94365 
0.2854492345 978734971.6 6790809.282 94681 
0.286575267 975233798 6951041.94 93138 
0.2877012994 929385926.4 6511153.389 89947 
0.2888273319 959496174.1 6695603.099 91567 
0.2899533644 963436724.5 6752770.625 90401 
0.2910793969 885531077.9 6378072.868 87164 
0.2922054294 983853335.8 6951745.69 90219 
0.2933314618 899218072.6 6410982.236 85596 
0.2944574943 962145899.9 6783055.303 87619 
0.2955835268 918114141.6 6557958.222 84310 
0.2967095593 929523252.5 6455329.731 90124 
0.2978355918 925359876.6 6657079.557 82493 
0.2989616243 883851147.8 6364781.194 81473 
0.3000876567 911435220.1 6510251.085 83159 
0.3012136892 923563924.5 6567900.342 83601 
0.3023397217 900383943.6 6534802.654 79509 
0.3034657542 893706807.4 6535419.76 79674 
0.3045917867 902162051.4 6384629.362 81589 
0.3057178192 910339747.6 6609832.944 79171 
0.3068438516 884730734.4 6275099.703 79614 
0.3079698841 864965136.5 6359170.982 77094 
0.3090959166 874559440.6 6424926.885 76596 
0.3102219491 862658220.7 6347639.559 74898 
0.3113479816 872888218.4 6313613.738 76046 
0.3124740141 855804765 6253289.791 73976 
0.3136000465 894276325.6 6530289.623 75152 
0.314726079 912769069.2 6601423.562 76214 
0.3158521115 823402118.7 5975947.295 72633 
0.316978144 851110486.4 6362917.773 72024 
0.3181041765 840523880.8 6226436.331 72148 
0.319230209 825167616.3 6161955.081 69286 
0.3203562414 885005003.5 6408220.372 75115 
0.3214822739 815467302.8 6145937.236 67784 
0.3226083064 834728318.1 6257189.913 69269 
0.3237343389 804970554.9 6072350.611 67626 
0.3248603714 824255996.9 6099238.809 68062 
0.3259864039 811740651.3 6159130.012 67413 
0.3271124363 818346569.9 6147765.663 67371 
0.3282384688 825011432 6171862.782 67061 
0.3293645013 832326745.3 6167947.526 68571 
0.3304905338 762792626 5872680.377 62413 
0.3316165663 820869280.2 6232367.766 65296 
0.3327425988 813679635.7 6154033.672 65099 
0.3338686312 767344134.7 5865175.238 63535 
0.3349946637 773337593.7 5955556.864 62395 
0.3361206962 765165848.6 5851447.928 62029 
0.3372467287 768109742.1 5959304.854 60944 
0.3383727612 775956558.9 5924722.53 62631 
0.3394987937 765870905.6 5986048.433 59668 
0.3406248261 776274027.5 5986256.915 61688 
0.3417508586 751612072.5 5801515.494 59620 
0.3428768911 768825081.6 5947741.886 60376 
0.3440029236 736549680 5801978.55 57898 
0.3451289561 761875452.6 5966872.277 58028 
0.3462549886 721182096.8 5614010.803 58355 
0.347381021 728418026.3 5841904.401 55895 
0.3485070535 757027227.5 5872037.168 58433 
0.349633086 732255536.4 5789641.174 56789 
0.3507591185 715124370.4 5685357.388 55384 
0.351885151 741384655.5 5928999.511 55506 
0.3530111835 687526662.2 5554805.947 53277 
0.3541372159 723535784.8 5858789.607 54658 
0.3552632484 679153416.7 5513867.196 52724 
0.3563892809 737463320.6 5811797.389 55487 
0.3575153134 705463428.7 5741999.692 52239 
0.3586413459 696427666.9 5631481.718 52772 
0.3597673784 693185606.9 5694204.087 51665 
0.3608934108 707161114.5 5730029.956 52819 
0.3620194433 660989072.9 5427864.441 50608 
0.3631454758 719304111.3 5890902.732 50968 
0.3642715083 630870084.4 5246871.098 48591 
0.3653975408 716187478.7 5789907.368 52232 
0.3665235733 672601383.9 5531226.989 50193 
0.3676496057 637984643.5 5439122.673 47027 
0.3687756382 654148728.2 5487701.019 48087 
0.3699016707 664949656.4 5477354.222 50248 
0.3710277032 647880287 5552946.032 46242 
0.3721537357 643425453.3 5477711.328 46139 
0.3732797682 629070283.4 5364088.753 46423 
0.3744058006 662141121.8 5475093.939 49819 
0.3755318331 586490641.2 5156843.906 42083 
0.3766578656 656443743.4 5546079.102 46599 
0.3777838981 632957865.4 5346642.871 47145 
0.3789099306 612151118.4 5313853.226 43847 
0.380035963 614030800.1 5401833.218 42769 
0.3811619955 611791752 5204613.899 45135 
0.382288028 638416158 5473604.674 45902 
0.3834140605 589722999.5 5247267.579 40748 
0.384540093 590602683.6 5189444.547 43373 
0.3856661255 640703374.7 5382526.901 46638 
0.3867921579 529079121.1 4976451.791 36202 
0.3879181904 637841713.5 5478930.217 45116 
0.3890442229 598002624.5 5163416.672 43894 
0.3901702554 509258428.1 5005403.243 33800 
0.3912962879 632757345.9 5305880.999 47045 
0.3924223204 527008148.7 4974788.242 35025 
0.3935483528 568439147.5 5261351.217 39265 
0.3946743853 658620123.1 5195446.459 50833 
0.3958004178 400447242.2 4765940.204 21772 
0.3969264503 665157321 5372866.433 49789 
0.3980524828 573570088.8 5094478.503 39904 
0.3991785153 469162042.3 4918485.649 30129 
0.4003045477 788653440.6 5700203.575 58466 
0.4014305802 206034018.1 3779859.203 9725 
0.4025566127 857414180.6 6107356.169 60878 
0.4036826452 174774767 2830022.669 14214 
0.4048086777 878217248 6541185.609 56114 
0.4059347102 182734660.9 2271324.915 18299 
0.4070607426 882064256.1 6736707.648 54249 
0.4081867751 220979386.3 2582633.675 20649 
0.4093128076 867606899.8 6657862.774 53504 
0.4104388401 211564305.6 2628205.598 18058 
0.4115648726 527703908.2 4740960.909 37714 
0.4126909051 547825224 5371355.777 34295 
0.4138169375 422043959.9 4117269.032 31517 
0.41494297 621061786 5679246.68 39588 
0.4160690025 357063421.7 3755653.057 26793 
0.417195035 616963259.7 5558734.198 39206 
0.4183210675 375662303.2 4084960.435 26250 
0.4194471 520796752.1 4854639.829 35708 
0.4205731324 492166881.5 4936409.411 31989 
0.4216991649 452611870.7 4432556.785 31700 
0.4228251974 527264853.1 5161504.447 33798 
0.4239512299 411045447.3 4233184.781 28375 
0.4250772624 474051266.5 4746145.123 31937 
0.4262032949 450918405.7 4676995.907 29223 
0.4273293273 451549724.6 4498269.645 31159 
0.4284553598 481113097.6 4890563.394 31031 
0.4295813923 429091355.8 4350411.322 29473 
0.4307074248 440763105.5 4612720.444 28695 
0.4318334573 444637818.8 4570597.609 29786 
0.4329594898 432010225.6 4503841.298 27967 
0.4340855222 451891923.3 4671911.918 29552 
0.4352115547 405300833.9 4303454.563 27207 
0.4363375872 449824571.9 4639679.846 29267 
0.4374636197 391782835.8 4283756.353 25809 
0.4385896522 449253177.8 4600797.268 29169 
0.4397156847 421746147.6 4456766.071 28236 
0.4408417171 383748482.5 4234244.305 25172 
0.4419677496 420709032.7 4452727.645 27945 
0.4430937821 385717363.3 4241216.524 25340 
0.4442198146 408525277.6 4383552.929 27111 
0.4453458471 387754780 4325383.103 24912 
0.4464718796 372909771.3 4127339.649 25244 
0.447597912 374153809.3 4244164.219 24215 
0.4487239445 405837807.5 4340656.013 27214 
0.449849977 372094739.9 4200942.263 24325 
0.4509760095 367704139.2 4184499.67 23995 
0.452102042 341169642.7 4012687.674 22200 
0.4532280745 413622780.2 4448909.048 27241 
0.4543541069 348119906.1 4059275.23 22640 
0.4554801394 353645889.1 4068877.353 23378 
0.4566061719 361617556 4187294.029 23316 
0.4577322044 363934168.2 4097786.663 24366 
0.4588582369 339460108.4 4064520.611 21877 
0.4599842694 320643710.7 3862121.343 21205 
0.4611103018 370840433.2 4247454.006 23254 
0.4622363343 356585686.9 4078612.602 23634 
0.4633623668 331992368.4 3965237.098 21404 
0.4644883993 329483535.9 3980084.286 21079 
0.4656144318 313385946.3 3848085.272 20516 
0.4667404642 314887286.5 3861898.861 20304 
0.4678664967 352443398.1 4106999.275 22532 
0.4689925292 302270236.6 3793833.994 19623 
0.4701185617 346007785.3 4090934.963 22143 
0.4712445942 269208094 3553055.524 17620 
0.4723706267 339579957.7 4086333.553 21330 
0.4734966591 269499279.8 3538703.513 17830 
0.4746226916 346641809.3 4060306.965 22439 
0.4757487241 257165736.9 3527489.375 16666 
0.4768747566 325045790.9 3917249.544 21008 
0.4780007891 288342632.1 3737842.992 18570 
0.4791268216 263551561.2 3565723.182 16491 
0.480252854 314671161.6 3871634.255 20391 
0.4813788865 260825101.3 3544624.852 16578 
0.482504919 264569888.1 3526779.684 17288 
0.4836309515 294274599.4 3772172.561 18697 
0.484756984 272582276 3593970.961 17561 
0.4858830165 303275413.8 3834715.466 19626 
0.4870090489 244436907.6 3408415.68 15448 
0.4881350814 257486317.6 3511307.474 16448 
0.4892611139 242955540.5 3418338.979 15204 
0.4903871464 261953781 3520585.318 16677 
0.4915131789 264646363.9 3579116.832 16623 
0.4926392114 250169512.7 3451373.13 15666 
0.4937652438 255874506.4 3511105.998 16646 
0.4948912763 246621477.6 3471493.465 15539 
0.4960173088 238953368.2 3350721.486 15743 
0.4971433413 262380739.9 3580985.948 16627 
0.4982693738 212994607.5 3209531.89 13708 
0.4993954063 190700946 2983701.839 12396 
0.5005214387 246760768.1 3465369.309 15783 
0.5016474712 243668222.7 3434797.961 15517 
0.5027735037 211118980.9 3187305.938 13634 
0.5038995362 216141784 3208828.289 13517 
0.5050255687 233379725.6 3374693.223 14645 
0.5061516012 217549818.8 3241972.875 13517 
0.5072776336 189131820.3 2992801.66 12610 
0.5084036661 214786163.7 3226091.447 13673 
0.5095296986 209101147.8 3191491.633 13476 
0.5106557311 201427618 3105541.697 12838 
0.5117817636 183876316.7 3000062.737 11746 
0.5129077961 195216152.8 3046139.161 12577 
0.5140338285 183687462.7 2997026.719 11640 
0.515159861 211374511.2 3193427.776 13604 
0.5162858935 167898120 2860797.42 10609 
0.517411926 197291699.3 3074352.005 12735 
0.5185379585 181810965.6 2994800.72 11524 
0.519663991 179066304.2 2924837.92 11802 
0.5207900234 150933609.3 2746024.247 9457 
0.5219160559 201345290.8 3115184.411 12774 
0.5230420884 146802480.8 2666154.317 9433 
0.5241681209 169993042.4 2911987.418 10546 
0.5252941534 175985970.3 2873936.845 11658 
0.5264201859 136301735 2610227.234 8448 
0.5275462183 218232725.3 3248592.168 13986 
0.5286722508 116019518.2 2356546.537 7406 
0.5297982833 129252514.5 2494039.292 8603 
0.5309243158 199557861 3141489.754 12593 
0.5320503483 118866699.5 2413851.597 7552 
0.5331763808 131501709.9 2498428.637 8715 
0.5343024132 150832537.8 2694966.447 9584 
0.5354284457 146764823.6 2691251.955 9475 
0.5365544782 121780583.7 2425022.666 7601 
0.5376805107 131687544.3 2531493.233 8459 
0.5388065432 137097796.9 2582843.508 8877 
0.5399325757 130151166.3 2529222.501 8547 
0.5410586081 132350061.6 2510819.971 8744 
0.5421846406 102111676.8 2222079.064 6538 
0.5433106731 133639991.1 2589578.452 8611 
0.5444367056 117370347.5 2370861.086 7526 
0.5455627381 119633479.2 2400945.908 7900 
0.5466887705 99360954.45 2204318.562 6396 
0.547814803 132190449.5 2540046.152 8698 
0.5489408355 86330046.68 2056817.056 5370 
0.550066868 104263132 2265327.974 6474 
0.5511929005 128917677.1 2500850.6 8523 
0.552318933 82223738.53 1993610.499 5390 
0.5534449654 84724611.02 2045716.563 5422 
0.5545709979 92413085.39 2087659.102 6308 
0.5556970304 85602832.75 2051295.043 5472 
0.5568230629 99162495.7 2231898.923 6415 
0.5579490954 75505184.95 1904411.028 5173 
0.5590751279 82122286.89 2003664.55 5476 
0.5602011603 85501501.48 2023517.449 5472 
0.5613271928 79716332.37 1976453.6 5257 
0.5624532253 68979359.22 1843564.543 4521 
