0.0005630162416 0 0 0 
0.001689048725 0 0 0 
0.002815081208 0 0 0 
0.003941113691 0 0 0 
0.005067146174 0 0 0 
0.006193178657 0 0 0 
0.00731921114 0 0 0 
0.008445243623 0 0 0 
0.009571276106 0 0 0 
0.01069730859 0 0 0 
0.01182334107 0 0 0 
0.01294937356 0 0 0 
0.01407540604 0 0 0 
0.01520143852 0 0 0 
0.01632747101 0 0 0 
0.01745350349 0 0 0 
0.01857953597 0 0 0 
0.01970556845 0 0 0 
0.02083160094 280181.7955 49149.42479 39 
0.02195763342 3075709.045 172066.5181 377 
0.0230836659 6001855.76 250388.0327 771 
0.02420969839 9806504.37 337946.4 1276 
0.02533573087 12564603.79 398446.5624 1700 
0.02646176335 18229022.07 507294.1966 2422 
0.02758779584 21005463.9 571660.7504 2907 
0.02871382832 25353677.91 661209.7563 3483 
0.0298398608 29782212.06 751872.6419 4042 
0.03096589329 34483080.97 865750.5003 4554 
0.03209192577 39925494.4 975388.6403 5135 
0.03321795825 43448108 1058459.821 5642 
0.03434399073 51997840.54 1246544.504 6219 
0.03547002322 53888192.48 1302020.119 6610 
0.0365960557 62467942.62 1509378.392 7250 
0.03772208818 64545023.39 1583810.476 7556 
0.03884812067 70345499.52 1715902.815 8260 
0.03997415315 76726916.92 1905655.904 8700 
0.04110018563 78696256.93 1969759.292 9005 
0.04222621812 91846700.79 2294839.304 9515 
0.0433522506 91943439.37 2281506.996 10025 
0.04447828308 98188478.07 2481279.788 10496 
0.04560431557 103390479.6 2644525.896 10936 
0.04673034805 112857344.1 2833344.575 11418 
0.04785638053 116058759.2 2944784.974 12013 
0.04898241302 124847495.4 3305648.048 12213 
0.0501084455 128183628.8 3344156.041 12881 
0.05123447798 133944801.7 3431958.421 13653 
0.05236051046 145001718.3 3763063.214 13948 
0.05348654295 141491208 3699390.17 14248 
0.05461257543 161541194.6 4241187.727 14924 
0.05573860791 150548009.8 3933845.571 15192 
0.0568646404 167107731.3 4517559.61 15983 
0.05799067288 164377173.6 4274495.008 16236 
0.05911670536 172406864.6 4744399.916 16813 
0.06024273785 187185450 4843978.314 17239 
0.06136877033 187409265.1 4945800.263 17854 
0.06249480281 183836280.6 5024287.092 17984 
0.0636208353 198570236.6 5405414.066 18222 
0.06474686778 202296140.1 5483742.428 18961 
0.06587290026 204059831.2 5473869.496 19544 
0.06699893274 227399321.9 6147136.705 20057 
0.06812496523 218699056.3 5753659.318 20410 
0.06925099771 225809738 6119522.732 20889 
0.07037703019 226370677.3 6089952.14 21996 
0.07150306268 226742115.6 6370543.195 21080 
0.07262909516 236872708.5 6494468.468 22291 
0.07375512764 238600311.5 6490801.028 22369 
0.07488116013 230490216.1 6157905.923 23338 
0.07600719261 252714590.3 6954336.428 23755 
0.07713322509 243649799.9 6742145.308 23870 
0.07825925758 238207788.8 6600928.115 24539 
0.07938529006 255602161.9 7124812.393 25203 
0.08051132254 259633841.5 6954761.924 25614 
0.08163735503 266626334.1 7145957.867 26241 
0.08276338751 266280435.4 6925560.227 26243 
0.08388941999 263859134.6 6927380.383 26381 
0.08501545247 264939084.7 7031218.677 27597 
0.08614148496 271261381.6 6854758.507 27956 
0.08726751744 260052480.2 6532519.118 28000 
0.08839354992 257344710 6414142.345 28697 
0.08951958241 269250730.7 6801592.088 29022 
0.09064561489 262282798.4 6534699.394 29787 
0.09177164737 261861955.6 6358226.722 30181 
0.09289767986 255649262.6 6060063.283 29941 
0.09402371234 267881160.9 6364495.162 31802 
0.09514974482 270606070.9 6371638.907 31088 
0.09627577731 245443157.5 5632423.555 31913 
0.09740180979 267042142.8 6256229.606 32615 
0.09852784227 260987017.8 6032808.135 32580 
0.09965387476 267768031.3 6221215.505 33108 
0.1007799072 251380733.9 5781645.323 33818 
0.1019059397 267181612.2 6128479.96 34166 
0.1030319722 253301037.3 5623187.621 34732 
0.1041580047 257805023.8 5885186.755 35839 
0.1052840372 272072575.1 6169244.215 34645 
0.1064100697 265748128.2 5536111.726 36280 
0.1075361021 259145919.3 5713667.148 36235 
0.1086621346 261277224.6 5610603.693 36764 
0.1097881671 257379354.6 5495792.07 37075 
0.1109141996 253317301.4 5331172.902 37782 
0.1120402321 261669378.9 5535368.906 38396 
0.1131662646 265119934.4 5674530.169 38366 
0.114292297 273951331.6 5703431.016 39154 
0.1154183295 265952342 5554999.896 39206 
0.116544362 266457631.1 5413167.019 40023 
0.1176703945 254020243.2 5075638.135 40430 
0.118796427 267500385.1 5414125.411 41091 
0.1199224595 274008519.5 5488720.246 41061 
0.1210484919 252468868.6 4989979.209 41863 
0.1221745244 268506140.2 5366536.041 42408 
0.1233005569 258287488.5 5061618.991 42907 
0.1244265894 258366818 5070434.166 42581 
0.1255526219 262010075.9 5143435.937 43776 
0.1266786543 263858063.1 5126957.078 44281 
0.1278046868 283876095.1 5458389.994 45612 
0.1289307193 249032147.8 4871183.146 44135 
0.1300567518 264157970.8 4912082.662 46149 
0.1311827843 269447858.2 5279760.803 45833 
0.1323088168 262013625.8 4865417.767 46400 
0.1334348492 259854294.4 4904348.119 46368 
0.1345608817 275551510.9 5134903.473 48178 
0.1356869142 259627963 5007156.071 46199 
0.1368129467 261786360 4780896.007 48425 
0.1379389792 270603796 4887281.372 51375 
0.1390650117 264493194.9 4859663.291 48347 
0.1401910441 257019680.1 4781007.77 48288 
0.1413170766 277202550.6 4611791.793 51988 
0.1424431091 220782118.5 4092901.363 49153 
0.1435691416 308784507.9 5545396.726 51803 
0.1446951741 247512149 4342871.446 51545 
0.1458212066 251899815.6 4364594.86 51881 
0.146947239 267823832.5 4669486.829 53377 
0.1480732715 255131684 4451020.52 52676 
0.149199304 273523354.7 4747698.509 54273 
0.1503253365 262213145.6 4583641.289 53289 
0.151451369 264729738.2 4500764.293 54196 
0.1525774015 260789214.6 4494547.599 54286 
0.1537034339 264758239.7 4517284.868 54184 
0.1548294664 267021945.1 4421975.868 54917 
0.1559554989 272737736 4575925.458 54733 
0.1570815314 264851830.5 4484164.256 54024 
0.1582075639 263837243.3 4425919.449 55128 
0.1593335964 260538999.8 4355062.831 53120 
0.1604596288 252705858.8 4196698.257 53940 
0.1615856613 260146672.6 4334205.906 52503 
0.1627116938 254034734.3 4172898.207 53807 
0.1638377263 260289722.1 4391259.7 53586 
0.1649637588 256624048.3 4212771.831 52606 
0.1660897913 249042097.1 4120163.976 51825 
0.1672158237 273661211.2 4417766.511 53456 
0.1683418562 253723454.2 4200462.364 51110 
0.1694678887 280387457.9 4462700.942 52587 
0.1705939212 232324812.8 3816909.363 50145 
0.1717199537 255292456.2 4165773.532 50325 
0.1728459862 253745830.8 4140096.96 50815 
0.1739720186 260204584.3 4294806.766 49622 
0.1750980511 262537749.8 4300152.24 49933 
0.1762240836 251924244.2 4125564.8 49247 
0.1773501161 252570872.4 4061174.434 48494 
0.1784761486 265953482.8 4228125.794 48792 
0.1796021811 248424896.8 4087056.631 47547 
0.1807282135 261458129.7 4193686.294 48145 
0.181854246 257798583.6 4188526.325 46703 
0.1829802785 247045068.1 3969657.528 46852 
0.184106311 241673069.8 3910550.713 45664 
0.1852323435 243561355.6 3853766.597 45564 
0.186358376 249513039.1 4040145.98 45329 
0.1874844084 248400779.5 3923641.885 45095 
0.1886104409 248997333.9 3915048.683 44544 
0.1897364734 255668185.5 4042024.958 44593 
0.1908625059 247000749.4 3940379.811 42658 
0.1919885384 252135342 3943438.947 43314 
0.1931145709 242856895.7 3851782.697 42824 
0.1942406033 242360380.7 3786529.509 41440 
0.1953666358 248782426.6 3911905.955 41712 
0.1964926683 238055181.2 3726683.821 41165 
0.1976187008 254743410.5 4008174.05 41171 
0.1987447333 237943406.4 3721372.17 39185 
0.1998707658 252062667.3 3869944.661 43862 
0.2009967982 240117488.4 3811097.649 37722 
0.2021228307 246943399.7 3832847.343 39004 
0.2032488632 244373323.7 3787757.642 38540 
0.2043748957 231574248.7 3552389.745 38281 
0.2055009282 225609925.7 3731942.768 34584 
0.2066269607 260234613.7 3954157.805 39165 
0.2077529931 227830825.2 3679726.013 35709 
0.2088790256 259745786.2 3737082.111 38368 
0.2100050581 217681872.4 3463260.33 34938 
0.2111310906 236225897.6 3757231.947 35620 
0.2122571231 246363696.7 3850432.933 35139 
0.2133831555 239778439 3691792.668 34773 
0.214509188 241611159.6 3692031.726 34675 
0.2156352205 226315080.5 3415271.737 33571 
0.216761253 224570538.5 3417847.288 33597 
0.2178872855 235510225.9 3657318.48 33230 
0.219013318 239721832.5 3708228.532 33695 
0.2201393504 240151149.9 3685941.537 31942 
0.2212653829 228100460.3 3468983.557 32318 
0.2223914154 229234387.4 3534255.71 31878 
0.2235174479 240989616 3698156.718 31392 
0.2246434804 225742719.7 3475280.662 31170 
0.2257695129 238033764.2 3623099.017 31575 
0.2268955453 229763661.9 3593929.074 29817 
0.2280215778 226708320.9 3437460.677 30497 
0.2291476103 239669112.2 3703736.715 30571 
0.2302736428 221533238.9 3455125.196 28802 
0.2313996753 231065307.6 3542839.137 28771 
0.2325257078 221332829.5 3435097.562 28820 
0.2336517402 227400125 3445127.389 29136 
0.2347777727 235297756.8 3551134.616 28636 
0.2359038052 222138452.5 3445050.478 27839 
0.2370298377 222023076.9 3429311.397 27111 
0.2381558702 226023381.2 3429496.646 27976 
0.2392819027 216460905.3 3314989.93 27160 
0.2404079351 235513399.7 3641908.262 27637 
0.2415339676 216304392.7 3342468.425 26002 
0.2426600001 225875529.9 3414105.505 26402 
0.2437860326 216736221.7 3312042.359 25764 
0.2449120651 210324325.9 3244700.62 25635 
0.2460380976 224813482.7 3380346.197 26502 
0.24716413 213125577.8 3321486.594 24539 
0.2482901625 216348708.1 3293662.436 25689 
0.249416195 219690994.6 3358851.323 24909 
0.2505422275 208984879 3316367.017 24104 
0.25166826 206139731.9 3201863.015 24387 
0.2527942925 229815335.5 3475662.063 24940 
0.2539203249 209107902.8 3248930.441 23464 
0.2550463574 212248519.7 3280636.854 23641 
0.2561723899 205206752.9 3212259.059 23452 
0.2572984224 215107348.9 3288925.796 23511 
0.2584244549 211766073.2 3279353.893 22737 
0.2595504874 217966066.4 3372719.88 22775 
0.2606765198 200060976.5 3149525.114 22184 
0.2618025523 215507680.5 3337515.331 22156 
0.2629285848 204808535.5 3208938.233 22380 
0.2640546173 212645455.1 3333889.294 22519 
0.2651806498 197315397.3 3112340.921 20328 
0.2663066823 209618493.7 3246901.968 22050 
0.2674327147 198191867.1 3154984.036 20485 
0.2685587472 206923157.9 3099254.398 22302 
0.2696847797 200226746.4 3196264.67 19975 
0.2708108122 200686110.6 3165491.326 20461 
0.2719368447 203666980.7 3192068.3 20910 
0.2730628772 199435068.7 3160533.003 19933 
0.2741889096 196565405 3047202.146 20744 
0.2753149421 201722199 3119839.789 19938 
0.2764409746 206357157.1 3146641.529 20240 
0.2775670071 183616059.3 2988481.065 19169 
0.2786930396 201200192.6 3113340.056 19864 
0.2798190721 168677336.3 2733544.878 18232 
0.2809451045 236023092.5 3598467.183 20178 
0.282071137 172936116.1 2754993.678 18267 
0.2831971695 197430048.2 3072569.219 18821 
0.284323202 191053592.8 3008795.781 18667 
0.2854492345 202527386 3156716.941 18770 
0.286575267 196738236.9 3136800.964 18337 
0.2877012994 182407072.7 2946316.607 17662 
0.2888273319 191079870.6 3043614.098 17893 
0.2899533644 188063710.3 2955644.696 17795 
0.2910793969 181235982.7 2918666.856 17259 
0.2922054294 198413538.9 3144847.045 18071 
0.2933314618 174716097.3 2831744.458 16810 
0.2944574943 194385743.6 3147079.073 17376 
0.2955835268 185230974.2 2993174.296 16739 
0.2967095593 184287355.6 2914644.244 17773 
0.2978355918 181452005 2972077.53 16328 
0.2989616243 175214055.9 2880631.201 16033 
0.3000876567 187907609.3 3037060.685 16528 
0.3012136892 182396924.4 2955926.532 16357 
0.3023397217 179949665.9 2954819.015 15766 
0.3034657542 179593209.2 2982083.08 15757 
0.3045917867 184002122.4 2941855.907 16229 
0.3057178192 174460047.8 2879621.644 15500 
0.3068438516 174267264.3 2789771.766 15757 
0.3079698841 173421430.6 2878967.592 15202 
0.3090959166 169233289.6 2805073.99 15113 
0.3102219491 173952567.2 2936352.43 14774 
0.3113479816 173695690.6 2847611.54 15033 
0.3124740141 172183234.5 2834764.565 14702 
0.3136000465 174963541.4 2946826.657 14695 
0.314726079 181788979.9 2980886.506 15046 
0.3158521115 166177293.6 2715462.979 14481 
0.316978144 169686265.4 2851941.597 14310 
0.3181041765 170388122.6 2835230.021 14429 
0.319230209 163884538.3 2787526.854 13658 
0.3203562414 175192236.3 2868404.043 14858 
0.3214822739 161437259.4 2763034.153 13208 
0.3226083064 166271479.8 2823273.242 13799 
0.3237343389 158791429.6 2760748.705 13318 
0.3248603714 161127894.9 2706543.541 13441 
0.3259864039 167633409.3 2864921.508 13460 
0.3271124363 162433082 2784669.391 13121 
0.3282384688 167739430.5 2872107.987 13251 
0.3293645013 162138289.7 2725629.178 13399 
0.3304905338 154314633.6 2686345.969 12385 
0.3316165663 162567371.1 2816884.475 12746 
0.3327425988 160439804.4 2751656.355 12845 
0.3338686312 153861359.9 2669973.649 12614 
0.3349946637 156671648.5 2720663.867 12511 
0.3361206962 155966875.8 2708848.687 12258 
0.3372467287 156207875.5 2728553.736 12018 
0.3383727612 161053443 2764424.681 12335 
0.3394987937 153419736.5 2704365.378 11736 
0.3406248261 157253706.9 2755422.943 11953 
0.3417508586 146978174.4 2589415.175 11688 
0.3428768911 156705020.9 2756436.905 11822 
0.3440029236 150178472.2 2649996.268 11283 
0.3451289561 149360345.4 2679455.08 11477 
0.3462549886 144240681.8 2563733.539 11275 
0.347381021 145440963.1 2619383.589 10986 
0.3485070535 152115532.6 2682704.507 11610 
0.349633086 144925574.3 2602637.975 11289 
0.3507591185 146333846 2601311.628 11046 
0.351885151 143119833.9 2614330.838 10750 
0.3530111835 141251604.9 2575662.368 10570 
0.3541372159 149762755.5 2695431.075 10790 
0.3552632484 133435082.8 2451634.876 10565 
0.3563892809 144465933.5 2606367.006 10813 
0.3575153134 140342632.2 2595637.046 10229 
0.3586413459 139906873.8 2542249.314 10290 
0.3597673784 136339269.7 2577347.513 10087 
0.3608934108 142635607.3 2601224.434 10310 
0.3620194433 128638970.8 2419673.098 9966 
0.3631454758 135983281.3 2563721.663 9835 
0.3642715083 128769687.8 2435949.237 9605 
0.3653975408 136921255.2 2545678.673 10188 
0.3665235733 137182026.9 2547746.509 9807 
0.3676496057 125305652.9 2413269.857 9282 
0.3687756382 125202942.4 2418698.588 9448 
0.3699016707 136168310.5 2511802.86 9963 
0.3710277032 130704042.8 2510342.71 9150 
0.3721537357 131583789.3 2525469.343 9077 
0.3732797682 122152533 2378110.973 9046 
0.3744058006 132518418.5 2472772.302 9902 
0.3755318331 120494819.9 2385085.2 8199 
0.3766578656 129538408.1 2501366.548 9052 
0.3777838981 127175764.2 2430998.973 9151 
0.3789099306 125271928.8 2474445.671 8715 
0.380035963 120085451.7 2425792.565 8365 
0.3811619955 123255980.1 2358721.537 9061 
0.382288028 128632560.9 2464928.752 8936 
0.3834140605 115538367.3 2332594.97 7940 
0.384540093 119342796.5 2386123.565 8410 
0.3856661255 128202499.7 2426320.743 9255 
0.3867921579 103971713.3 2236051.505 6988 
0.3879181904 122038801.4 2439698.09 8710 
0.3890442229 121461843 2353662.251 8726 
0.3901702554 104289258.2 2304630.097 6743 
0.3912962879 127286822.1 2406450.287 9230 
0.3924223204 105125204.1 2230086.666 6983 
0.3935483528 109083349 2341408.36 7614 
0.3946743853 129668242.2 2328899.463 9961 
0.3958004178 80983618.91 2154691.245 4392 
0.3969264503 134503185.8 2437696.91 9717 
0.3980524828 116877659.3 2318991.542 7909 
0.3991785153 92621949.85 2230276.171 5801 
0.4003045477 156671208.1 2563090.1 11576 
0.4014305802 41417637.47 1717087.203 1857 
0.4025566127 168615507 2726560.831 12020 
0.4036826452 36200982.85 1323547.793 2797 
0.4048086777 181260312.1 3013394.679 11120 
0.4059347102 36474002.65 1018417.586 3566 
0.4070607426 177144974 3057343.936 10530 
0.4081867751 45663834.15 1187740.316 3987 
0.4093128076 168277843.7 2978615.737 10342 
0.4104388401 41238789.91 1169831.316 3568 
0.4115648726 107739281.3 2169769.553 7275 
0.4126909051 109889931.5 2442980.75 6671 
0.4138169375 87566731.49 1890034.535 6369 
0.41494297 127235301.4 2605441.552 7785 
0.4160690025 73137985.52 1717474.289 5236 
0.417195035 129309057.2 2578914.989 7916 
0.4183210675 76127196.29 1865951.588 5191 
0.4194471 102790320.3 2169346.663 7003 
0.4205731324 102878283.9 2292267.191 6275 
0.4216991649 92586411.08 2016987.951 6384 
0.4228251974 105854600.6 2330130.782 6536 
0.4239512299 78189731.71 1850872.583 5627 
0.4250772624 98256708.2 2202699.831 6192 
0.4262032949 94691357.9 2183874.475 5793 
0.4273293273 95297667.61 2088136.938 6205 
0.4284553598 93910190.52 2175468.707 6000 
0.4295813923 86150383.08 1980874.644 5873 
0.4307074248 86813949.62 2070719.469 5502 
0.4318334573 91393799.38 2092080.418 5940 
0.4329594898 84542408.77 2006125.288 5459 
0.4340855222 86888293.89 2063805.259 5775 
0.4352115547 80673244.95 1935236.741 5389 
0.4363375872 87440652.9 2084844.857 5579 
0.4374636197 74679280.37 1895027.424 5047 
0.4385896522 90179293.03 2100387.853 5690 
0.4397156847 81545593.02 1966559.318 5495 
0.4408417171 74918921.1 1890410.446 4883 
0.4419677496 86678873.45 2033758.027 5563 
0.4430937821 80095903.47 1968320.423 5008 
0.4442198146 83624824.85 2013569.928 5451 
0.4453458471 78028641 1968321.859 4855 
0.4464718796 75799603.08 1884613.12 4961 
0.447597912 75744765.49 1928917.801 4679 
0.4487239445 80968431.17 1949266.276 5359 
0.449849977 79225157.58 1959906.571 4802 
0.4509760095 76412283.5 1933569.101 4744 
0.452102042 74246692.36 1898697.987 4569 
0.4532280745 81300174.75 1987431.585 5242 
0.4543541069 71115261.31 1858473.846 4478 
0.4554801394 72816883.69 1866193.454 4695 
0.4566061719 73304832.94 1908695.258 4634 
0.4577322044 71159630.3 1817363.827 4857 
0.4588582369 69831118.12 1862881.938 4328 
0.4599842694 69078577.62 1830055.232 4250 
0.4611103018 70407733.97 1859038.609 4513 
0.4622363343 72804069.94 1886145.77 4572 
0.4633623668 64354132 1763565.225 4206 
0.4644883993 72636326.51 1893162.16 4311 
0.4656144318 62241786.5 1731028.855 4117 
0.4667404642 63531899.69 1755563.912 3988 
0.4678664967 66868624.38 1795765.023 4378 
0.4689925292 60616611.51 1711610.216 3842 
0.4701185617 69257892.03 1851820.5 4393 
0.4712445942 55131192.51 1609438.328 3489 
0.4723706267 65877051.02 1819057.801 4020 
0.4734966591 57107228.41 1643598.315 3501 
0.4746226916 69377885.83 1832593.118 4479 
0.4757487241 52409520.24 1592008.55 3402 
0.4768747566 63279656.03 1752978.341 4116 
0.4780007891 60273926.34 1712964.535 3712 
0.4791268216 52967508.36 1611386.227 3214 
0.480252854 67641866.52 1799595.359 4112 
0.4813788865 50543006.54 1568373.044 3228 
0.482504919 56363503.26 1655133.811 3467 
0.4836309515 57812515.04 1697987.951 3567 
0.484756984 52864463.46 1591544.041 3423 
0.4858830165 62612876.8 1765683.004 3862 
0.4870090489 47514461.66 1498763.081 3073 
0.4881350814 52454108.04 1599829.856 3221 
0.4892611139 49016883.62 1541186.441 3071 
0.4903871464 51756007.95 1577856.026 3297 
0.4915131789 53811699.18 1637432.656 3299 
0.4926392114 48219774.11 1533268.402 3017 
0.4937652438 53524904.67 1633035.995 3255 
0.4948912763 50250044.65 1584086.763 3080 
0.4960173088 51001023.77 1581386.77 3117 
0.4971433413 53123682.54 1629798.903 3238 
0.4982693738 42504330.91 1440009.56 2687 
0.4993954063 39355497.4 1390848.675 2392 
0.5005214387 49507880.93 1573363.145 3011 
0.5016474712 47123945.38 1535154.896 3101 
0.5027735037 43622587.71 1476775.205 2702 
0.5038995362 41153225.41 1423308.003 2704 
0.5050255687 49451139.57 1585163.242 2943 
0.5061516012 42894413.13 1464704.36 2696 
0.5072776336 40356371.18 1400412.731 2557 
0.5084036661 44454268.49 1483702.386 2720 
0.5095296986 45734912.11 1522246.502 2682 
0.5106557311 40910250.37 1406614.866 2588 
0.5117817636 38591568.5 1394370.501 2300 
0.5129077961 39832579.74 1402090.202 2440 
0.5140338285 37872327.75 1379836.884 2313 
0.515159861 42703721.23 1432769.831 2647 
0.5162858935 32888032.25 1275091.955 2055 
0.517411926 41809595.63 1417353.344 2678 
0.5185379585 38433028.58 1401766.234 2336 
0.519663991 34822023.09 1297901.446 2270 
0.5207900234 30161677.14 1234337.83 1849 
0.5219160559 38865276.86 1400202.088 2469 
0.5230420884 29522579.67 1223876.559 1856 
0.5241681209 32971474.21 1279063.518 2057 
0.5252941534 34839770.81 1293804.977 2286 
0.5264201859 27323384.14 1179394.712 1681 
0.5275462183 43706447.4 1475384.218 2709 
0.5286722508 23998334.34 1096465.725 1482 
0.5297982833 28307319.82 1191401.17 1704 
0.5309243158 39159047.99 1405013.263 2523 
0.5320503483 22067229.45 1043222.613 1467 
0.5331763808 28450970.84 1187511.429 1730 
0.5343024132 29398191.46 1196900.53 1885 
0.5354284457 31812714.66 1272633.572 1859 
0.5365544782 23760790.76 1085768.078 1510 
0.5376805107 28263014.74 1206646.492 1729 
0.5388065432 27151055.05 1169940.749 1677 
0.5399325757 24653520.88 1105801.399 1622 
0.5410586081 26010901.23 1120950.216 1643 
0.5421846406 19143215.52 946688.1116 1256 
0.5433106731 27406536.37 1182402.749 1618 
0.5444367056 23567138.37 1064801.274 1470 
0.5455627381 22458435.75 1059827.841 1476 
0.5466887705 19327247.68 981391.634 1241 
0.547814803 26292115.75 1142115.343 1637 
0.5489408355 17967845.99 935269.828 1128 
0.550066868 17851314.34 958750.1354 1217 
0.5511929005 27075380.33 1150700.772 1633 
0.552318933 16390550.25 895242.1373 1121 
0.5534449654 17918298.54 948488.273 1076 
0.5545709979 19472592.73 966981.6539 1245 
0.5556970304 14359990.35 842775.977 1032 
0.5568230629 19844350.23 995643.7896 1226 
0.5579490954 15233151.12 875366.4938 1019 
0.5590751279 18759728.03 984326.196 1137 
0.5602011603 16594016.61 899780.8207 1065 
0.5613271928 17058138.24 929292.73 1051 
0.5624532253 10963896.33 733437.8127 844 
