0.000338237543 0 0 0 
0.001014712629 0 0 0 
0.001691187715 0 0 0 
0.002367662801 0 0 0 
0.003044137887 0 0 0 
0.003720612973 0 0 0 
0.004397088059 0 0 0 
0.005073563145 0 0 0 
0.005750038231 0 0 0 
0.006426513317 0 0 0 
0.007102988403 0 0 0 
0.007779463489 0 0 0 
0.008455938575 0 0 0 
0.009132413661 0 0 0 
0.009808888747 0 0 0 
0.01048536383 231661.5352 46800.15447 29 
0.01116183892 1698143.276 131223.7719 204 
0.011838314 3470695.121 193339.1883 443 
0.01251478909 5417526.513 261456.358 661 
0.01319126418 7607991.638 325076.5677 1006 
0.01386773926 9879456.472 388209.1257 1287 
0.01454421435 12644276.29 476960.3385 1619 
0.01522068943 15017255.51 547860.2532 1964 
0.01589716452 17279271.01 639158.2244 2179 
0.01657363961 19719759.74 704644.003 2471 
0.01725011469 23402229.86 836732.6704 2765 
0.01792658978 25648579.51 898479.683 3111 
0.01860306486 28229938.42 1016442.378 3314 
0.01927953995 33627211.03 1206019.049 3569 
0.01995601504 33946025.17 1242869.892 3833 
0.02063249012 36774450.59 1364037.631 4070 
0.02130896521 40552890.34 1448672.861 4422 
0.02198544029 43560576.99 1646516.364 4764 
0.02266191538 52343251.77 1940184.764 4921 
0.02333839047 51790258.38 1926841.612 5206 
0.02401486555 55639069.45 2070452.927 5509 
0.02469134064 60563991.65 2244345.708 5913 
0.02536781572 63767618.68 2418233.195 6109 
0.02604429081 63110973.84 2405877.159 6420 
0.0267207659 67808914.57 2644819.349 6447 
0.02739724098 66809944 2518598.764 6792 
0.02807371607 73352859.43 2753101.778 7207 
0.02875019115 79037307.25 3058352.992 7489 
0.02942666624 83225648.92 3150137.751 7519 
0.03010314133 86663986.2 3437208.136 7837 
0.03077961641 89789495.35 3493895.254 8178 
0.0314560915 82308143.96 3181697.707 8303 
0.03213256658 97237461.21 3774966.6 8624 
0.03280904167 99625767.3 3919651.992 8816 
0.03348551676 93404705.64 3724642.5 8930 
0.03416199184 102437329.1 4094698.495 9356 
0.03483846693 100306568.3 4044396.978 9628 
0.03551494201 104489055.1 4163655.013 9800 
0.0361914171 102144329.1 3915881.862 10231 
0.03686789219 109764878.9 4267734.684 10467 
0.03754436727 117717778.5 4612883.019 10769 
0.03822084236 111535507.1 4244932.472 10955 
0.03889731744 110519996.4 4372320.103 11142 
0.03957379253 114832484.2 4517187.748 11566 
0.04025026762 122851545.6 4738196.713 11646 
0.0409267427 127890701.6 4938288.249 11885 
0.04160321779 118029881.8 4770748.564 11888 
0.04227969287 126628290.9 4870579.977 12375 
0.04295616796 123817022.5 4917499.232 12730 
0.04363264305 121993770.8 5132008.18 12876 
0.04430911813 132254191.7 5003747.763 13247 
0.04498559322 131833213.9 4886199.346 13460 
0.0456620683 143214607.8 5485948.557 13635 
0.04633854339 129975563.8 4889406.408 14073 
0.04701501848 124794710.7 4405068.383 14059 
0.04769149356 135202211 4835526.025 14575 
0.04836796865 130654824.4 4778130.112 14566 
0.04904444373 132861201.7 4758654.488 14927 
0.04972091882 123017945.2 4359445.48 14865 
0.05039739391 128696522.4 4508330.546 15381 
0.05107386899 133477537.5 4707425.347 15565 
0.05175034408 131372784.1 4899695.959 16068 
0.05242681916 134263939.4 4740930.845 16154 
0.05310329425 129259141.6 4468472.008 16589 
0.05377976934 125861593.2 4167726.889 16557 
0.05445624442 124345911 3993876.48 17058 
0.05513271951 135555160.9 4372176.299 17187 
0.05580919459 128067830.1 4226670.174 17506 
0.05648566968 133521649.6 4458264.778 17636 
0.05716214477 128511162.6 4117732.677 17843 
0.05783861985 129538762.5 4195905.07 17824 
0.05851509494 127238351.4 3986022.692 18406 
0.05919157002 135458915.2 4149460.311 18693 
0.05986804511 132656185.8 4255229.475 18722 
0.0605445202 133147280.4 4124478.926 19329 
0.06122099528 134334634.2 4234815.482 19225 
0.06189747037 134693568.3 4150089.263 19516 
0.06257394545 133875280.3 4221329.47 19291 
0.06325042054 125411624.5 3708155.796 20732 
0.06392689563 135854678.7 4117322.464 20464 
0.06460337071 130945019.3 3862332.11 20461 
0.0652798458 130326800.3 3863708.94 21088 
0.06595632088 127033845.2 3645755.282 21002 
0.06663279597 122028168.9 3595302.482 21238 
0.06730927106 138087707.6 4158590.604 21404 
0.06798574614 130619803.1 3814016.975 21726 
0.06866222123 130005975.1 3526320.713 22074 
0.06933869631 124597293.8 3521698.786 22210 
0.0700151714 126392870.9 3464994.988 22633 
0.07069164649 128341065 3514363.803 22785 
0.07136812157 125734243.8 3337675.356 23389 
0.07204459666 117736842.7 3292121.414 22496 
0.07272107174 140218889.4 3776936.544 23829 
0.07339754683 121332734.5 3204880.38 23598 
0.07407402192 133216310.1 3688175.051 24060 
0.074750497 133540865.1 3533411.425 24439 
0.07542697209 129491259.8 3403282.003 24966 
0.07610344717 125030929.3 3396371.867 24698 
0.07677992226 123301081.5 3128772.023 25136 
0.07745639735 133644503.1 3448928.635 25548 
0.07813287243 124615293.5 3161448.313 25530 
0.07880934752 139779246 3616565.048 25635 
0.0794858226 128735023.5 3333216.426 25509 
0.08016229769 131097220.9 3442452.038 25916 
0.08083877278 123868405.5 3198321.411 25426 
0.08151524786 128427706.8 3323503.374 25391 
0.08219172295 132431032.6 3365949.54 25311 
0.08286819803 127609982.3 3184515.639 25834 
0.08354467312 135495336.9 3456684.555 25590 
0.08422114821 126969415.9 3300642.869 23807 
0.08489762329 128479109.1 3167486.649 24653 
0.08557409838 134545263.3 3428528.598 25026 
0.08625057346 129726531.1 3136132.925 24933 
0.08692704855 128585613.7 3230816.949 24367 
0.08760352364 132807927.5 3396835.395 24280 
0.08827999872 129882078.8 3170890.843 24391 
0.08895647381 119089397.8 2973463.284 23945 
0.08963294889 124823853.4 3081227.555 23688 
0.09030942398 128812754 3171813.781 23321 
0.09098589907 127139160.2 3032305.223 23301 
0.09166237415 129893511.8 3064099.879 23406 
0.09233884924 125846491.2 3103429.495 22923 
0.09301532432 125962956.5 3089615.699 22846 
0.09369179941 125837568.3 2993096.749 22261 
0.0943682745 123075184.4 2996068.376 22119 
0.09504474958 129077112.8 3116419.003 21917 
0.09572122467 123525508.9 2971575.895 21491 
0.09639769975 131002100.1 3136427.116 21928 
0.09707417484 131265307.1 3142278.583 21293 
0.09775064993 121710902 2957079.665 21203 
0.09842712501 123620482.4 2839018.999 21171 
0.0991036001 123957167.7 2928322.432 20737 
0.09978007518 120385473.5 2803694.641 19888 
0.1004565503 117869409.9 2852348.811 20146 
0.1011330254 122202896.8 2898986.457 19820 
0.1018095004 122581063.1 2879138.981 19440 
0.1024859755 118262963.7 2747860.55 19470 
0.1031624506 118200948.9 2753598.067 18960 
0.1038389257 122229464.8 2884235.209 18957 
0.1045154008 118406282.9 2725401.005 18760 
0.1051918759 121706899.5 2844206.017 18523 
0.105868351 124451561.7 2931237.742 18115 
0.106544826 115386964.6 2699196.108 17740 
0.1072213011 121307483.9 2822074.69 17651 
0.1078977762 118839117.4 2897684.192 17089 
0.1085742513 117126877.2 2716427.827 17125 
0.1092507264 119437910.2 2786186.533 16925 
0.1099272015 124770927.5 2935783.9 16767 
0.1106036766 117986278 2786744.188 16610 
0.1112801516 114886589.3 2748440.595 16375 
0.1119566267 114861216.9 2655226.863 16280 
0.1126331018 121039853.4 2821676.121 16080 
0.1133095769 119391002.6 2792983.145 15685 
0.113986052 114416570.4 2628164.949 15391 
0.1146625271 118351830 2722604.748 15571 
0.1153390022 114866180.7 2648066.899 14999 
0.1160154772 114995523.3 2598011.972 14902 
0.1166919523 110021357.2 2594066.506 14629 
0.1173684274 111738607.9 2608774.584 14394 
0.1180449025 111659891.8 2598421.45 14181 
0.1187213776 111066499.7 2578119.464 14367 
0.1193978527 108789521.9 2514605.169 13938 
0.1200743278 110702600 2566771.474 13610 
0.1207508028 114742822.1 2685362.775 13849 
0.1214272779 116517269.1 2727950.726 13233 
0.122103753 110423388.1 2546277.568 13317 
0.1227802281 115939345.2 2638555.467 13416 
0.1234567032 108733407.9 2564340.973 12414 
0.1241331783 108542127.1 2493157.824 12281 
0.1248096534 107628376.8 2485429.357 12901 
0.1254861285 114559918.7 2508116.144 13398 
0.1261626035 103579878 2440982.68 12344 
0.1268390786 118393095.2 2665921.965 12688 
0.1275155537 111139668.1 2543827.808 12387 
0.1281920288 110469568.8 2610869.255 12008 
0.1288685039 113861529.5 2638235.549 11989 
0.129544979 105722403.4 2410843.225 11741 
0.1302214541 107038629.5 2499725.791 11560 
0.1308979291 104411214.9 2400354.643 11527 
0.1315744042 109433900.9 2521535.539 11477 
0.1322508793 103323921.6 2443107.003 11014 
0.1329273544 105696343.3 2427400.071 11089 
0.1336038295 105871909.4 2482478.257 11057 
0.1342803046 104013586.9 2434373.321 10901 
0.1349567797 105962675.7 2465463.284 10839 
0.1356332547 102040108 2386847.165 10536 
0.1363097298 105282116.4 2496714.198 10415 
0.1369862049 100501372.1 2332613.396 10468 
0.13766268 107440126.1 2471456.402 10363 
0.1383391551 105719307.2 2448005.373 10189 
0.1390156302 102185543.9 2383494.656 10158 
0.1396921053 100566490.2 2356890.673 9940 
0.1403685803 102096479.7 2317355.776 10117 
0.1410450554 100277298.7 2349015.143 9703 
0.1417215305 99381315.5 2360025.352 9593 
0.1423980056 98007262.44 2289372.517 9687 
0.1430744807 98905579.59 2307481.842 9146 
0.1437509558 101688792.1 2385674.688 9565 
0.1444274309 104323153.9 2401652.539 9414 
0.1451039059 97810595.79 2248654.908 9192 
0.145780381 100566000.5 2336294.664 9151 
0.1464568561 96088479.5 2341006.867 8972 
0.1471333312 100324042 2316891.291 9011 
0.1478098063 92060658.39 2231163.741 8646 
0.1484862814 90885677.15 2187452.406 8434 
0.1491627565 99384276.89 2385808.579 8481 
0.1498392315 96615143.4 2291743.263 8540 
0.1505157066 103342176 2338314.849 9249 
0.1511921817 83623749.45 2073923.665 7793 
0.1518686568 100712002.7 2397580.265 8400 
0.1525451319 95008670.96 2244014.86 8277 
0.153221607 95782708.11 2271280.357 8161 
0.1538980821 90783714.44 2225311.102 7794 
0.1545745571 97082566.2 2293453.734 8219 
0.1552510322 92680392.96 2231329.578 7830 
0.1559275073 94572820.57 2277185.751 7831 
0.1566039824 91881346.72 2204920.479 7849 
0.1572804575 91086245.94 2240439.625 7606 
0.1579569326 89085803.71 2176263.755 7466 
0.1586334077 89089760.07 2160112.81 7486 
0.1593098828 90976306.07 2188340.313 7589 
0.1599863578 87922257.92 2147065.257 7351 
0.1606628329 87883905.04 2142088.863 7293 
0.161339308 86517301.05 2126622.198 7123 
0.1620157831 87833164.24 2137778.174 7293 
0.1626922582 88697187.91 2128896.296 7114 
0.1633687333 86175730.25 2168584.86 7005 
0.1640452084 84029272.04 2100438.677 6803 
0.1647216834 84611085.21 2109154.671 6902 
0.1653981585 88257775.06 2101297.168 7586 
0.1660746336 85496044.3 2186955.927 6128 
0.1667511087 81519389.45 2056062.32 6567 
0.1674275838 93785200.67 2253010.148 7102 
0.1681040589 74439788.44 1936907.86 6292 
0.168780534 87219098.37 2174213.823 6409 
0.169457009 82553450.9 2112604.748 6502 
0.1701334841 85862176.67 2098644.717 6607 
0.1708099592 80994311.34 2030362.189 6285 
0.1714864343 79741533.39 2077833.686 6337 
0.1721629094 79989078.44 2008241.54 6300 
0.1728393845 79632600.57 2067555.624 6123 
0.1735158596 79120333.17 2020471.533 6054 
0.1741923346 82148504.58 2062184.093 6115 
0.1748688097 80718759.91 2092852.442 6032 
0.1755452848 74333571.61 1960777.048 5822 
0.1762217599 80158757.68 2091711.284 5808 
0.176898235 79020862.67 2006403.696 6153 
0.1775747101 77638346.99 2036171.678 5657 
0.1782511852 78944711.03 2027127.859 5875 
0.1789276602 72669483.18 1924780.531 5574 
0.1796041353 83921789.94 2108718.235 5929 
0.1802806104 75203823.63 1987478.42 5551 
0.1809570855 78024268.88 2033030.365 5470 
0.1816335606 77227365.95 1996842.502 5595 
0.1823100357 72785162.83 1944078.932 5399 
0.1829865108 69524454.36 1897512.926 5304 
0.1836629858 74789217.35 1996225.299 5256 
0.1843394609 71899024.66 1916635.519 5279 
0.185015936 71629462.26 1927385.812 5256 
0.1856924111 72273218.01 1935333.045 5136 
0.1863688862 75301432.88 2014397.583 5193 
0.1870453613 73716107.94 1957260.407 5201 
0.1877218364 72785598.05 1972516.117 5141 
0.1883983114 78897910.01 2064510.79 5285 
0.1890747865 61779896.1 1736066.065 4519 
0.1897512616 73011763.55 1954694.959 4999 
0.1904277367 70335635.86 1912109.596 4810 
0.1911042118 67519258.3 1876409.068 4832 
0.1917806869 68331199.5 1910869.211 4733 
0.192457162 67632491.64 1896967.991 4693 
0.193133637 67865478.68 1879434.729 4815 
0.1938101121 66141251.11 1870919.74 4571 
0.1944865872 65625608.51 1844614.813 4694 
0.1951630623 69679992.62 1954032.69 4609 
0.1958395374 63370122.93 1820261.682 4351 
0.1965160125 63660937.15 1820553.571 4478 
0.1971924876 64370060.46 1787710.25 4453 
0.1978689627 63814242.31 1837336.008 4419 
0.1985454377 63835129.93 1829371.551 4344 
0.1992219128 63913972.9 1836910.62 4204 
0.1998983879 63579163.93 1874022.866 4352 
0.200574863 66760904.41 1864095.693 4445 
0.2012513381 57583537.22 1715628.673 4040 
0.2019278132 67107996.16 1898133.038 4268 
0.2026042883 64201221.17 1868631.918 4204 
0.2032807633 60702317.96 1762512.143 4177 
0.2039572384 60849967.02 1800206.983 4002 
0.2046337135 60283397.88 1817325.475 3930 
0.2053101886 57685892.93 1689683.568 3990 
0.2059866637 60640233.74 1819076.274 4078 
0.2066631388 59367657.68 1779704.547 4016 
0.2073396139 62368515.52 1813666.914 3952 
0.2080160889 54808968.82 1702239.4 3629 
0.208692564 56999429.87 1725899.003 3702 
0.2093690391 60722119.05 1822726.543 3912 
0.2100455142 56755345.59 1705614.487 3887 
0.2107219893 56257662.74 1737735.454 3619 
0.2113984644 57204909.71 1751905.61 3714 
0.2120749395 58396628.67 1768587.285 3648 
0.2127514145 55032258.47 1698503.366 3568 
0.2134278896 56091747.06 1724342.444 3587 
0.2141043647 60786362.73 1802109.678 3632 
0.2147808398 52209659.64 1645533.041 3364 
0.2154573149 53207689.15 1653866.524 3517 
0.21613379 54516818.88 1737308.857 3458 
0.2168102651 51260700.46 1649108.069 3372 
0.2174867401 50689913.9 1606904.97 3325 
0.2181632152 53217403.65 1682559.193 3495 
0.2188396903 48979842.53 1595573.585 3163 
0.2195161654 55692935.21 1729927.062 3396 
0.2201926405 51598193.93 1658175.137 3361 
0.2208691156 49061542.42 1608600.66 3123 
0.2215455907 47961266.98 1570257.994 3161 
0.2222220657 50371015.33 1634651.807 3211 
0.2228985408 47168648.83 1552174.331 3074 
0.2235750159 51232324.29 1655671.379 3194 
0.224251491 47909696.69 1582443.914 3062 
0.2249279661 51140880.84 1670281.341 3165 
0.2256044412 48175585.69 1595494.716 3133 
0.2262809163 42086921.15 1480869.886 2714 
0.2269573913 47788889.78 1591499.602 3153 
0.2276338664 45087378.29 1526920.624 2912 
0.2283103415 45721050.76 1549929.828 3048 
0.2289868166 46716888.92 1592606.516 2890 
0.2296632917 45717419.91 1519709.817 3003 
0.2303397668 46435594.55 1560780.351 2898 
0.2310162419 44326560.66 1528461.019 2656 
0.231692717 45002593.39 1565218.661 2776 
0.232369192 47397658.09 1571650.382 2967 
0.2330456671 44531013.1 1556746.174 2648 
0.2337221422 42887116.27 1512683.758 2822 
0.2343986173 43297420.47 1507305.843 2747 
0.2350750924 39871851.46 1457641.724 2528 
0.2357515675 40909688.47 1497827.389 2578 
0.2364280426 41177923.93 1484679.324 2622 
0.2371045176 38522495.17 1443583.174 2489 
0.2377809927 43578478.65 1534138.677 2711 
0.2384574678 42261478.19 1506052.806 2644 
0.2391339429 38465586.39 1457111.993 2397 
0.239810418 39877355.91 1445643.287 2440 
0.2404868931 37639990.06 1417346.323 2439 
0.2411633682 39675059.43 1482044.93 2394 
0.2418398432 41434026.89 1455237.584 2885 
0.2425163183 32015530.62 1363999.573 1953 
0.2431927934 35699549.15 1361493.941 2328 
0.2438692685 35831325.36 1373988.188 2560 
0.2445457436 34378580.07 1397181.774 2022 
0.2452222187 41016213.01 1370706.572 2860 
0.2458986938 29295333.09 1409535.328 1528 
0.2465751688 38174353.66 1310279.316 2509 
0.2472516439 33501264.9 1486549.909 1977 
0.247928119 35846088.23 1280860.993 2269 
0.2486045941 56768630.42 1792356.227 3486 
0.2492810692 15217849.37 858453.2134 970 
0.2499575443 35616562.03 1285054.953 2397 
0.2506340194 28640308.65 1373128.932 1797 
0.2513104944 34566440.78 1263869.444 2271 
0.2519869695 33377048.55 1477247.576 1953 
0.2526634446 34269012.86 1254184.074 2214 
0.2533399197 36172678.73 1510346.732 2329 
0.2540163948 29059337.17 1177395.991 1863 
0.2546928699 35858632.67 1453437.441 2052 
0.255369345 24917895.62 1112434.954 1787 
0.25604582 34927244.82 1378921.915 1993 
0.2567222951 28290910.72 1240524.685 1968 
0.2573987702 30055474.46 1259784.75 1866 
0.2580752453 28055922.12 1269916.018 1771 
0.2587517204 30775698.54 1258206.988 2010 
0.2594281955 33702660.48 1400946.102 1846 
0.2601046706 27534893.11 1179509.126 2057 
0.2607811456 26879302.45 1210816.196 1581 
0.2614576207 29698399.93 1281508.196 1900 
0.2621340958 29132777.16 1246795.647 1744 
0.2628105709 26122741.06 1188645.497 1630 
0.263487046 29354238.58 1265797.756 1935 
0.2641635211 28715638.38 1253773.001 1750 
0.2648399962 25773194.9 1159187.673 1743 
0.2655164713 24147295.34 1145749.388 1562 
0.2661929463 26980646.05 1213074.555 1765 
0.2668694214 25511155.14 1194391.375 1595 
0.2675458965 28404556.37 1248736.937 1741 
0.2682223716 24743748.29 1181917.029 1529 
0.2688988467 27016285.67 1201808.86 1707 
0.2695753218 20280630.81 1038625.266 1402 
0.2702517969 22224108.69 1104687.064 1529 
0.2709282719 23319643.36 1131128.043 1456 
0.271604747 24002283.4 1132720.38 1561 
0.2722812221 23111977.62 1144624.082 1459 
0.2729576972 22926444.36 1110162.477 1534 
0.2736341723 24025567.27 1155070.106 1511 
0.2743106474 20226771.03 1033663.181 1267 
0.2749871225 20373322.12 1054296.864 1444 
0.2756635975 24629677.27 1147615.072 1595 
0.2763400726 20608565.97 1066263.017 1291 
0.2770165477 23820728.26 1155021.473 1458 
0.2776930228 21234343.73 1062859.869 1370 
0.2783694979 20738465.01 1067911.17 1441 
0.279045973 20726402.27 1083450.892 1364 
0.2797224481 20618735.64 1090186.343 1314 
0.2803989231 17836314.22 979877.2424 1268 
0.2810753982 18990794.77 1065470.577 1202 
0.2817518733 17947746.61 984723.5184 1322 
0.2824283484 18314503.65 1013413.894 1197 
0.2831048235 18701458.47 1020068.837 1268 
0.2837812986 18770242.39 1011901.463 1347 
0.2844577737 16308743.02 938558.8467 1139 
0.2851342487 18220424.8 1003842.678 1222 
0.2858107238 18913225.18 1016904.407 1253 
0.2864871989 18080325.92 988318.2015 1196 
0.287163674 16164758.34 931152.0057 1070 
0.2878401491 18248433.91 1003220.335 1235 
0.2885166242 14293855.4 889089.1236 1011 
0.2891930993 16505578.45 954500.4462 1146 
0.2898695743 17132970.37 975056.1318 1161 
0.2905460494 14084716.78 875686.7662 1039 
0.2912225245 15921932.6 933411.5267 1089 
0.2918989996 14090050.1 887919.0462 989 
0.2925754747 15851100.86 934769.6398 1063 
0.2932519498 15183523.8 937183.5288 1000 
0.2939284249 16897342 954587.9153 1110 
0.2946048999 14451407.65 916132.1972 975 
0.295281375 13250073.23 849767.9008 970 
0.2959578501 12752243.54 851021.8938 881 
0.2966343252 12779465.74 827279.6714 977 
0.2973108003 12098749.27 810664.9933 960 
0.2979872754 10489842.14 764553.4726 796 
0.2986637505 17757810.7 1002425.649 1228 
0.2993402255 13230145.97 862905.3339 888 
0.3000167006 9705286.712 737892.5616 775 
0.3006931757 11654814.37 812955.8545 824 
0.3013696508 9781428.343 729060.2159 846 
0.3020461259 12183722.49 834699.8368 831 
0.302722601 10393333.07 753951.3614 777 
0.3033990761 12384188.18 829530.6305 953 
0.3040755512 11957888.51 808169.4348 827 
0.3047520262 8301755.507 668419.1673 719 
0.3054285013 10763402.73 761399.1811 872 
0.3061049764 9177500.189 692064.1268 688 
0.3067814515 9278663.727 714056.0457 705 
0.3074579266 10744941.11 769534.1688 781 
0.3081344017 8135936.005 653191.8868 698 
0.3088108768 10439446.46 749806.535 806 
0.3094873518 7737607.743 662280.0536 614 
0.3101638269 8952062.396 699393.4477 810 
0.310840302 10242089.51 747168.7409 808 
0.3115167771 5515059.066 544507.9518 471 
0.3121932522 7336515.865 621452.6682 677 
0.3128697273 8491969.281 690379.1524 701 
0.3135462024 5545834.404 543823.3954 530 
0.3142226774 7187786.699 616599.9433 649 
0.3148991525 5524860.698 528909.0711 549 
0.3155756276 6029225.663 554537.0609 607 
0.3162521027 6775582.642 579876.4072 637 
0.3169285778 5682750.08 538286.6057 585 
0.3176050529 6202270.097 599438.1716 476 
0.318281528 7152714.319 638015.4736 599 
0.318958003 6153989.52 589040.2265 516 
0.3196344781 6397340.152 578165.5062 551 
0.3203109532 5164581.334 510640.392 557 
0.3209874283 4009883.62 466329.6816 442 
0.3216639034 6038097.071 571344.886 535 
0.3223403785 5335518.794 537725.5576 477 
0.3230168536 4766429.576 501881.1825 450 
0.3236933286 5081977.634 530476.5182 490 
0.3243698037 3324315.519 396216.9872 421 
0.3250462788 5561096.377 565379.7987 541 
0.3257227539 4164306.775 470878.8598 467 
0.326399229 4770692.796 496807.5003 486 
0.3270757041 2703617.187 369344.9488 352 
0.3277521792 3414414.675 408450.3454 424 
0.3284286542 4344796.92 498265.9198 483 
0.3291051293 2262213.054 334592.6342 276 
0.3297816044 2968737.01 386438.68 288 
0.3304580795 4390335.022 491484.0544 602 
0.3311345546 2234724.812 345532.8071 252 
0.3318110297 2049472.501 317908.0064 310 
0.3324875048 2096401.849 321600.2221 243 
0.3331639798 3106305.716 385442.4161 440 
0.3338404549 2196369.159 308805.3233 281 
0.33451693 2042387.603 313235.588 255 
0.3351934051 2046029.661 298131.4245 309 
0.3358698802 2408249.349 334017.1155 342 
0.3365463553 1872963.27 296921.473 315 
0.3372228304 1705413.813 268582.077 237 
0.3378993055 2114271.189 314581.5686 279 
