0.000338237543 0 0 0 
0.001014712629 0 0 0 
0.001691187715 0 0 0 
0.002367662801 0 0 0 
0.003044137887 0 0 0 
0.003720612973 0 0 0 
0.004397088059 0 0 0 
0.005073563145 0 0 0 
0.005750038231 0 0 0 
0.006426513317 1835985.314 42957.70053 3617 
0.007102988403 9410673.106 113416.5378 16457 
0.007779463489 20022979.46 197744.856 29601 
0.008455938575 32907066.41 299122.2278 42088 
0.009132413661 48322268.04 423806.7598 54264 
0.009808888747 66943668.77 579471.9329 65752 
0.01048536383 86200326.74 753587.2771 76262 
0.01116183892 107923723.4 942719.4327 87553 
0.011838314 130412635.3 1161981.885 98131 
0.01251478909 155477298.5 1412585.627 108180 
0.01319126418 181960089.8 1674945.382 118886 
0.01386773926 212183961.9 1988511.145 129199 
0.01454421435 240110920.4 2338066.062 139644 
0.01522068943 265841054.3 2648193.098 149806 
0.01589716452 298690872.9 3012433.836 159691 
0.01657363961 328580948.6 3407561.231 168905 
0.01725011469 377504630.7 3970352.107 181858 
0.01792658978 416916144.7 4468525.404 190358 
0.01860306486 443682932.9 4971144.492 200403 
0.01927953995 491717786.2 5584170.39 211551 
0.01995601504 532262774.9 6132058.915 221203 
0.02063249012 562236671.9 6574363.36 231028 
0.02130896521 608900366.6 7385338.28 240242 
0.02198544029 640109949.4 7798231.288 251339 
0.02266191538 694379927.8 8690941.363 258682 
0.02333839047 716102521.8 9137046.659 272581 
0.02401486555 794478483.1 10145604.02 281563 
0.02469134064 814152442.3 10525858.15 290717 
0.02536781572 860791181 11355111.57 301033 
0.02604429081 876016753.1 11638557.1 309591 
0.0267207659 929855531.5 12273445.94 321671 
0.02739724098 979761289.6 13145087.81 330821 
0.02807371607 1006784653 13815072.86 340677 
0.02875019115 1048359829 14135499.61 351426 
0.02942666624 1072338456 14761058.62 361266 
0.03010314133 1116638590 15557332.99 370954 
0.03077961641 1198292431 16995902.59 381021 
0.0314560915 1182129916 16805043.35 389080 
0.03213256658 1235634439 17505119.89 400744 
0.03280904167 1286756872 18306677.78 410491 
0.03348551676 1292071489 18894751.12 419751 
0.03416199184 1321267659 18473261.09 430958 
0.03483846693 1366634629 19926884.17 441029 
0.03551494201 1439493115 20829054.76 449237 
0.0361914171 1386523991 19664329.33 460611 
0.03686789219 1412653890 20323602.99 470417 
0.03754436727 1486041885 21447335.38 479526 
0.03822084236 1520473477 21709332.19 490938 
0.03889731744 1527556979 21662823.78 501061 
0.03957379253 1513623288 20968998.93 510927 
0.04025026762 1589510421 22761079.58 520023 
0.0409267427 1620309577 23147145.75 531772 
0.04160321779 1611554398 23128862.74 540666 
0.04227969287 1590994018 22775560.05 546900 
0.04295616796 1634876442 22868855.61 561698 
0.04363264305 1617815488 22752078.92 566943 
0.04430911813 1661131661 23109664.11 581340 
0.04498559322 1655641256 23072458.95 589888 
0.0456620683 1710341467 23536254.21 597430 
0.04633854339 1683859245 22873751.3 608807 
0.04701501848 1650917847 22301412.41 613152 
0.04769149356 1709495183 22967767.61 605543 
0.04836796865 1667954615 21874125.33 590539 
0.04904444373 1667525675 21999301.77 576558 
0.04972091882 1640552264 21352730.78 564314 
0.05039739391 1742773707 21964747.69 547179 
0.05107386899 1617133001 20558872.86 533634 
0.05175034408 1673046944 21205694.67 519103 
0.05242681916 1681704769 20978484.56 506298 
0.05310329425 1684240602 20747299.6 495710 
0.05377976934 1674695942 20163815.37 479944 
0.05445624442 1670905729 19884364.56 470173 
0.05513271951 1683648993 20262826.03 456118 
0.05580919459 1672593058 20034991.52 449508 
0.05648566968 1674678580 19912530.62 436991 
0.05716214477 1659304450 19404407.5 425935 
0.05783861985 1651174354 19028460.96 415565 
0.05851509494 1638698976 18773342.36 407687 
0.05919157002 1632820552 18802692.6 397134 
0.05986804511 1692494993 19245017.16 389459 
0.0605445202 1621960698 18572010.9 380036 
0.06122099528 1659436280 18822105.99 372138 
0.06189747037 1672849308 18523281.31 361710 
0.06257394545 1674909301 18590544.51 353599 
0.06325042054 1661283109 18359679.56 351441 
0.06392689563 1661002083 17930210.1 340167 
0.06460337071 1600758476 17145171.51 333420 
0.0652798458 1676726142 18169305.86 327720 
0.06595632088 1624151383 17600436.64 319515 
0.06663279597 1616920652 17223832.98 313445 
0.06730927106 1679400027 17674106.68 307371 
0.06798574614 1572661894 16833065.57 301642 
0.06866222123 1664125216 17089393.4 296277 
0.06933869631 1626931334 17162200.29 287312 
0.0700151714 1621883753 17021645.14 282582 
0.07069164649 1633879261 16972666.2 278850 
0.07136812157 1638772350 16690406.6 274341 
0.07204459666 1522827285 15734792.11 265299 
0.07272107174 1726908167 17751372.72 263204 
0.07339754683 1600950176 16149047.67 258474 
0.07407402192 1563124428 15879195.48 252627 
0.074750497 1621757229 16300409.87 249041 
0.07542697209 1636726108 16374700.8 246559 
0.07610344717 1606993767 16283411.3 239177 
0.07677992226 1583634225 15629930.67 235564 
0.07745639735 1610813202 15985094.94 230620 
0.07813287243 1586059863 15793679.47 227458 
0.07880934752 1618541576 15818305.78 222891 
0.0794858226 1554194833 15398176.11 220125 
0.08016229769 1592033590 15588965.27 216247 
0.08083877278 1619689765 15811442.85 211237 
0.08151524786 1579540705 15255757.07 208855 
0.08219172295 1577540346 15240134.04 204733 
0.08286819803 1580104162 14895348.29 206759 
0.08354467312 1625335556 15364904.49 201738 
0.08422114821 1523357045 15092147.16 186780 
0.08489762329 1574681877 14607290.17 192835 
0.08557409838 1596644847 15515653.82 189022 
0.08625057346 1582487949 14763232.1 186631 
0.08692704855 1553170288 14624851.43 181807 
0.08760352364 1565936182 14633422.59 180358 
0.08827999872 1579692273 14684299.39 177446 
0.08895647381 1515673684 14206539.33 173782 
0.08963294889 1548022810 14608485.9 171131 
0.09030942398 1561477120 14470421.73 169366 
0.09098589907 1531653837 14102201.77 166079 
0.09166237415 1536693527 14023756.22 165437 
0.09233884924 1510483636 13879650.21 161814 
0.09301532432 1535348309 14160369.94 159735 
0.09369179941 1563256701 14220719.24 156712 
0.0943682745 1532036495 13859327.5 155015 
0.09504474958 1549261134 14299778.21 152120 
0.09572122467 1534505335 14099285.55 150493 
0.09639769975 1502997418 13560053.84 149117 
0.09707417484 1563984537 14285731.84 145393 
0.09775064993 1499362566 13672835.8 143603 
0.09842712501 1489156377 13441372.06 141587 
0.0991036001 1520280944 13764227.26 141590 
0.09978007518 1484181289 13504934.89 133919 
0.1004565503 1499419842 13566577.1 136251 
0.1011330254 1456227673 13103590.7 134088 
0.1018095004 1513719640 13461375.5 132175 
0.1024859755 1486929567 13381275.57 130584 
0.1031624506 1493056114 13598398.13 127754 
0.1038389257 1515608237 13446899.15 127726 
0.1045154008 1447801434 13096866.32 124887 
0.1051918759 1448144947 12810995.71 123762 
0.105868351 1511265089 13429955.81 121795 
0.106544826 1437534464 12707408.14 119163 
0.1072213011 1464527980 12979120.45 120651 
0.1078977762 1424888476 12804818.06 116493 
0.1085742513 1440623762 12635568.9 115874 
0.1092507264 1443631330 12888574.24 114196 
0.1099272015 1438934837 12710185.71 112302 
0.1106036766 1417279080 12492814.27 109955 
0.1112801516 1450645562 12813392.16 111019 
0.1119566267 1384032229 12261134.34 108571 
0.1126331018 1447048576 12751050.14 107376 
0.1133095769 1432282647 12588582.89 106262 
0.113986052 1420388820 12465049.12 104945 
0.1146625271 1388179777 12352519.69 103229 
0.1153390022 1408012715 12514364.13 102005 
0.1160154772 1437240795 12512559.89 101588 
0.1166919523 1405185610 12372017.26 99390 
0.1173684274 1394190874 12305595.97 97842 
0.1180449025 1397942479 12178661.08 96512 
0.1187213776 1398403132 12287841.08 96900 
0.1193978527 1345920052 11884810.04 92833 
0.1200743278 1362859382 11964261.55 93197 
0.1207508028 1375464367 11966098.71 93839 
0.1214272779 1346787868 11972438.88 90570 
0.122103753 1396422368 12200120.3 91254 
0.1227802281 1350864740 11778566.96 90549 
0.1234567032 1328561505 11854849.44 84319 
0.1241331783 1323098461 11671034.79 82963 
0.1248096534 1298230635 11461212.5 87674 
0.1254861285 1351700174 11569641.44 89044 
0.1261626035 1277920796 11640175.71 83041 
0.1268390786 1404867301 12083320.51 85560 
0.1275155537 1352474909 11836271.96 83461 
0.1281920288 1345749446 11937132.7 81170 
0.1288685039 1319838425 11526953.55 80052 
0.129544979 1296695608 11359419.67 79159 
0.1302214541 1308156776 11568661.7 78512 
0.1308979291 1289944810 11325576.68 78552 
0.1315744042 1281217047 11301312.42 77052 
0.1322508793 1314342524 11498354.19 76949 
0.1329273544 1276363300 11310770.87 74639 
0.1336038295 1290669517 11331043.11 74630 
0.1342803046 1283925917 11342904.21 73452 
0.1349567797 1270708056 11241909.81 73198 
0.1356332547 1233517553 10961828.94 71727 
0.1363097298 1279062132 11380766.7 70648 
0.1369862049 1266400299 11273768.27 70366 
0.13766268 1243962231 10842010.89 70442 
0.1383391551 1258682980 11223500.64 69696 
0.1390156302 1238640442 11024605.28 67921 
0.1396921053 1222843350 10827584.29 67462 
0.1403685803 1223481547 10889780.5 67211 
0.1410450554 1241532379 11076710.28 65804 
0.1417215305 1225879699 10904592.29 65557 
0.1423980056 1227900962 10932948.24 65607 
0.1430744807 1187488469 10609983.41 63821 
0.1437509558 1203373325 10772769.07 63313 
0.1444274309 1259867803 11127057.29 64295 
0.1451039059 1196818927 10840163.2 61455 
0.145780381 1176989078 10526868.01 61708 
0.1464568561 1210576169 10866263.63 61732 
0.1471333312 1216395019 10887339.27 61361 
0.1478098063 1183199060 10607118.54 59941 
0.1484862814 1149845107 10405065.91 57708 
0.1491627565 1175313883 10719119.94 57762 
0.1498392315 1167560765 10517204.41 58264 
0.1505157066 1230939128 10763985.97 60967 
0.1511921817 1046113444 9837872.241 53375 
0.1518686568 1173322487 10676025.16 56219 
0.1525451319 1117985619 10171158.51 55868 
0.153221607 1127019546 10235301.75 55433 
0.1538980821 1125381885 10441324.43 53501 
0.1545745571 1142087673 10346690.61 55005 
0.1552510322 1096560718 10232563.14 52279 
0.1559275073 1128691527 10304361.98 53518 
0.1566039824 1104478219 10105861.64 53323 
0.1572804575 1139214136 10493001.51 51604 
0.1579569326 1079419699 10005102.7 51080 
0.1586334077 1110882694 10273228.63 51374 
0.1593098828 1096225329 10070870.16 51351 
0.1599863578 1069859213 10002004.39 50251 
0.1606628329 1090018907 10124496.42 49753 
0.161339308 1074996670 10016578.93 48686 
0.1620157831 1070158078 10032175.38 48620 
0.1626922582 1066640591 10048018.96 48074 
0.1633687333 1039533598 9733996.976 47856 
0.1640452084 1039136994 9889601.197 45943 
0.1647216834 1072695508 10144651.97 46873 
0.1653981585 1089671251 9897900.612 50616 
0.1660746336 976224300.1 9685399.715 41248 
0.1667511087 992240865.8 9532466.009 44200 
0.1674275838 1133377061 10499567.08 47335 
0.1681040589 905990315.4 8820624.041 42401 
0.168780534 1065940751 10156577.57 44194 
0.169457009 1007653628 9648157.169 44421 
0.1701334841 1024043455 9678362.096 44093 
0.1708099592 971847356.7 9432849.321 42358 
0.1714864343 992586068.3 9633853.578 42380 
0.1721629094 984588870 9481242.664 42241 
0.1728393845 957190584.4 9397392.232 40956 
0.1735158596 980012572.9 9542896.349 41452 
0.1741923346 949528614.2 9219742.017 41119 
0.1748688097 983170156.6 9544045.6 41261 
0.1755452848 962597947.1 9476864.674 39961 
0.1762217599 949262329.5 9448227.758 39362 
0.176898235 971571198.3 9381777.246 41297 
0.1775747101 922016191.8 9319152.407 37611 
0.1782511852 951126554.7 9350569.548 39531 
0.1789276602 899516903.5 9134241.981 37284 
0.1796041353 966296856.6 9558271.912 39093 
0.1802806104 892773209.5 9026901.004 37055 
0.1809570855 918923781.9 9251668.693 36959 
0.1816335606 899121144.5 9179344.799 36529 
0.1823100357 904611331.6 9066840.729 37285 
0.1829865108 879940869.3 8906153.533 36625 
0.1836629858 877758636.1 8980482.883 35606 
0.1843394609 881906177.5 8991572.694 35318 
0.185015936 882552018 9064269.9 35386 
0.1856924111 850708161.4 8885479.152 33756 
0.1863688862 890326660 9101780.783 34821 
0.1870453613 858346798.8 8871328.702 34498 
0.1877218364 880266030.3 9011775.58 35167 
0.1883983114 921870966.6 9307529.217 35523 
0.1890747865 764933612 8208616.486 30900 
0.1897512616 862686066.8 9000532.18 34057 
0.1904277367 845417525 8862931.492 33416 
0.1911042118 823127781.8 8704589.957 32277 
0.1917806869 830761369.5 8821270.893 32411 
0.192457162 817568645.3 8662929.829 31633 
0.193133637 809912695.9 8598981.538 32136 
0.1938101121 808735759.8 8578894.314 31260 
0.1944865872 804169447.2 8637324.99 31516 
0.1951630623 821090261 8669529.919 31377 
0.1958395374 795387585 8557641.718 30205 
0.1965160125 784845846.4 8549744.252 30124 
0.1971924876 769962247.8 8413179.225 29747 
0.1978689627 789176093.1 8600459.216 29839 
0.1985454377 761128490.1 8386817.417 29145 
0.1992219128 743812314.1 8348885.743 28437 
0.1998983879 754617046.3 8319719.844 29252 
0.200574863 789621117.3 8505185.351 29945 
0.2012513381 718309489.8 8082767.409 27597 
0.2019278132 774364043.4 8523248.055 28625 
0.2026042883 742469997 8337924.543 28004 
0.2032807633 737541799.9 8185914.121 28435 
0.2039572384 724615069 8220490.053 27070 
0.2046337135 724639880.6 8209811.488 27290 
0.2053101886 706472972.8 8036573.084 26636 
0.2059866637 751414116 8402169.834 28017 
0.2066631388 706645144.9 8062479.45 26510 
0.2073396139 704969552.1 8028360.164 26673 
0.2080160889 657524355.6 7925166.968 24085 
0.208692564 679518781.7 7876380.325 25332 
0.2093690391 683046487.8 7966441.15 25196 
0.2100455142 697334404.8 8103553.932 26056 
0.2107219893 689203326.7 8013427.92 24910 
0.2113984644 683171057.9 7926854.007 25267 
0.2120749395 666198351.7 7884232.235 24541 
0.2127514145 664810060.4 7873421.444 24315 
0.2134278896 663621118.8 7856194.37 24574 
0.2141043647 676294857.1 7885510.099 24706 
0.2147808398 610842576.3 7507843.877 22358 
0.2154573149 659369357.3 7857631.13 23909 
0.21613379 632087568.7 7763586.5 23025 
0.2168102651 641066212.8 7735843.806 23509 
0.2174867401 638883122.7 7716313.938 23220 
0.2181632152 649451078.2 7821609.433 23308 
0.2188396903 579380607.8 7339233.542 21181 
0.2195161654 629634011.2 7713591.89 22323 
0.2201926405 633737219.8 7747803.26 22582 
0.2208691156 611951033.1 7520029.009 21987 
0.2215455907 580271158 7380199.642 21091 
0.2222220657 618234163.8 7680670.07 21824 
0.2228985408 575897350.5 7268046.406 20818 
0.2235750159 562855445.4 7281843.164 20627 
0.224251491 590768789.9 7412578.751 20964 
0.2249279661 580254967.6 7362943.812 21029 
0.2256044412 586172310.2 7381390.635 21187 
0.2262809163 527779018.5 7082254.23 18560 
0.2269573913 571376955.8 7333505.988 20887 
0.2276338664 547471723.9 7127351.435 19921 
0.2283103415 571866167.9 7326998.062 20375 
0.2289868166 511819724 6919682.255 18645 
0.2296632917 574513454.2 7353947.987 20516 
0.2303397668 557351804.8 7267673.851 19674 
0.2310162419 520187619.3 7011830.373 18239 
0.231692717 500665728.2 6877756.08 18431 
0.232369192 556706629.9 7246800.4 19857 
0.2330456671 482877269.1 6788164.406 17529 
0.2337221422 516112177.1 7010881.55 18717 
0.2343986173 503706318.5 6832122.243 18557 
0.2350750924 468928458.1 6689738.376 16683 
0.2357515675 494083337.5 6852896.628 17855 
0.2364280426 515260754.8 6937496.803 18203 
0.2371045176 459860189.7 6617987.274 16628 
0.2377809927 478189450.1 6683053.495 17423 
0.2384574678 504785415.3 6907391.021 17942 
0.2391339429 438988942.8 6449745.626 16003 
0.239810418 477645260.4 6681910.042 16870 
0.2404868931 451979312.7 6596457.616 16558 
0.2411633682 457497643.9 6602098.016 15944 
0.2418398432 523632141.4 6884702.609 19267 
0.2425163183 393474519.6 6287254.449 13656 
0.2431927934 462984686.7 6560954.961 16145 
0.2438692685 437577553.6 6360934.446 16665 
0.2445457436 389102288.8 6246066.682 13557 
0.2452222187 501408227.6 6481574.12 19879 
0.2458986938 325167264.9 6198283.124 10439 
0.2465751688 455217082 6069232.271 16933 
0.2472516439 377723476.3 6666389.943 13472 
0.247928119 421951094.4 5833102.689 16131 
0.2486045941 596810169.4 7770005.447 22028 
0.2492810692 201004421.8 4184759.872 6905 
0.2499575443 458431636.9 6173016.43 16901 
0.2506340194 333739678.1 6245703.696 11891 
0.2513104944 423417749.4 5892290.133 15511 
0.2519869695 344536711.4 6303811.81 12608 
0.2526634446 419014725 5869795.748 15191 
0.2533399197 397715410.8 6566286.104 14884 
0.2540163948 353035837.9 5449594.514 12684 
0.2546928699 404020819.1 6476462.622 13901 
0.255369345 335523678.2 5519219.38 12892 
0.25604582 377641420 6040776.047 13070 
0.2567222951 348000863.1 5845905.617 13711 
0.2573987702 371170290.4 5907943.323 12902 
0.2580752453 333738628.4 5848323.538 11805 
0.2587517204 352957420.7 5685792.257 13252 
0.2594281955 343518845.7 5868586.251 12009 
0.2601046706 365384793.9 5844429.35 14124 
0.2607811456 313934028.2 5562495.251 10921 
0.2614576207 333013202.5 5626714.679 12918 
0.2621340958 322505678.1 5557911.702 11939 
0.2628105709 308869883.9 5438453.454 11197 
0.263487046 327658033.4 5642484.073 12539 
0.2641635211 313521729.9 5533251.658 11290 
0.2648399962 314649566 5484090.964 11878 
0.2655164713 293502847.7 5347273.42 10503 
0.2661929463 325371606 5540305.802 12101 
0.2668694214 285874101.8 5287521.805 10927 
0.2675458965 302138343.2 5353639.234 11310 
0.2682223716 267388569.2 5087067.86 10168 
0.2688988467 309302473.9 5397652.687 11740 
0.2695753218 279886794.3 5238392.047 10198 
0.2702517969 268440881.1 5064370.874 10640 
0.2709282719 276126718.7 5161488.226 9964 
0.271604747 282997260.4 5188132.972 11125 
0.2722812221 264139898.6 5093975.77 9755 
0.2729576972 271715195.2 5131029.296 10463 
0.2736341723 265671571.3 5074696.817 10267 
0.2743106474 234616062.5 4741900.435 8997 
0.2749871225 253528236.6 4953912.608 9573 
0.2756635975 271787772.6 5114039.887 10571 
0.2763400726 224643832.5 4675043.844 8583 
0.2770165477 234529478.8 4748520.105 9470 
0.2776930228 240476424.1 4833739.684 9390 
0.2783694979 229391105.6 4689095.92 9411 
0.279045973 238710298.9 4811564.39 9330 
0.2797224481 221978015.1 4659789.738 8614 
0.2803989231 228081134.2 4692671.082 8884 
0.2810753982 205018355.3 4472784.889 8232 
0.2817518733 221255176.5 4577467.297 8756 
0.2824283484 209878678.6 4537548.533 8298 
0.2831048235 209871553 4508982.228 8364 
0.2837812986 220060666 4620466.135 9101 
0.2844577737 188167077.4 4304732.834 7422 
0.2851342487 203594602.9 4454084.824 8147 
0.2858107238 212808438.5 4529576.848 8322 
0.2864871989 189707762 4308020.89 7776 
0.287163674 182325186.2 4224229.339 7587 
0.2878401491 195718404.4 4343075.021 7985 
0.2885166242 167024629.4 4013983.013 6890 
0.2891930993 194655743 4321636.222 7852 
0.2898695743 172681770.7 4128427.562 7578 
0.2905460494 156469443.9 3837494.321 6830 
0.2912225245 169134119.4 4050651.077 6951 
0.2918989996 164518355.7 4006483.062 6739 
0.2925754747 182739663.8 4188413.005 7504 
0.2932519498 145741778 3809533.361 6276 
0.2939284249 171185799.4 4053129.375 7364 
0.2946048999 151649807.3 3876616.982 6374 
0.295281375 155216843.7 3916588.906 6613 
0.2959578501 135479553.9 3641859.954 5927 
0.2966343252 149185004.9 3788144.796 6425 
0.2973108003 141529436.5 3700518.542 6362 
0.2979872754 115490505.6 3387843.16 5068 
0.2986637505 165685533 3978135.553 7827 
0.2993402255 124827341.5 3482923.528 5519 
0.3000167006 115291291.7 3312356.324 5464 
0.3006931757 134382721.2 3621778.694 5995 
0.3013696508 118427006.5 3407815.212 5519 
0.3020461259 124985992.1 3461044.188 5895 
0.302722601 118421956.2 3423446.96 5264 
0.3033990761 126522349.8 3513341.662 5769 
0.3040755512 122953811.8 3460216.359 5517 
0.3047520262 96145146.84 3100011.582 4591 
0.3054285013 119149574.9 3359191.804 5842 
0.3061049764 102194918.9 3181539.732 4752 
0.3067814515 98268568.89 3102642.995 4899 
0.3074579266 108556179.3 3256930.555 4994 
0.3081344017 87509302.33 2905590.277 4519 
0.3088108768 91181708.37 2929773.083 4698 
0.3094873518 97695825.73 3084281.995 4357 
0.3101638269 96187788.77 3064496.435 4918 
0.310840302 105733150.4 3180856.513 5335 
0.3115167771 70492380.46 2622009.951 3452 
0.3121932522 75303252.21 2681324.586 4223 
0.3128697273 87041426.37 2901214.982 4607 
0.3135462024 79546303.63 2790505 3862 
0.3142226774 79189712.24 2784122.428 4432 
0.3148991525 68731992.57 2553427.295 3885 
0.3155756276 67740082.37 2542907.858 4035 
0.3162521027 82183915.3 2818736.049 4119 
0.3169285778 68574157.74 2558829.738 3632 
0.3176050529 56308195.97 2310228.64 3216 
0.318281528 73512470.72 2654374.486 4023 
0.318958003 57404068.67 2348924.854 3143 
0.3196344781 68351304.44 2555944.436 3720 
0.3203109532 60671603.31 2387294.415 3531 
0.3209874283 53885134.89 2231785.333 3231 
0.3216639034 56590270.71 2312184.074 3507 
0.3223403785 46842632.58 2058447.13 3104 
0.3230168536 46643824.74 2085641.757 2879 
0.3236933286 52889857.65 2238824.883 3199 
0.3243698037 43567660.21 2010169.103 2776 
0.3250462788 44939330.84 2044138.352 3180 
0.3257227539 48490028.56 2137789.405 3051 
0.326399229 48568220.87 2150193.288 2958 
0.3270757041 27519910.27 1523430.351 2281 
0.3277521792 38040410.33 1869306.45 2676 
0.3284286542 51127502.33 2162025.866 3291 
0.3291051293 26020458.31 1542867.096 1918 
0.3297816044 26496697.63 1550186.843 1929 
0.3304580795 52307821.76 2169974.005 3899 
0.3311345546 20404718.97 1320216.764 1547 
0.3318110297 26557092.63 1504272.777 1894 
0.3324875048 21948373.84 1362578.707 1938 
0.3331639798 36610482.14 1768661.341 3068 
0.3338404549 20766131.44 1312457.657 1858 
0.33451693 22673296.65 1460003.517 1633 
0.3351934051 23310666.28 1415047.111 1881 
0.3358698802 29076484.36 1588278.812 2340 
0.3365463553 21087804.65 1360455.329 1936 
0.3372228304 15351716.72 1098366.854 1522 
0.3378993055 23075495.77 1388879.233 1947 
