0.0005630162416 0 0 0 
0.001689048725 0 0 0 
0.002815081208 0 0 0 
0.003941113691 0 0 0 
0.005067146174 0 0 0 
0.006193178657 0 0 0 
0.00731921114 0 0 0 
0.008445243623 0 0 0 
0.009571276106 0 0 0 
0.01069730859 0 0 0 
0.01182334107 230549.8403 11713.40936 506 
0.01294937356 1063610.212 28990.14008 2299 
0.01407540604 2184377.412 49427.52015 4448 
0.01520143852 3584207.234 76713.05849 6369 
0.01632747101 5382725.482 108288.9476 8507 
0.01745350349 7244898.421 144708.4073 10354 
0.01857953597 9872365.928 196784.9957 12318 
0.01970556845 12682800.27 254368.2198 14071 
0.02083160094 15571471.99 318113.8864 15947 
0.02195763342 18369014.13 383133.1335 17657 
0.0230836659 21665258.99 445931.4019 19558 
0.02420969839 25462499.97 534973.3294 21262 
0.02533573087 29032754.78 630419.3323 22704 
0.02646176335 32508278.65 710346.9488 24628 
0.02758779584 36247633.54 805708.9382 26440 
0.02871382832 39915550.76 914622.5017 28126 
0.0298398608 44617424.63 1044972.808 29503 
0.03096589329 50122858.26 1203129.97 31508 
0.03209192577 55608678.16 1359865.576 33352 
0.03321795825 60072145.49 1478698.152 34832 
0.03434399073 62992885.62 1601318.818 36632 
0.03547002322 68167053.97 1788337.696 38349 
0.0365960557 73744200.45 1934472.192 40228 
0.03772208818 81202369.71 2201413.593 42112 
0.03884812067 83146365.78 2276978.697 43385 
0.03997415315 96002952.41 2703553.243 45147 
0.04110018563 102757151.2 2921179.065 46363 
0.04222621812 104777878.2 3010505.349 48271 
0.0433522506 109372524 3290007.741 50031 
0.04447828308 113836364.3 3376255.593 51705 
0.04560431557 125734655.7 3819929.011 53173 
0.04673034805 131756318.9 4077957.23 55613 
0.04785638053 138993375.2 4298863.801 55777 
0.04898241302 142149097.4 4437157.043 57940 
0.0501084455 153121813 4878979.486 60414 
0.05123447798 151079678.5 4775012.575 62108 
0.05236051046 167042012.6 5340146.526 63179 
0.05348654295 166967788.5 5536052.307 65417 
0.05461257543 182388505.2 5945838.97 66626 
0.05573860791 181635247 6015927.03 68458 
0.0568646404 187021441.3 6154843.929 70816 
0.05799067288 180348116 5806608.184 71533 
0.05911670536 203094977.1 6685807.186 72912 
0.06024273785 191754641 6248105.868 75592 
0.06136877033 196066792.7 6384983.943 76895 
0.06249480281 207289756 7126559.313 78711 
0.0636208353 214605139.5 7432698.602 80180 
0.06474686778 223470577.6 7530573.029 82066 
0.06587290026 223962073 7760202.19 83475 
0.06699893274 223901265.4 7683861.939 85154 
0.06812496523 230288940.7 7770503.697 87077 
0.06925099771 240809518.3 8132620.496 89577 
0.07037703019 229311258.1 7790955.383 90260 
0.07150306268 244220058 8566769.788 91761 
0.07262909516 271979439.2 9547621.671 94487 
0.07375512764 254181599.8 8740386.627 95149 
0.07488116013 281961699.8 9736520.367 97819 
0.07600719261 278014882.7 9759385.44 99451 
0.07713322509 261034990.7 8804558.019 101213 
0.07825925758 276396927.5 9980485.962 102487 
0.07938529006 279334417 9911838.729 105090 
0.08051132254 271587012.4 9160453.254 105585 
0.08163735503 293090359.4 10262919.18 107224 
0.08276338751 267192275.9 9082315.119 109218 
0.08388941999 279962340.8 9390020.247 110563 
0.08501545247 292589850.9 9707122.108 111138 
0.08614148496 261183441.5 8693748.183 110251 
0.08726751744 282605645.8 9157335.208 108986 
0.08839354992 283451196 9378121.208 108879 
0.08951958241 271957114.2 8326075.18 106213 
0.09064561489 286703782.5 9553580.125 105727 
0.09177164737 281973016.2 8784774.423 103826 
0.09289767986 271699254.8 8476456.231 101247 
0.09402371234 281548981.5 8818842.31 100070 
0.09514974482 275137031.3 8470069.581 97546 
0.09627577731 247501796 7654895.389 95772 
0.09740180979 284703738.8 8407367.875 92358 
0.09852784227 278864921.1 8270778.198 90866 
0.09965387476 275403258 7912495.312 90370 
0.1007799072 270459790.8 7850837.729 87474 
0.1019059397 283170793 8336794.979 84845 
0.1030319722 273175582 7965511.289 83422 
0.1041580047 283213157.3 8109883.003 82093 
0.1052840372 278410733.6 7821251.137 78937 
0.1064100697 259603401 6891893.381 78384 
0.1075361021 280321171.7 8016349.829 76291 
0.1086621346 269341193.8 7611407.984 74953 
0.1097881671 263370841.8 7269365.706 73643 
0.1109141996 268285880.7 7358308.277 71927 
0.1120402321 272056271 7608580.135 70829 
0.1131662646 272822333 7461751.793 68892 
0.114292297 273431904.5 7236739.418 67407 
0.1154183295 270100174.9 7288095.86 66379 
0.116544362 270949295.2 7355846.471 65340 
0.1176703945 280681453.8 7467368.359 64493 
0.118796427 268494518.7 6866325.346 62380 
0.1199224595 264569716.8 6851969.368 61022 
0.1210484919 272246745.3 7257563.473 60692 
0.1221745244 271360312.3 7057317.509 59330 
0.1233005569 265451378.5 6588444.508 58398 
0.1244265894 253809073.5 6379548.575 56652 
0.1255526219 281988725.2 7247463.795 56675 
0.1266786543 268920324.1 6650840.823 55120 
0.1278046868 287018309.6 7124488.237 54875 
0.1289307193 270848329.5 7088973.051 52693 
0.1300567518 270864494.4 6665806.453 52315 
0.1311827843 265714292.4 7001645.594 51784 
0.1323088168 264571114.6 6410715.947 49028 
0.1334348492 274121955.5 6964971.888 49737 
0.1345608817 286240286.3 6778501.208 49577 
0.1356869142 269484276.2 6503655.09 47502 
0.1368129467 262266091.9 6363917.513 47117 
0.1379389792 269133054.4 6465862.131 47902 
0.1390650117 264378928.4 6466213.484 45117 
0.1401910441 262475404.1 6436900.215 44044 
0.1413170766 289793553.1 6475609.564 45160 
0.1424431091 223076491.2 5353346.006 42674 
0.1435691416 298305042.7 7337667.835 42922 
0.1446951741 251323547 5792765.938 41731 
0.1458212066 256418587 6106756.148 41132 
0.146947239 253091643.2 5768699.169 41120 
0.1480732715 276203724.4 6548234.048 39594 
0.149199304 261397640.9 6192591.349 39778 
0.1503253365 265894899.9 6059949.48 38824 
0.151451369 264646648.3 6228634.449 37986 
0.1525774015 253253951.7 5783706.228 37806 
0.1537034339 266975508.2 5980874.661 36883 
0.1548294664 261568071.1 5967946.247 36853 
0.1559554989 266172961.7 6063000.111 35783 
0.1570815314 253951652.6 5835823.903 35345 
0.1582075639 251759816.6 5711633.923 35321 
0.1593335964 262090668.4 6013383.403 33686 
0.1604596288 260247948.3 5895020.997 34234 
0.1615856613 262867572.2 5915587.394 32603 
0.1627116938 260026392.2 5992569.881 32967 
0.1638377263 255998106.9 5852458.605 32607 
0.1649637588 262944811.7 5959745.012 31863 
0.1660897913 260968431.3 5862455.177 31291 
0.1672158237 270005320.1 5909906.593 31791 
0.1683418562 255617358.5 5866357.466 30558 
0.1694678887 272453351.9 5769437.448 31047 
0.1705939212 240917483.9 5471887.456 29358 
0.1717199537 253663184.6 5656069.312 29247 
0.1728459862 260730244 5752928.293 29263 
0.1739720186 248298892 5401620.468 28785 
0.1750980511 258722634.6 5652999.971 28523 
0.1762240836 250975732.1 5465908.085 28213 
0.1773501161 255368160.8 5729155.003 27723 
0.1784761486 250490069.3 5281817.665 27500 
0.1796021811 248856701.9 5547445.322 26393 
0.1807282135 256334335.2 5533204.232 26790 
0.181854246 268620517.8 5918246.174 26021 
0.1829802785 239745310.8 5229049.069 25696 
0.184106311 242511281 5235035.574 25333 
0.1852323435 253358656.5 5531648.08 24980 
0.186358376 248284105.4 5279872.96 25066 
0.1874844084 253345641.1 5371451.327 24836 
0.1886104409 244404679.8 5183071.599 24200 
0.1897364734 253265787.4 5477989.078 24177 
0.1908625059 242014609.2 5232196.671 23223 
0.1919885384 242909455.2 5171775.197 23669 
0.1931145709 255566788.5 5520322.841 23332 
0.1942406033 246028605.9 5221782.103 22751 
0.1953666358 246559575.3 5241964.938 22798 
0.1964926683 236119174.6 4969784.382 22512 
0.1976187008 248059916.6 5272478.799 22178 
0.1987447333 234615482 5025755.15 20828 
0.1998707658 250895386.7 5094635.401 23642 
0.2009967982 237423880.7 5180585.811 20350 
0.2021228307 239280440.2 5051439.444 21144 
0.2032488632 242570894.1 5102833.69 20965 
0.2043748957 234986318.8 4956771.722 20516 
0.2055009282 236513158.3 5316911.068 18908 
0.2066269607 251012148.9 5046827.484 21013 
0.2077529931 223235464.8 4894042.917 19153 
0.2088790256 253376837.6 4954650.657 20486 
0.2100050581 210934135.2 4587465.199 18890 
0.2111310906 226004964.8 4774825.124 19012 
0.2122571231 249496740.9 5251141.572 18925 
0.2133831555 242626369.7 5063492.405 19051 
0.214509188 245948951 5240751.579 18829 
0.2156352205 228068961.5 4593507.273 18492 
0.216761253 230216218.8 4808396.794 18373 
0.2178872855 241808180.4 5091444.919 17765 
0.219013318 228231670.2 4746361.432 17944 
0.2201393504 231940172.2 4919309.982 17264 
0.2212653829 226604699.9 4714499.128 17379 
0.2223914154 231920624.9 4750318.241 17387 
0.2235174479 231604461.4 4906491.943 17044 
0.2246434804 240334384.1 4955952.851 17110 
0.2257695129 240798423.6 5001293.849 17304 
0.2268955453 216996264.4 4601555.337 15917 
0.2280215778 225500985.8 4636417.62 16227 
0.2291476103 235010559.8 4955197.868 16364 
0.2302736428 224144160.7 4590576.397 16001 
0.2313996753 229473010.3 4732040.082 15515 
0.2325257078 217030625.7 4527691.337 15657 
0.2336517402 226867966.9 4626783.042 15920 
0.2347777727 224122240 4734644.709 15187 
0.2359038052 225032800.9 4663687.233 15213 
0.2370298377 225068531.6 4784089.107 14661 
0.2381558702 223608628.8 4581826.678 15150 
0.2392819027 211569157.6 4433913.347 14563 
0.2404079351 219021889.2 4548563.894 14974 
0.2415339676 217165840.5 4564545.767 14055 
0.2426600001 216218384.4 4441107.667 14381 
0.2437860326 216825375.4 4479987.512 14079 
0.2449120651 211858290.4 4458116.359 13802 
0.2460380976 215829705.4 4452459.816 14264 
0.24716413 214018526.2 4562174.51 13219 
0.2482901625 219206475.2 4562663.094 13748 
0.249416195 223643918.5 4546433.682 13427 
0.2505422275 201268110 4303526.621 12812 
0.25166826 205837397.1 4224464.785 13063 
0.2527942925 230908068.7 4709087.944 13514 
0.2539203249 210412660.7 4418705.146 12775 
0.2550463574 206528523.3 4412334.444 12744 
0.2561723899 209096114.3 4489630.589 12707 
0.2572984224 215777220.2 4527593.672 12764 
0.2584244549 217284677.1 4623259.927 12281 
0.2595504874 206968879.1 4318269.763 12298 
0.2606765198 201526299.6 4315777.792 11895 
0.2618025523 215079169.6 4523945.166 12185 
0.2629285848 217577487 4432187.454 12343 
0.2640546173 211127016.8 4491247.304 12221 
0.2651806498 200618637.2 4335301.013 10986 
0.2663066823 211965288.4 4397681.575 12006 
0.2674327147 195766883.2 4205034.108 11010 
0.2685587472 215045405.4 4335531.873 12225 
0.2696847797 197667730.7 4329611.042 10763 
0.2708108122 200439615.2 4311118.944 10885 
0.2719368447 195634745.9 4166078.832 11328 
0.2730628772 195259260.1 4215413.393 10639 
0.2741889096 198863336.6 4162306.776 11177 
0.2753149421 194260500.4 4081658.967 10812 
0.2764409746 209081803.9 4376246.561 10871 
0.2775670071 180582068.2 4041885.542 10220 
0.2786930396 203674118.2 4265046.679 10777 
0.2798190721 171895063.4 3706815.528 9944 
0.2809451045 228442572.2 4880296.049 10644 
0.282071137 174706373.8 3747936.447 9965 
0.2831971695 187497304.5 3994755.386 9989 
0.284323202 190818180.6 4165472.478 9945 
0.2854492345 195013001.8 4208030.599 9976 
0.286575267 185286951.4 4086713.236 9759 
0.2877012994 185563409.1 3989634.521 9617 
0.2888273319 193870915.5 4194373.521 9699 
0.2899533644 190346732.1 4140531.266 9587 
0.2910793969 180022897.2 3972184.137 9275 
0.2922054294 195025129.4 4318944.492 9436 
0.2933314618 177447065.5 3920613.448 9021 
0.2944574943 191079950 4107939.672 9541 
0.2955835268 184441178.2 4025130.999 8901 
0.2967095593 186924902.2 3920619.261 9714 
0.2978355918 180034061.9 3975620.093 8667 
0.2989616243 168252163.3 3751965.81 8535 
0.3000876567 182926177.5 4047610.679 8895 
0.3012136892 182388674.2 3942153.748 8873 
0.3023397217 175417921.3 3899908.096 8390 
0.3034657542 170590166.7 3935979.158 8434 
0.3045917867 172387061.5 3781778.151 8676 
0.3057178192 179047698.6 4071844.502 8267 
0.3068438516 179645388.7 3904746.247 8474 
0.3079698841 170781573.6 3870519.427 8138 
0.3090959166 174715211.5 3921631.902 8185 
0.3102219491 170825692.7 3833369.503 8056 
0.3113479816 170825984.6 3823685.85 8123 
0.3124740141 176385191.3 3927003.314 7891 
0.3136000465 174686740.2 3960989.776 7857 
0.314726079 177022503.9 3984943.686 8006 
0.3158521115 160075143.1 3559498.656 7544 
0.316978144 167480538.3 3805796.37 7754 
0.3181041765 164183565.9 3740732.715 7555 
0.319230209 165530151.6 3748801.116 7501 
0.3203562414 173940681 3923727.695 7916 
0.3214822739 163937208.9 3774617.172 7050 
0.3226083064 161342388.3 3727307.005 7372 
0.3237343389 159736622.7 3767616.647 7044 
0.3248603714 166630523.4 3847910.68 7317 
0.3259864039 160464231.9 3743054.962 7156 
0.3271124363 161812758.8 3766316.335 7145 
0.3282384688 165453315.2 3806335.989 7130 
0.3293645013 160361571 3643199.131 7144 
0.3304905338 150425279.6 3547521.93 6604 
0.3316165663 167054934.4 3904371.162 6890 
0.3327425988 166930878.7 3815375.078 7012 
0.3338686312 156995803.4 3671893.628 6855 
0.3349946637 156439921.6 3657057.061 6676 
0.3361206962 149040575.1 3572284.089 6470 
0.3372467287 153632772.8 3633126.333 6540 
0.3383727612 153429736 3577906.942 6621 
0.3394987937 156921061.3 3757455.61 6526 
0.3406248261 156264767.7 3635939.441 6656 
0.3417508586 146249076.5 3473536.323 6335 
0.3428768911 151490979.3 3646237.93 6262 
0.3440029236 146186572.1 3538044.652 5951 
0.3451289561 143545500.1 3529005.1 6070 
0.3462549886 144673958 3468074.709 6240 
0.347381021 137889862.2 3489434.649 5719 
0.3485070535 151187184.2 3610854.787 6238 
0.349633086 144760092.6 3614539.049 6027 
0.3507591185 137132724.9 3413081.172 5840 
0.351885151 146598059.6 3618970.099 5847 
0.3530111835 138922589.7 3442587.031 5724 
0.3541372159 145617343.2 3583510.126 5865 
0.3552632484 132200664.6 3327924.583 5681 
0.3563892809 147436497.3 3518506.043 5932 
0.3575153134 140944709.5 3569063.927 5632 
0.3586413459 143138041.9 3508093.452 5662 
0.3597673784 138191380.2 3497324.25 5396 
0.3608934108 142380724.3 3486534.433 5663 
0.3620194433 133767429 3341042.826 5371 
0.3631454758 141265752.8 3555124.524 5412 
0.3642715083 124751057.9 3166101.914 5208 
0.3653975408 143163535 3560713.872 5499 
0.3665235733 130206392 3293156.79 5300 
0.3676496057 127331110 3306437.527 4959 
0.3687756382 125229206 3313354.032 5001 
0.3699016707 140762342.9 3480296.207 5416 
0.3710277032 129836030.8 3388961.106 5047 
0.3721537357 127101184.5 3299631.806 4963 
0.3732797682 117082288.3 3163635.723 4870 
0.3744058006 132296997.9 3341407.62 5319 
0.3755318331 118948793.2 3250880.365 4346 
0.3766578656 125431526.1 3334254.468 4971 
0.3777838981 127167828.1 3324514.214 4983 
0.3789099306 119183205 3169967.347 4650 
0.380035963 122462919.3 3288432.1 4518 
0.3811619955 115232969.4 3125186.124 4641 
0.382288028 126255333.2 3315204.662 4817 
0.3834140605 108506513.7 3065534.643 4125 
0.384540093 118802410 3168628.283 4832 
0.3856661255 125695713.2 3267137.502 4972 
0.3867921579 106260482.7 3069995.575 3768 
0.3879181904 120769907.5 3259815.626 4740 
0.3890442229 118994846 3154441.326 4606 
0.3901702554 101402561.9 3062640.341 3537 
0.3912962879 122997791.3 3233264.838 4907 
0.3924223204 106008998.9 3049455.682 3837 
0.3935483528 113546247.4 3251704.135 4152 
0.3946743853 132673643.7 3265028.082 5318 
0.3958004178 77138028.31 2885145.832 2274 
0.3969264503 129675554.3 3281932.536 5236 
0.3980524828 117250467.8 3160448.298 4224 
0.3991785153 90812712.05 2952705.936 3142 
0.4003045477 156119936.3 3466619.2 6190 
0.4014305802 38745112.42 2332049.734 1014 
0.4025566127 169642890.2 3752129.591 6300 
0.4036826452 32790292.61 1679895.124 1454 
0.4048086777 169872660.9 3995901.75 5714 
0.4059347102 36767586.08 1392305.716 1973 
0.4070607426 177699262.8 4126581.138 5852 
0.4081867751 40448753.74 1526310.317 2058 
0.4093128076 167906645.1 4095475.525 5631 
0.4104388401 42292250.96 1613303.976 1885 
0.4115648726 107427920.6 2933184.341 4003 
0.4126909051 101374298.3 3112801.684 3639 
0.4138169375 83530815.93 2498367.294 3334 
0.41494297 123345436.7 3496054.049 4368 
0.4160690025 72295403.64 2328515.106 2845 
0.417195035 122123396.1 3448535.018 4162 
0.4183210675 71070075.09 2445232.181 2711 
0.4194471 102463440 2953346.14 3811 
0.4205731324 88119109.95 2833283.414 3375 
0.4216991649 87237463.13 2692372.25 3252 
0.4228251974 102808640.4 3133008.676 3557 
0.4239512299 76855260.15 2507424.534 2914 
0.4250772624 89363041.04 2824402.418 3235 
0.4262032949 83765625.43 2765777.31 3017 
0.4273293273 90583673.76 2794018.697 3269 
0.4284553598 88490270.74 2822115.303 3210 
0.4295813923 85930181.2 2689844.996 3174 
0.4307074248 86305423.61 2857849.387 2934 
0.4318334573 87196924.56 2778574.911 3107 
0.4329594898 84690060.86 2760105.927 2935 
0.4340855222 86725499.81 2814035.167 3147 
0.4352115547 76938766.77 2605983.239 2863 
0.4363375872 91409061.54 2913354.863 3084 
0.4374636197 76364679.65 2575773.189 2771 
0.4385896522 86251019.88 2809438.822 3052 
0.4397156847 84435256.26 2784484.399 2963 
0.4408417171 76858858.41 2660968.883 2579 
0.4419677496 89614311.08 2840967.422 3039 
0.4430937821 75492000.85 2611264.1 2676 
0.4442198146 79958716.83 2661854.245 2845 
0.4453458471 77477724.57 2694509.011 2591 
0.4464718796 72834738.88 2470806.779 2690 
0.447597912 71904387.54 2623071.412 2531 
0.4487239445 80406891.93 2666389.427 2934 
0.449849977 70871173.95 2526500.582 2567 
0.4509760095 67932333.26 2500044.931 2476 
0.452102042 67376763.51 2426493.386 2412 
0.4532280745 80340543.23 2739871.611 2769 
0.4543541069 65366295.14 2433343.147 2296 
0.4554801394 70790314.43 2532493.794 2388 
0.4566061719 71606769.16 2580958.087 2439 
0.4577322044 69761429.34 2462242.805 2542 
0.4588582369 71205741.08 2603143.23 2368 
0.4599842694 62684689.29 2326135.836 2255 
0.4611103018 74504877.04 2632698.067 2476 
0.4622363343 70584309.27 2499550.968 2536 
0.4633623668 64479545.8 2446979.871 2267 
0.4644883993 65927602.9 2456153.321 2222 
0.4656144318 57832404.98 2264356.324 2130 
0.4667404642 62681760.74 2425028.874 2063 
0.4678664967 67652332.46 2501181.691 2351 
0.4689925292 61677395.06 2375833.042 2056 
0.4701185617 67666015.82 2534437.281 2302 
0.4712445942 50629768.97 2108475.41 1807 
0.4723706267 63457584.4 2474049.147 2185 
0.4734966591 54108429.55 2167604.481 1874 
0.4746226916 71948925.68 2557532.602 2420 
0.4757487241 49871716.32 2142818.856 1732 
0.4768747566 65242572 2433063.762 2214 
0.4780007891 60638203.83 2413302.372 1994 
0.4791268216 48499718.57 2079286.271 1713 
0.480252854 57334898.4 2266800.097 2126 
0.4813788865 50898616.89 2136863.749 1764 
0.482504919 51854250.77 2168240.899 1808 
0.4836309515 58447553.88 2332530.391 1951 
0.484756984 52089189 2170565.166 1826 
0.4858830165 59925672.06 2348902.438 2049 
0.4870090489 47720608.34 2042100.297 1635 
0.4881350814 51965125.89 2197285.196 1800 
0.4892611139 50157486.17 2164185.151 1658 
0.4903871464 48642753.17 2065089.918 1786 
0.4915131789 50944992.1 2151063.94 1751 
0.4926392114 46907031.37 2046963.207 1719 
0.4937652438 50065393.33 2132101.608 1770 
0.4948912763 47078035.53 2072043.123 1640 
0.4960173088 43080212.65 1934498.679 1596 
0.4971433413 49707075.33 2140104.685 1754 
0.4982693738 36145862.05 1807306.11 1332 
0.4993954063 39800362.1 1913191.905 1374 
0.5005214387 47688729.34 2125450.768 1666 
0.5016474712 47425257.84 2086226.317 1646 
0.5027735037 45613083.12 2040891.694 1483 
0.5038995362 39896659.24 1884197.453 1392 
0.5050255687 43228047.59 1991988.592 1481 
0.5061516012 44098062.3 2037080.631 1431 
0.5072776336 36831618.86 1797141.501 1354 
0.5084036661 38311329.42 1861636.018 1384 
0.5095296986 40195316.65 1941079.38 1413 
0.5106557311 35965571.36 1836609.126 1276 
0.5117817636 30099266.43 1636866.809 1171 
0.5129077961 38098867.83 1868776.735 1401 
0.5140338285 33684814.13 1745242.08 1236 
0.515159861 41668795.4 1934360.959 1487 
0.5162858935 29796854.06 1624170.549 1060 
0.517411926 42365244.43 1987402.672 1403 
0.5185379585 35806610.41 1855744.916 1246 
0.519663991 33271890.9 1750212.39 1196 
0.5207900234 27682524.44 1627955.255 988 
0.5219160559 37414072.85 1869003.29 1324 
0.5230420884 30202872.43 1679110.068 1020 
0.5241681209 33256387.81 1795168.525 1107 
0.5252941534 33749229.18 1744317.242 1200 
0.5264201859 25989317.75 1581570.754 914 
0.5275462183 38585717.95 1884577.16 1420 
0.5286722508 23767490.35 1499891.943 780 
0.5297982833 24691015.23 1482733.146 971 
0.5309243158 37075411.83 1870701.871 1301 
0.5320503483 22405011.58 1417413.642 814 
0.5331763808 23581008.19 1420603.261 864 
0.5343024132 27354609.43 1594407.239 987 
0.5354284457 29202207.78 1672411.742 1031 
0.5365544782 22738271.18 1481161.731 773 
0.5376805107 24723785.82 1514199.863 910 
0.5388065432 25759035.24 1566763.556 865 
0.5399325757 25672071.53 1552335.678 947 
0.5410586081 23117378.35 1418428.7 866 
0.5421846406 19830331.69 1352675.025 710 
0.5433106731 24790150.42 1550666.684 888 
0.5444367056 24622318.58 1488392.853 843 
0.5455627381 21776579.06 1456259.564 762 
0.5466887705 19956373.71 1365308.452 670 
0.547814803 25144205.54 1514140.78 882 
0.5489408355 14472515.76 1181102.8 522 
0.550066868 17415379.02 1294821.693 657 
0.5511929005 23844013.33 1530160.076 873 
0.552318933 15601405.71 1205337.71 573 
0.5534449654 14367404.76 1186161.04 526 
0.5545709979 19395658.5 1361562.052 653 
0.5556970304 14573596.51 1139044.972 543 
0.5568230629 18657112.48 1341254.816 672 
0.5579490954 15935547.98 1236960.741 552 
0.5590751279 15223622.4 1190742.585 580 
0.5602011603 15622690.83 1240825.681 592 
0.5613271928 14868151.43 1186439.358 530 
0.5624532253 12368689.19 1102641.806 448 
