# Format: McCode with text headers
# URL: http://www.mccode.org
# Creator: McStas 2.5 - Dec. 12, 2018
# Instrument: ESS_HEIMDAL.instr
# Ncount: 250000
# Trace: no
# Gravitation: no
# Seed: 1565866372
# Directory: TauScan/16
# Nodes: 4
# Param: lmax=4
# Param: lmin=0.5
# Param: T=200
# Param: tau=160
# Param: use_CoFe2O4=1
# Param: use_CoFe=1
# Param: use_magn=1
# Date: Wed Aug 14 15:25:03 2019 (1565789103)
# type: array_2d(40, 40)
# Source: ESS_HEIMDAL (ESS_HEIMDAL.instr)
# component: psd_source
# position: 0 0 0.01
# title: PSD monitor
# Ncount: 1000000
# filename: PSD_source.dat
# statistics: X0=-0.0051675; dX=4.99982; Y0=-0.00114375; dY=5.00475;
# signal: Min=0; Max=6.45171e+06; Mean=2.13803e+06;
# values: 3.42084e+09 3.42084e+06 1e+06
# xvar: X 
# yvar: Y 
# xlabel: X position [cm]
# ylabel: Y position [cm]
# zvar: I
# zlabel: Signal per bin
# xylimits: -15 15 -15 15
# variables: I I_err N
# Data [psd_source/PSD_source.dat] I:
0 0 0 0 0 0 0 0 0 0 0 0 0 0 0 0 0 0 0 0 0 0 0 0 0 0 0 0 0 0 0 0 0 0 0 0 0 0 0 0 
0 0 0 0 0 0 0 0 0 0 0 0 0 0 0 0 0 0 0 0 0 0 0 0 0 0 0 0 0 0 0 0 0 0 0 0 0 0 0 0 
0 0 0 0 0 0 0 0 0 0 0 0 0 0 0 0 0 0 0 0 0 0 0 0 0 0 0 0 0 0 0 0 0 0 0 0 0 0 0 0 
0 0 0 0 0 0 0 0 0 0 0 0 0 0 0 0 0 0 0 0 0 0 0 0 0 0 0 0 0 0 0 0 0 0 0 0 0 0 0 0 
0 0 0 0 0 0 0 0 0 0 0 0 0 0 0 0 0 0 0 0 0 0 0 0 0 0 0 0 0 0 0 0 0 0 0 0 0 0 0 0 
0 0 0 0 0 0 0 0 0 0 0 0 0 0 0 0 0 0 0 0 0 0 0 0 0 0 0 0 0 0 0 0 0 0 0 0 0 0 0 0 
0 0 0 0 0 0 0 0 0 0 0 0 0 0 0 0 0 543913.9486 1464120.499 2028559.437 2018296.903 1498328.925 643118.3486 0 0 0 0 0 0 0 0 0 0 0 0 0 0 0 0 0 
0 0 0 0 0 0 0 0 0 0 0 0 0 0 937310.771 3465313.22 5155209.429 6065153.648 5791486.318 6174620.759 6225933.404 6222512.466 6106203.755 5254413.902 3232695.868 937310.7736 0 0 0 0 0 0 0 0 0 0 0 0 0 0 
0 0 0 0 0 0 0 0 0 0 0 0 543913.9033 3762926.604 6396975.357 6410659.029 5842799.442 6195146.335 5931741.603 6099362.984 6174621.473 6130150.442 6020683.458 6078837.554 6130149.936 6154095.475 4108431.535 584964.0143 0 0 0 0 0 0 0 0 0 0 0 0 
0 0 0 0 0 0 0 0 0 0 0 1587270.835 5764119.344 6328558.746 6154096.189 6123308.849 6075417.414 6003579.786 6232776.53 6390135.256 5972792.379 6191726.41 6171201.142 6102784.03 6017262.808 6201988.027 5880428.446 5723069.314 1676212.696 0 0 0 0 0 0 0 0 0 0 0 
0 0 0 0 0 0 0 0 0 0 2103818.035 6071995.256 5938582.962 6390134.605 6123309.195 6116467.883 6325139.498 6304614.699 6154097.764 6150676.878 5979634.689 5983055.561 5921480.249 5948846.745 5842800.444 6136992.517 5955687.585 6116466.753 6041207.745 2250914.183 0 0 0 0 0 0 0 0 0 0 
0 0 0 0 0 0 0 0 0 1645425.105 6089099.492 5996737.314 6140413.159 6154097.004 6024105.315 6027526.401 6037789.217 6263565.163 6195148.402 6119889.851 6352507.172 6037789.548 6188306.536 6243039.857 6191726.894 6205410.03 5965950.665 6249880.205 6424342.628 6167778.87 1652266.797 0 0 0 0 0 0 0 0 0 
0 0 0 0 0 0 0 0 561018.1319 5716227.63 5931741.226 6157517.389 6349085.135 6373031.517 6219093.926 6037789.44 6246461.21 5989898.082 6205411.417 5931743.891 6201990.623 5887272.826 6041210.76 6126731.713 6338823.717 5989897.354 6232776.886 6113046.942 6410659.733 6321717.334 5469926.915 530230.5455 0 0 0 0 0 0 0 0 
0 0 0 0 0 0 0 0 3933968.655 6051470.557 6003579.371 6140413.619 6119889.022 6126731.109 5924901.749 5952268.793 6181465.618 6071998.79 6232778.577 5894115.044 6010423.743 6075419.763 6287511.919 6030948.456 6396978.611 6263565.32 5907797.164 5894113.349 5959108.951 6236196.703 6075416.444 4019489.73 0 0 0 0 0 0 0 0 
0 0 0 0 0 0 0 923627.4065 6037786.847 5873587.089 6219092.825 6092522.186 6157518.717 5877009.934 6342245.07 6167782.341 6301195.481 5897536.109 6301195.821 6284091.692 6232778.999 6434608.798 6167782.755 6143836.667 5877010.549 6123311.006 6270406.989 6167781.264 6184884.924 6184884.4 6205408.838 5907794.873 909944.0375 0 0 0 0 0 0 0 
0 0 0 0 0 0 0 3260062.681 6167779.203 6092521.322 6178043.023 6034368.157 6123310.572 6171202.828 6266986.822 5921481.844 6321720.901 6044632.634 6331983.737 6410663.269 5894115.704 6017266.065 5911219.722 6284091.616 6270407.972 5976215.081 5952268.774 6181464.917 6181464.395 6154097.137 6082258.798 6253300.251 3284008.56 0 0 0 0 0 0 0 
0 0 0 0 0 0 0 5384405.869 6061733.327 6184884.33 6219093.361 6109626.944 6239619.511 6061735.997 6232778.67 6089103.477 6027528.498 6003582.78 6215675.274 6212254.501 6037791.407 6034370.497 6027528.667 6444871.577 6130153.613 5993319.52 6366191.188 6013843.806 5955688.971 6188305.803 6243038.673 6188304.526 5305726.473 0 0 0 0 0 0 0 
0 0 0 0 0 0 663643.3879 6044628.547 6164358.82 6061734.15 6071997.33 6191727.388 6167781.966 6119890.582 6106207.579 5986478.316 6119891.518 6325142.401 6157521.103 5924903.715 6068579.181 6010424.756 6099366.618 6150679.107 6424346.466 6102786.715 5955690.041 6071998.343 6188306.545 5839379.942 6147255.256 6201988.05 5552027.236 595226.546 0 0 0 0 0 0 
0 0 0 0 0 0 1546220.686 6386712.91 6410659.602 6058313.454 5883851.03 6119889.788 6191728.019 6058315.513 6417504.555 6260146.011 6184887.67 6328563.348 6424347.153 6362771.998 6195150.588 6174625.453 6089104.206 6229358.668 6119891.373 6099366 6041211.292 6198569.683 5924901.673 6195147.798 6136992.837 6082258.683 6212249.966 1505170.575 0 0 0 0 0 0 
0 0 0 0 0 0 1939617.55 6345662.87 5948845.85 6147255.415 5972793.016 6020685.383 6325140.987 5979636.149 5897536.235 6071999.603 6007003.808 6085683.423 6089104.381 6092525.297 5812015.99 5904378.751 6058316.659 6071999.856 6212254.257 5986478.192 6174624.291 6362770.278 6451711.704 6092522.556 6119888.676 6034366.95 6208829.175 2107238.82 0 0 0 0 0 0 
0 0 0 0 0 0 1867779.867 6215670.878 6065154.53 6082259.413 6130151.844 6246461.083 5979635.73 6448291.851 6089103.535 6089103.839 6092524.931 6184887.925 6188308.897 6201992.337 6311459.384 6010424.953 6205412.999 5986478.727 6010424.404 6089103.541 5945427.699 6123311.183 6270406.992 6208831.239 5996738.341 6044629.465 6017262.015 1795942.177 0 0 0 0 0 0 
0 0 0 0 0 0 1450437.098 5948845.096 6253300.831 6229355.624 5996738.87 6000160.243 6030948.331 6034369.603 5883852.783 6160941.519 6109629.088 6195150.398 6201992.199 5948849.74 5880432.84 6314880.102 6071999.977 6150679.216 6379875.6 6373033.562 5979636.082 6243040.675 6048052.068 6065155.753 6116467.802 6150675.542 6027524.492 1385441.106 0 0 0 0 0 0 
0 0 0 0 0 0 519968.018 5911215.721 6054891.823 6171201.148 6075418.154 6092522.906 6212252.936 6126732.277 5986478.002 6280670.951 6407242.468 6373034.209 6133575.186 6321721.728 6113050.197 6188308.71 5931745.234 6007003.637 6010424.244 5914640.263 6205411.71 6133573.503 6126731.355 5965951.164 6130151.034 6181463.016 6106203.743 533651.3908 0 0 0 0 0 0 
0 0 0 0 0 0 0 5305726.484 6143833.549 6232776.152 6438027.37 6178043.813 6195148.57 6167782.227 6249882.842 6106207.698 6147258.107 6205412.641 6239621.199 6195150.252 6325142.413 6109629.087 6236200.225 6147258.092 6078840.93 6013844.564 6205411.515 6314878.09 6075418.524 6318297.855 6099363.31 6092520.889 5216784.602 0 0 0 0 0 0 0 
0 0 0 0 0 0 0 3475575.767 6133570.753 6099362.977 6178043.005 6017263.955 6034368.621 6048052.432 6126732.212 6246462.086 6092524.299 5873590.438 5979636.729 6448292.549 5870169.753 6195149.937 6034370.123 6376454.42 5976215.378 6154098.969 6284090.661 6150677.313 5979634.632 6095942.768 6164359.063 6338821.327 3092441.447 0 0 0 0 0 0 0 
0 0 0 0 0 0 0 950994.1129 6229354.048 5928320.6 6113046.658 6232776.78 6126731.12 6099364.775 5928322.992 5983056.772 6143836.676 6243041.369 6236199.815 6174624.666 6102786.907 6065157.546 6355929.241 6270407.93 6342245.425 5969373.056 5986476.907 5965951.471 6071997.093 6078838.29 5976212.365 5983053.43 885998.1425 0 0 0 0 0 0 0 
0 0 0 0 0 0 0 0 4016068.88 5976212.002 5942004.163 6301193.269 6013842.867 6034368.407 6195148.404 5959110.478 6253303.375 6208832.499 6178045.062 6051473.841 5976215.285 6126732.373 6051473.659 6297774.291 6174623.658 6071998.015 5976214.051 5894113.42 6154096.995 6195146.58 6003578.721 3773189.034 0 0 0 0 0 0 0 0 
0 0 0 0 0 0 0 0 571280.6555 5500714.512 6263562.996 6106204.766 6198568.001 6037788.772 6102785.215 6044631.166 6130152.454 6089102.577 6229357.255 6321720.151 6349086.863 6178044.644 6136994.385 6061735.68 6089102.173 6024105.799 6229356.052 6119888.607 6020683.669 6219092.011 5552027.158 537072.2314 0 0 0 0 0 0 0 0 
0 0 0 0 0 0 0 0 0 1778838 6171199.745 5983053.941 6136992.349 6020684.118 6243039.23 6065155.802 6277248.194 6205410.727 6000160.198 6085681.437 6212252.625 6304615.356 6092522.904 6003580.838 6106205.863 6113047.248 5979634 6167779.944 6123308.493 5924899.066 1727525.324 0 0 0 0 0 0 0 0 0 
0 0 0 0 0 0 0 0 0 0 2172234.804 5774382.034 6078837.505 6095942.091 5955687.871 6195147.221 6126730.586 6075418.087 6383294.238 5965951.347 5808592.536 6071997.41 6123310.003 6078838.733 6116467.804 6294351.378 6359347.071 6181462.793 5938582.439 2175655.721 0 0 0 0 0 0 0 0 0 0 
0 0 0 0 0 0 0 0 0 0 0 1693316.913 5613602.333 6154095.804 5842799.514 6007000.259 6225934.519 6277247.361 6273826.648 6438027.083 6253301.54 6140413.687 5870166.92 6048050.61 6147254.775 6102783.498 5853061.691 5497293.605 1720683.646 0 0 0 0 0 0 0 0 0 0 0 
0 0 0 0 0 0 0 0 0 0 0 0 622593.2672 3944231.169 6355925.237 6106204.059 6239617.107 6068575.233 6325138.538 6164359.008 6229355.039 6431184.716 6263563.264 5993316.475 5815432.385 6157516.37 3920285.232 523388.8427 0 0 0 0 0 0 0 0 0 0 0 0 
0 0 0 0 0 0 0 0 0 0 0 0 0 0 892839.8056 3390054.667 5483610.289 6048049.395 6143833.091 5812011.473 6236195.913 6130149.735 6119887.046 5326251.537 3472154.845 954414.9757 0 0 0 0 0 0 0 0 0 0 0 0 0 0 
0 0 0 0 0 0 0 0 0 0 0 0 0 0 0 0 0 561018.1414 1392282.803 2038822.01 1850675.672 1553062.364 567859.7883 0 0 0 0 0 0 0 0 0 0 0 0 0 0 0 0 0 
0 0 0 0 0 0 0 0 0 0 0 0 0 0 0 0 0 0 0 0 0 0 0 0 0 0 0 0 0 0 0 0 0 0 0 0 0 0 0 0 
0 0 0 0 0 0 0 0 0 0 0 0 0 0 0 0 0 0 0 0 0 0 0 0 0 0 0 0 0 0 0 0 0 0 0 0 0 0 0 0 
0 0 0 0 0 0 0 0 0 0 0 0 0 0 0 0 0 0 0 0 0 0 0 0 0 0 0 0 0 0 0 0 0 0 0 0 0 0 0 0 
0 0 0 0 0 0 0 0 0 0 0 0 0 0 0 0 0 0 0 0 0 0 0 0 0 0 0 0 0 0 0 0 0 0 0 0 0 0 0 0 
0 0 0 0 0 0 0 0 0 0 0 0 0 0 0 0 0 0 0 0 0 0 0 0 0 0 0 0 0 0 0 0 0 0 0 0 0 0 0 0 
0 0 0 0 0 0 0 0 0 0 0 0 0 0 0 0 0 0 0 0 0 0 0 0 0 0 0 0 0 0 0 0 0 0 0 0 0 0 0 0 
# Errors [psd_source/PSD_source.dat] I_err:
0 0 0 0 0 0 0 0 0 0 0 0 0 0 0 0 0 0 0 0 0 0 0 0 0 0 0 0 0 0 0 0 0 0 0 0 0 0 0 0 
0 0 0 0 0 0 0 0 0 0 0 0 0 0 0 0 0 0 0 0 0 0 0 0 0 0 0 0 0 0 0 0 0 0 0 0 0 0 0 0 
0 0 0 0 0 0 0 0 0 0 0 0 0 0 0 0 0 0 0 0 0 0 0 0 0 0 0 0 0 0 0 0 0 0 0 0 0 0 0 0 
0 0 0 0 0 0 0 0 0 0 0 0 0 0 0 0 0 0 0 0 0 0 0 0 0 0 0 0 0 0 0 0 0 0 0 0 0 0 0 0 
0 0 0 0 0 0 0 0 0 0 0 0 0 0 0 0 0 0 0 0 0 0 0 0 0 0 0 0 0 0 0 0 0 0 0 0 0 0 0 0 
0 0 0 0 0 0 0 0 0 0 0 0 0 0 0 0 0 0 0 0 0 0 0 0 0 0 0 0 0 0 0 0 0 0 0 0 0 0 0 0 
0 0 0 0 0 0 0 0 0 0 0 0 0 0 0 0 0 43135.18194 70770.93553 83302.95175 83091.96854 71592.92535 46904.22623 0 0 0 0 0 0 0 0 0 0 0 0 0 0 0 0 0 
0 0 0 0 0 0 0 0 0 0 0 0 0 0 56625.01451 108877.4079 132797.4351 144041.4351 140754.2625 145335.4921 145938.13 145898.0293 144528.0628 134069.0933 105159.6045 56625.01466 0 0 0 0 0 0 0 0 0 0 0 0 0 0 
0 0 0 0 0 0 0 0 0 0 0 0 43135.17835 113456.506 147929.1883 148087.3239 141376.4415 145576.8588 142448.4335 144447.0937 145335.5089 144811.1926 143512.411 144203.8395 144811.1806 145093.7308 118550.8168 44733.31621 0 0 0 0 0 0 0 0 0 0 0 0 
0 0 0 0 0 0 0 0 0 0 0 73687.19862 140421.3072 147136.0022 145093.7477 144730.3624 144163.2754 143308.4261 146018.3275 147850.0973 142940.5006 145536.6824 145295.2563 144487.5996 143471.6392 145657.2216 141830.9564 139920.3991 75723.57088 0 0 0 0 0 0 0 0 0 0 0 
0 0 0 0 0 0 0 0 0 0 84834.13107 144122.652 142530.5521 147850.0823 144730.3706 144649.5019 147096.2674 146857.4161 145093.7848 145053.452 143022.3595 143063.2646 142325.1831 142653.6833 141376.4657 144891.9891 142735.6715 144649.4752 143756.8079 87749.77082 0 0 0 0 0 0 0 0 0 0 
0 0 0 0 0 0 0 0 0 75024.92693 144325.4994 143226.7268 144932.3611 145093.7669 143553.1999 143593.9589 143716.156 146378.5456 145576.9074 144689.9729 147414.1634 143716.1639 145496.4962 146138.5094 145536.6938 145697.4135 142858.6091 146218.532 148245.289 145254.9467 75180.74244 0 0 0 0 0 0 0 0 0 
0 0 0 0 0 0 0 0 43808.15607 139836.7397 142448.4244 145134.0767 147374.4389 147652.1036 145857.9739 143716.1613 146178.5538 143145.0583 145697.4461 142448.4884 145657.2825 141913.5052 143756.8797 144770.832 147255.3101 143145.041 146018.3358 144609.0438 148087.3401 147056.4541 136790.9267 42589.14229 0 0 0 0 0 0 0 0 
0 0 0 0 0 0 0 0 116006.4068 143878.8666 143308.4162 144932.3719 144689.9533 144770.8177 142366.3036 142694.7223 145416.0628 144122.7359 146018.3754 141995.9539 143390.1142 144163.3312 146658.1046 143634.7294 147929.2636 146378.5493 142160.6522 141995.9131 142776.6706 146058.3772 144163.2524 117260.5671 0 0 0 0 0 0 0 0 
0 0 0 0 0 0 0 56210.17392 143716.0996 141748.4325 145857.9481 144366.0785 145134.108 141789.7527 147295.0508 145255.0285 146817.6066 142037.1593 146817.6145 146618.2174 146018.3853 148363.7325 145255.0382 144972.7895 141789.7675 144730.4134 146458.4716 145255.0031 145456.2579 145456.2456 145697.3855 142160.5971 55792.24861 0 0 0 0 0 0 0 
0 0 0 0 0 0 0 105603.7888 145254.9546 144366.058 145375.7791 143675.4323 144730.4031 145295.296 146418.5315 142325.2214 147056.537 143797.5997 147175.8597 148087.4218 141995.9698 143471.7169 142201.8457 146618.2157 146458.4946 142981.4729 142694.7219 145416.0463 145416.034 145093.77 144244.4184 146258.5239 105990.9205 0 0 0 0 0 0 0 
0 0 0 0 0 0 0 135717.3668 144000.8209 145456.2439 145857.9606 144568.5968 146098.4776 144000.8843 146018.3776 144325.5939 143594.0089 143308.4976 145817.9048 145777.775 143716.2081 143675.488 143594.0129 148482.0034 144811.2675 143185.9419 147572.8588 143430.8952 142735.7047 145496.4789 146138.4817 145496.4489 134722.1354 0 0 0 0 0 0 0 
0 0 0 0 0 0 47646.81848 143797.5025 145214.6784 144000.8404 144122.7012 145536.7054 145255.0196 144689.9902 144528.1534 143104.2031 144690.0123 147096.3349 145134.1642 142366.3508 144082.1615 143390.1384 144447.1797 145053.5045 148245.3776 144487.6631 142735.7304 144122.7252 145496.4964 141335.0813 145013.0906 145657.2221 137813.6795 45124.008 0 0 0 0 0 0 
0 0 0 0 0 0 72728.1033 147810.4828 148087.3371 143960.2059 141872.2463 144689.9714 145536.7202 143960.2548 148166.4135 146338.6074 145456.3225 147136.1092 148245.3934 147533.243 145576.9587 145335.6026 144325.6112 145978.321 144690.0089 144447.1651 143756.8923 145617.1045 142366.3018 145576.8932 144891.9966 144244.4157 145777.6686 71756.19167 0 0 0 0 0 0 
0 0 0 0 0 0 81456.28057 147334.6984 142653.6619 145013.0943 142940.5159 143512.4569 147096.302 143022.3944 142037.1623 144122.7551 143349.3247 144285.066 144325.6153 144366.1522 141003.5708 142119.5465 143960.2821 144122.7612 145777.7693 143104.2001 145335.5753 147533.2031 148560.7586 144366.0873 144689.9451 143675.4036 145737.5272 84903.07161 0 0 0 0 0 0 
0 0 0 0 0 0 79933.59918 145817.8017 144041.456 144244.433 144811.2257 146178.5508 143022.3844 148521.3911 144325.5953 144325.6025 144366.1435 145456.3285 145496.5517 145657.3228 146937.1481 143390.1431 145697.4832 143104.2129 143390.13 144325.5954 142612.7046 144730.4176 146458.4717 145737.5757 143226.7513 143797.5243 143471.6203 78381.34259 0 0 0 0 0 0 
0 0 0 0 0 0 70439.45235 142653.6438 146258.5375 145978.2496 143226.764 143267.6227 143634.7264 143675.4667 141872.2886 145174.4636 144568.6475 145576.9543 145657.3195 142653.7552 141831.0624 146976.9602 144122.764 145053.5071 147731.3929 147652.151 143022.3928 146138.5285 143838.2501 144041.485 144649.5 145053.4205 143593.9134 68843.12205 0 0 0 0 0 0 
0 0 0 0 0 0 42174.97541 142201.7495 143919.5377 145295.2564 144163.293 144366.0956 145777.7383 144770.8453 143104.1955 146578.3075 148047.9065 147652.166 144851.684 147056.5563 144609.1208 145496.5473 142448.5207 143349.3207 143390.1262 142242.9788 145697.4529 144851.6442 144770.8235 142858.621 144811.2066 145416.0016 144528.0626 42726.30599 0 0 0 0 0 0 
0 0 0 0 0 0 0 134722.1357 144972.7159 146018.3186 148403.1123 145375.7977 145576.9113 145255.0258 146218.5937 144528.1562 145013.1578 145697.4748 146098.5171 145576.9508 147096.3352 144568.6475 146058.4597 145013.1574 144203.9196 143430.9132 145697.4484 146976.9133 144163.3017 147016.6924 144447.1014 144366.0478 133588.1648 0 0 0 0 0 0 0 
0 0 0 0 0 0 0 109038.5096 144851.5793 144447.0935 145375.7787 143471.6666 143675.4433 143838.2588 144770.8438 146178.5743 144366.1286 141748.5133 143022.4083 148521.4071 141707.2332 145576.9434 143675.4791 147691.7735 142981.48 145093.8132 146618.1934 145053.4622 143022.3581 144406.5961 145214.6841 147255.2546 102853.0726 0 0 0 0 0 0 0 
0 0 0 0 0 0 0 57036.8366 145978.2127 142407.3486 144609.0371 146018.3333 144770.818 144447.1361 142407.4061 143063.2936 144972.7897 146138.5448 146058.4501 145335.5841 144487.6677 144041.5276 147453.878 146458.4936 147295.0591 142899.5974 143104.1694 142858.6284 144122.6956 144203.857 142981.4079 143063.2137 55053.24585 0 0 0 0 0 0 0 
0 0 0 0 0 0 0 0 117210.6581 142981.3993 142571.6063 146817.555 143430.8728 143675.4383 145576.9074 142776.7072 146258.597 145737.6053 145375.8271 143878.9447 142981.4778 144770.8476 143878.9404 146777.7404 145335.5604 144122.7175 142981.4483 141995.9148 145093.7667 145576.8645 143308.4006 113611.1111 0 0 0 0 0 0 0 0 
0 0 0 0 0 0 0 0 44207.02435 137175.352 146378.495 144528.0868 145617.065 143716.1454 144487.6276 143797.5648 144811.2401 144325.5726 145978.2878 147056.5196 147374.479 145375.8173 144892.0331 144000.8768 144325.563 143553.2115 145978.2596 144689.9435 143512.416 145857.929 137813.6775 42863.03039 0 0 0 0 0 0 0 0 
0 0 0 0 0 0 0 0 0 78007.20663 145295.2234 143063.2259 144891.9851 143512.4267 146138.4947 144041.4862 146538.3395 145697.4299 143267.6216 144285.019 145777.731 146857.4314 144366.0955 143308.4512 144528.1127 144609.0511 143022.343 145254.972 144730.354 142366.2391 76873.86796 0 0 0 0 0 0 0 0 0 
0 0 0 0 0 0 0 0 0 0 86202.50873 140546.2597 144203.8384 144406.5801 142735.6784 145576.8796 144770.8054 144163.2914 147770.9427 142858.6254 140962.0054 144122.7031 144730.3897 144203.8675 144649.5 146737.8231 147493.4835 145415.9963 142530.5396 86270.36098 0 0 0 0 0 0 0 0 0 0 
0 0 0 0 0 0 0 0 0 0 0 76108.93533 138575.7869 145093.7386 141376.4432 143349.24 145938.1561 146538.3201 146498.389 148403.1057 146258.554 144932.3735 141707.1648 143838.2155 145013.0792 144487.587 141500.5399 137132.6898 76721.49174 0 0 0 0 0 0 0 0 0 0 0 
0 0 0 0 0 0 0 0 0 0 0 0 46149.68339 116157.6206 147453.7851 144528.07 146098.4213 144082.0678 147096.2451 145214.6828 145978.2359 148324.2151 146378.5012 143185.8692 141044.9528 145134.0527 115804.4792 42313.48003 0 0 0 0 0 0 0 0 0 0 0 0 
0 0 0 0 0 0 0 0 0 0 0 0 0 0 55265.39654 107688.6356 136961.9156 143838.1866 144972.7051 141003.4612 146058.3587 144811.1759 144689.9066 134982.4686 108984.8332 57139.32999 0 0 0 0 0 0 0 0 0 0 0 0 0 0 
0 0 0 0 0 0 0 0 0 0 0 0 0 0 0 0 0 43808.15682 69012.89635 83513.40353 79566.76179 72888.8283 44074.46732 0 0 0 0 0 0 0 0 0 0 0 0 0 0 0 0 0 
0 0 0 0 0 0 0 0 0 0 0 0 0 0 0 0 0 0 0 0 0 0 0 0 0 0 0 0 0 0 0 0 0 0 0 0 0 0 0 0 
0 0 0 0 0 0 0 0 0 0 0 0 0 0 0 0 0 0 0 0 0 0 0 0 0 0 0 0 0 0 0 0 0 0 0 0 0 0 0 0 
0 0 0 0 0 0 0 0 0 0 0 0 0 0 0 0 0 0 0 0 0 0 0 0 0 0 0 0 0 0 0 0 0 0 0 0 0 0 0 0 
0 0 0 0 0 0 0 0 0 0 0 0 0 0 0 0 0 0 0 0 0 0 0 0 0 0 0 0 0 0 0 0 0 0 0 0 0 0 0 0 
0 0 0 0 0 0 0 0 0 0 0 0 0 0 0 0 0 0 0 0 0 0 0 0 0 0 0 0 0 0 0 0 0 0 0 0 0 0 0 0 
0 0 0 0 0 0 0 0 0 0 0 0 0 0 0 0 0 0 0 0 0 0 0 0 0 0 0 0 0 0 0 0 0 0 0 0 0 0 0 0 
# Events [psd_source/PSD_source.dat] N:
0 0 0 0 0 0 0 0 0 0 0 0 0 0 0 0 0 0 0 0 0 0 0 0 0 0 0 0 0 0 0 0 0 0 0 0 0 0 0 0 
0 0 0 0 0 0 0 0 0 0 0 0 0 0 0 0 0 0 0 0 0 0 0 0 0 0 0 0 0 0 0 0 0 0 0 0 0 0 0 0 
0 0 0 0 0 0 0 0 0 0 0 0 0 0 0 0 0 0 0 0 0 0 0 0 0 0 0 0 0 0 0 0 0 0 0 0 0 0 0 0 
0 0 0 0 0 0 0 0 0 0 0 0 0 0 0 0 0 0 0 0 0 0 0 0 0 0 0 0 0 0 0 0 0 0 0 0 0 0 0 0 
0 0 0 0 0 0 0 0 0 0 0 0 0 0 0 0 0 0 0 0 0 0 0 0 0 0 0 0 0 0 0 0 0 0 0 0 0 0 0 0 
0 0 0 0 0 0 0 0 0 0 0 0 0 0 0 0 0 0 0 0 0 0 0 0 0 0 0 0 0 0 0 0 0 0 0 0 0 0 0 0 
0 0 0 0 0 0 0 0 0 0 0 0 0 0 0 0 0 159 428 593 590 438 188 0 0 0 0 0 0 0 0 0 0 0 0 0 0 0 0 0 
0 0 0 0 0 0 0 0 0 0 0 0 0 0 274 1013 1507 1773 1693 1805 1820 1819 1785 1536 945 274 0 0 0 0 0 0 0 0 0 0 0 0 0 0 
0 0 0 0 0 0 0 0 0 0 0 0 159 1100 1870 1874 1708 1811 1734 1783 1805 1792 1760 1777 1792 1799 1201 171 0 0 0 0 0 0 0 0 0 0 0 0 
0 0 0 0 0 0 0 0 0 0 0 464 1685 1850 1799 1790 1776 1755 1822 1868 1746 1810 1804 1784 1759 1813 1719 1673 490 0 0 0 0 0 0 0 0 0 0 0 
0 0 0 0 0 0 0 0 0 0 615 1775 1736 1868 1790 1788 1849 1843 1799 1798 1748 1749 1731 1739 1708 1794 1741 1788 1766 658 0 0 0 0 0 0 0 0 0 0 
0 0 0 0 0 0 0 0 0 481 1780 1753 1795 1799 1761 1762 1765 1831 1811 1789 1857 1765 1809 1825 1810 1814 1744 1827 1878 1803 483 0 0 0 0 0 0 0 0 0 
0 0 0 0 0 0 0 0 164 1671 1734 1800 1856 1863 1818 1765 1826 1751 1814 1734 1813 1721 1766 1791 1853 1751 1822 1787 1874 1848 1599 155 0 0 0 0 0 0 0 0 
0 0 0 0 0 0 0 0 1150 1769 1755 1795 1789 1791 1732 1740 1807 1775 1822 1723 1757 1776 1838 1763 1870 1831 1727 1723 1742 1823 1776 1175 0 0 0 0 0 0 0 0 
0 0 0 0 0 0 0 270 1765 1717 1818 1781 1800 1718 1854 1803 1842 1724 1842 1837 1822 1881 1803 1796 1718 1790 1833 1803 1808 1808 1814 1727 266 0 0 0 0 0 0 0 
0 0 0 0 0 0 0 953 1803 1781 1806 1764 1790 1804 1832 1731 1848 1767 1851 1874 1723 1759 1728 1837 1833 1747 1740 1807 1807 1799 1778 1828 960 0 0 0 0 0 0 0 
0 0 0 0 0 0 0 1574 1772 1808 1818 1786 1824 1772 1822 1780 1762 1755 1817 1816 1765 1764 1762 1884 1792 1752 1861 1758 1741 1809 1825 1809 1551 0 0 0 0 0 0 0 
0 0 0 0 0 0 194 1767 1802 1772 1775 1810 1803 1789 1785 1750 1789 1849 1800 1732 1774 1757 1783 1798 1878 1784 1741 1775 1809 1707 1797 1813 1623 174 0 0 0 0 0 0 
0 0 0 0 0 0 452 1867 1874 1771 1720 1789 1810 1771 1876 1830 1808 1850 1878 1860 1811 1805 1780 1821 1789 1783 1766 1812 1732 1811 1794 1778 1816 440 0 0 0 0 0 0 
0 0 0 0 0 0 567 1855 1739 1797 1746 1760 1849 1748 1724 1775 1756 1779 1780 1781 1699 1726 1771 1775 1816 1750 1805 1860 1886 1781 1789 1764 1815 616 0 0 0 0 0 0 
0 0 0 0 0 0 546 1817 1773 1778 1792 1826 1748 1885 1780 1780 1781 1808 1809 1813 1845 1757 1814 1750 1757 1780 1738 1790 1833 1815 1753 1767 1759 525 0 0 0 0 0 0 
0 0 0 0 0 0 424 1739 1828 1821 1753 1754 1763 1764 1720 1801 1786 1811 1813 1739 1719 1846 1775 1798 1865 1863 1748 1825 1768 1773 1788 1798 1762 405 0 0 0 0 0 0 
0 0 0 0 0 0 152 1728 1770 1804 1776 1781 1816 1791 1750 1836 1873 1863 1793 1848 1787 1809 1734 1756 1757 1729 1814 1793 1791 1744 1792 1807 1785 156 0 0 0 0 0 0 
0 0 0 0 0 0 0 1551 1796 1822 1882 1806 1811 1803 1827 1785 1797 1814 1824 1811 1849 1786 1823 1797 1777 1758 1814 1846 1776 1847 1783 1781 1525 0 0 0 0 0 0 0 
0 0 0 0 0 0 0 1016 1793 1783 1806 1759 1764 1768 1791 1826 1781 1717 1748 1885 1716 1811 1764 1864 1747 1799 1837 1798 1748 1782 1802 1853 904 0 0 0 0 0 0 0 
0 0 0 0 0 0 0 278 1821 1733 1787 1822 1791 1783 1733 1749 1796 1825 1823 1805 1784 1773 1858 1833 1854 1745 1750 1744 1775 1777 1747 1749 259 0 0 0 0 0 0 0 
0 0 0 0 0 0 0 0 1174 1747 1737 1842 1758 1764 1811 1742 1828 1815 1806 1769 1747 1791 1769 1841 1805 1775 1747 1723 1799 1811 1755 1103 0 0 0 0 0 0 0 0 
0 0 0 0 0 0 0 0 167 1608 1831 1785 1812 1765 1784 1767 1792 1780 1821 1848 1856 1806 1794 1772 1780 1761 1821 1789 1760 1818 1623 157 0 0 0 0 0 0 0 0 
0 0 0 0 0 0 0 0 0 520 1804 1749 1794 1760 1825 1773 1835 1814 1754 1779 1816 1843 1781 1755 1785 1787 1748 1803 1790 1732 505 0 0 0 0 0 0 0 0 0 
0 0 0 0 0 0 0 0 0 0 635 1688 1777 1782 1741 1811 1791 1776 1866 1744 1698 1775 1790 1777 1788 1840 1859 1807 1736 636 0 0 0 0 0 0 0 0 0 0 
0 0 0 0 0 0 0 0 0 0 0 495 1641 1799 1708 1756 1820 1835 1834 1882 1828 1795 1716 1768 1797 1784 1711 1607 503 0 0 0 0 0 0 0 0 0 0 0 
0 0 0 0 0 0 0 0 0 0 0 0 182 1153 1858 1785 1824 1774 1849 1802 1821 1880 1831 1752 1700 1800 1146 153 0 0 0 0 0 0 0 0 0 0 0 0 
0 0 0 0 0 0 0 0 0 0 0 0 0 0 261 991 1603 1768 1796 1699 1823 1792 1789 1557 1015 279 0 0 0 0 0 0 0 0 0 0 0 0 0 0 
0 0 0 0 0 0 0 0 0 0 0 0 0 0 0 0 0 164 407 596 541 454 166 0 0 0 0 0 0 0 0 0 0 0 0 0 0 0 0 0 
0 0 0 0 0 0 0 0 0 0 0 0 0 0 0 0 0 0 0 0 0 0 0 0 0 0 0 0 0 0 0 0 0 0 0 0 0 0 0 0 
0 0 0 0 0 0 0 0 0 0 0 0 0 0 0 0 0 0 0 0 0 0 0 0 0 0 0 0 0 0 0 0 0 0 0 0 0 0 0 0 
0 0 0 0 0 0 0 0 0 0 0 0 0 0 0 0 0 0 0 0 0 0 0 0 0 0 0 0 0 0 0 0 0 0 0 0 0 0 0 0 
0 0 0 0 0 0 0 0 0 0 0 0 0 0 0 0 0 0 0 0 0 0 0 0 0 0 0 0 0 0 0 0 0 0 0 0 0 0 0 0 
0 0 0 0 0 0 0 0 0 0 0 0 0 0 0 0 0 0 0 0 0 0 0 0 0 0 0 0 0 0 0 0 0 0 0 0 0 0 0 0 
0 0 0 0 0 0 0 0 0 0 0 0 0 0 0 0 0 0 0 0 0 0 0 0 0 0 0 0 0 0 0 0 0 0 0 0 0 0 0 0 
