# Format: McCode with text headers
# URL: http://www.mccode.org
# Creator: McStas 2.5 - Dec. 12, 2018
# Instrument: ESS_HEIMDAL.instr
# Ncount: 250000
# Trace: no
# Gravitation: no
# Seed: 1565866169
# Directory: TauScan/2
# Nodes: 4
# Param: lmax=4
# Param: lmin=0.5
# Param: T=200
# Param: tau=20
# Param: use_CoFe2O4=1
# Param: use_CoFe=1
# Param: use_magn=1
# Date: Wed Aug 14 15:22:55 2019 (1565788975)
# type: array_2d(40, 40)
# Source: ESS_HEIMDAL (ESS_HEIMDAL.instr)
# component: psd_source
# position: 0 0 0.01
# title: PSD monitor
# Ncount: 1000000
# filename: PSD_source.dat
# statistics: X0=0.0014895; dX=5.00199; Y0=-0.00233625; dY=5.00376;
# signal: Min=0; Max=6.50986e+06; Mean=2.13803e+06;
# values: 3.42084e+09 3.42084e+06 1e+06
# xvar: X 
# yvar: Y 
# xlabel: X position [cm]
# ylabel: Y position [cm]
# zvar: I
# zlabel: Signal per bin
# xylimits: -15 15 -15 15
# variables: I I_err N
# Data [psd_source/PSD_source.dat] I:
0 0 0 0 0 0 0 0 0 0 0 0 0 0 0 0 0 0 0 0 0 0 0 0 0 0 0 0 0 0 0 0 0 0 0 0 0 0 0 0 
0 0 0 0 0 0 0 0 0 0 0 0 0 0 0 0 0 0 0 0 0 0 0 0 0 0 0 0 0 0 0 0 0 0 0 0 0 0 0 0 
0 0 0 0 0 0 0 0 0 0 0 0 0 0 0 0 0 0 0 0 0 0 0 0 0 0 0 0 0 0 0 0 0 0 0 0 0 0 0 0 
0 0 0 0 0 0 0 0 0 0 0 0 0 0 0 0 0 0 0 0 0 0 0 0 0 0 0 0 0 0 0 0 0 0 0 0 0 0 0 0 
0 0 0 0 0 0 0 0 0 0 0 0 0 0 0 0 0 0 0 0 0 0 0 0 0 0 0 0 0 0 0 0 0 0 0 0 0 0 0 0 
0 0 0 0 0 0 0 0 0 0 0 0 0 0 0 0 0 0 0 0 0 0 0 0 0 0 0 0 0 0 0 0 0 0 0 0 0 0 0 0 
0 0 0 0 0 0 0 0 0 0 0 0 0 0 0 0 0 519968.011 1621479.202 2073030.38 2117501.305 1409386.997 632855.8297 0 0 0 0 0 0 0 0 0 0 0 0 0 0 0 0 0 
0 0 0 0 0 0 0 0 0 0 0 0 0 0 831264.6386 3355846.294 5319409.837 6284087.548 6048049.503 6171199.838 6314875.271 5989895.169 6048049.441 5261255.488 3321637.865 920206.5542 0 0 0 0 0 0 0 0 0 0 0 0 0 0 
0 0 0 0 0 0 0 0 0 0 0 0 543913.9344 3838185.022 5996736.713 6263562.845 5935162.193 6044629.309 6191725.642 6284088.429 5972791.777 5989895.924 6020683.445 5921478.758 5921478.512 6150674.782 3803976.619 602068.2353 0 0 0 0 0 0 0 0 0 0 0 0 
0 0 0 0 0 0 0 0 0 0 0 1703579.444 5801748.718 6068574.853 6164358.706 6030946.239 6167780.078 6075417.563 6017263.303 6123309.549 6106205.367 6366189.383 6266984.785 5938583.629 6003579.478 6133571.234 6136991.657 5801748.62 1717262.824 0 0 0 0 0 0 0 0 0 0 0 
0 0 0 0 0 0 0 0 0 0 2274860.108 6037786.822 6263563.03 6198567.416 6260142.917 6140413.766 6089101.377 6184885.117 6109626.723 6198568.691 5948847.081 6065155.741 6034368.095 6191726.676 6150676.189 6188305.24 6136992.18 6034366.541 6051470.193 2093555.471 0 0 0 0 0 0 0 0 0 0 
0 0 0 0 0 0 0 0 0 1689896.073 5781223.676 6140412.716 6030946.228 6061734.221 6225935.069 6157518.55 5945426.492 5873588.888 6071997.905 6178044.211 6201990.079 6164360.725 6260144.218 6390136.099 6167781.033 6089101.304 6314876.683 6249880.212 6219092.078 6020682.681 1737787.875 0 0 0 0 0 0 0 0 0 
0 0 0 0 0 0 0 0 598647.3912 5647810.779 6205408.683 6020683.645 6041209.253 6164360.016 6130151.995 6325140.356 6246461.187 6420924.441 5859906.13 6482499.831 6017265.055 6266986.558 6150677.717 6294353.047 6041210.364 6239619.036 6191726.749 6109626.058 6027525.365 6126729.285 5552027.18 557597.2821 0 0 0 0 0 0 0 0 
0 0 0 0 0 0 0 0 3903181.063 6328558.827 5983054.3 6119888.586 5976213.597 6232777.339 6243040.153 5935164.575 6352507.81 6290932.827 6092523.912 6369612.424 6345666.5 6089103.14 5993319.371 5962531.588 6030948.22 5972793.6 6188306.381 6044630.486 6225934.74 6167779.816 6085678.943 3968177.039 0 0 0 0 0 0 0 0 
0 0 0 0 0 0 0 981781.7214 6010420.176 5812011.909 6246459.558 6328560.377 6147256.195 6133573.222 5907797.892 6143836.465 6174624.329 6198570.393 5955690.539 5976215.646 6054895.07 6280670.786 6314879.115 6109628.262 6277249.391 5938585.474 6314877.961 6013843.294 6232776.731 6061734.053 6188304.62 5801748.731 937310.7882 0 0 0 0 0 0 0 
0 0 0 0 0 0 0 3427683.948 5972791.193 5900954.132 6509864.811 6027526.451 5983055.995 6219094.652 6119890.518 6095944.919 6349087.663 5959111.539 6126733.068 6044632.848 6143837.351 6054895.347 6420925.586 6174624.611 6171203.486 6109627.969 6157519.425 6222515.009 6150676.864 5979634.131 5969370.992 6359346.347 3335321.227 0 0 0 0 0 0 0 
0 0 0 0 0 0 0 5233888.789 6188304.5 6236196.98 5805171.36 6174623 5986477.061 6078840.27 6000161.224 6198570.481 6071999.486 6335404.739 6160941.768 6369613.361 6075420.714 6119891.645 5924903.347 6253304.246 5979636.451 6178045.134 6136994.604 6007002.124 6160939.6 6311456.176 6041208.943 5942003.845 5014954.893 0 0 0 0 0 0 0 
0 0 0 0 0 0 502863.8029 5935161.611 6024104.249 6024104.904 6198568.546 6208831.614 6191727.86 6065157.068 6184887.011 6048053.506 5938586.723 6102787.479 5812015.765 6174625.385 6133575.241 5948849.588 6266988.004 6030949.526 6359350.406 5924902.801 6095944.656 6164361.144 5983055.912 6349085.641 6058313.334 6143833.753 5962528.371 632855.8019 0 0 0 0 0 0 
0 0 0 0 0 0 1553062.363 6304612.721 5849641.361 5832537.791 6448290.221 6054893.754 6208832.218 6434608.388 6082261.788 6171204.045 5979636.983 6219096.322 6154100.376 6386717.916 6280671.704 6195150.518 5948849.561 6239621.204 6167783.203 5883852.801 6366191.51 6164361.26 5883851.555 5983055.499 6239618.143 5972791.71 6089099.621 1498328.894 0 0 0 0 0 0 
0 0 0 0 0 0 1922513.348 6468813.211 5986475.141 6017263.38 6355927.517 6287511.21 6273828.331 5983056.985 6071999.314 6383296.497 5695706.915 6130154.411 6362771.993 6133575.439 5900957.961 6143837.919 6345667.648 6154100.136 6123312.291 6201991.406 6003582.057 5969373.202 6116469.009 6102785.086 6095942.815 6243038.368 6106203.921 1960142.615 0 0 0 0 0 0 
0 0 0 0 0 0 1836992.283 5849640.708 6246459.217 6113046.997 6301194.013 6260144.46 6106206.974 6147257.52 6157520.432 5928324.127 5880432.539 6123312.73 6246463.264 6195150.653 6195150.651 6232779.885 6044633.27 6160941.833 6071999.623 6229358.166 6414083.407 6133573.719 6054893.815 6013843.152 6328560.13 5972791.778 6294350.255 1925934.179 0 0 0 0 0 0 
0 0 0 0 0 0 1477803.837 6030945.302 6092521.202 6201988.879 6225935.39 6061735.46 6051473.418 6041211.28 6136995.304 6041211.948 6010424.581 6314879.973 6017266.577 6171204.677 6007004.109 6349088.567 5993320.546 6075420.636 6157520.683 6071999.24 6171203.387 5962531.455 5993318.562 6126730.939 6208830.558 6273825.88 6106203.87 1556483.205 0 0 0 0 0 0 
0 0 0 0 0 0 602068.2237 6208828.992 6304613.321 6143834.431 5914638.481 5883851.434 6082260.863 6195149.156 6044632.382 6095945.362 6249883.608 6123312.531 6263567.302 6297775.813 6201992.166 6229358.856 6249883.795 6058316.305 6256725.058 6024107.327 6249882.681 6273828.146 5983055.911 5883850.91 5942004.658 6479076.321 6225933.243 547334.7516 0 0 0 0 0 0 
0 0 0 0 0 0 0 5199680.362 5989895.647 6191726.01 6198568.313 6263564.936 6157519.257 6065156.883 6160940.921 6024107.429 6236200.044 6201991.771 6355929.919 6078841.544 6102787.476 6201991.902 6171204.169 6078841.156 5911219.525 6178045.156 6331982.75 6362769.939 6010422.486 6349085.445 6414080.825 6030945.795 5329672.385 0 0 0 0 0 0 0 
0 0 0 0 0 0 0 3338742.075 6006999.622 6174621.56 5921479.795 6095943.323 6260144.327 5989898.101 6157519.813 6024107.193 6068578.409 6024107.639 6109628.84 6236200.174 5907799.053 6383296.419 6434608.974 6215674.698 6061736.476 6027527.74 5825697.532 6263565.133 6184885.277 6232776.533 6143833.958 6082258.124 3280587.751 0 0 0 0 0 0 0 
0 0 0 0 0 0 0 981781.7207 6034366.055 6058312.612 5832537.594 6181464.132 6013843.257 6359348.944 6068577.536 6102786.286 6113049.074 6198570.426 6236199.733 6126732.834 5853065.253 6188307.967 6208832.912 5907798.395 6157519.772 6191727.915 6130152.375 6048051.708 6020684.5 6140413.453 6078837.685 6024103.525 930469.0905 0 0 0 0 0 0 0 
0 0 0 0 0 0 0 0 3749243.171 6311454.598 5900954.043 6167780.318 6301193.764 6095943.585 6150677.474 5877010.197 6082261.135 6256724.323 5996740.271 5969373.629 6082261.463 6140415.787 6051473.721 6020685.937 6130152.71 5723071.926 5866747.02 6184885.103 5955688.084 6229354.991 6331979.598 3882655.969 0 0 0 0 0 0 0 0 
0 0 0 0 0 0 0 0 523388.8571 5617023.258 6092520.81 6007000.286 6448289.613 6106205.664 6208831.346 6157518.976 6058314.774 6037789.923 6058315.093 6349086.909 6266986.632 6136994.499 6054894.153 6414082.532 6089102.089 6458552.91 6116468.263 5945425.667 5938583.479 6198566.961 5524660.414 612330.758 0 0 0 0 0 0 0 0 
0 0 0 0 0 0 0 0 0 1710421.131 6113045.417 6225933.857 6119888.134 5983054.776 6205410.052 5945426.204 6020685.033 5972793.358 6020685.382 6191727.595 6044631.335 6003581.058 5942005.8 6191727.277 6243039.62 6253301.776 6243038.879 6092521.389 6184883.669 6020682.692 1724104.486 0 0 0 0 0 0 0 0 0 
0 0 0 0 0 0 0 0 0 0 2380906.202 6290929.216 6386713.334 6215671.594 6229355.327 6020684.278 6140413.98 5859905.051 6082259.928 6222514.554 6013843.175 6003580.6 6178043.404 5976213.51 6109626.11 6099363.377 6130150.601 6219091.991 6078837.064 2250914.165 0 0 0 0 0 0 0 0 0 0 
0 0 0 0 0 0 0 0 0 0 0 1635162.638 5610181.53 6119887.424 6208829.714 5832537.285 6119888.307 6414081.042 6017263.349 5897533.897 6188305.567 6201988.902 5979633.857 6243038.623 6126729.733 6068575.167 6284087.89 5740173.568 1696737.719 0 0 0 0 0 0 0 0 0 0 0 
0 0 0 0 0 0 0 0 0 0 0 0 615751.5972 3831343.443 6013841.015 6379871.412 5959108.092 6010420.829 6095942.007 6126729.729 5924900.04 6054891.918 6126729.48 5849641.095 6287508.722 6054891.06 3872393.513 557597.2825 0 0 0 0 0 0 0 0 0 0 0 0 
0 0 0 0 0 0 0 0 0 0 0 0 0 0 947573.29 3386633.867 5247572.059 6342241.847 6119887.336 6085678.842 6239616.781 6270404.306 6219091.534 5168892.825 3160858.228 803897.9039 0 0 0 0 0 0 0 0 0 0 0 0 0 0 
0 0 0 0 0 0 0 0 0 0 0 0 0 0 0 0 0 581543.1661 1553062.379 1949880.05 1977246.796 1443595.393 626014.1022 0 0 0 0 0 0 0 0 0 0 0 0 0 0 0 0 0 
0 0 0 0 0 0 0 0 0 0 0 0 0 0 0 0 0 0 0 0 0 0 0 0 0 0 0 0 0 0 0 0 0 0 0 0 0 0 0 0 
0 0 0 0 0 0 0 0 0 0 0 0 0 0 0 0 0 0 0 0 0 0 0 0 0 0 0 0 0 0 0 0 0 0 0 0 0 0 0 0 
0 0 0 0 0 0 0 0 0 0 0 0 0 0 0 0 0 0 0 0 0 0 0 0 0 0 0 0 0 0 0 0 0 0 0 0 0 0 0 0 
0 0 0 0 0 0 0 0 0 0 0 0 0 0 0 0 0 0 0 0 0 0 0 0 0 0 0 0 0 0 0 0 0 0 0 0 0 0 0 0 
0 0 0 0 0 0 0 0 0 0 0 0 0 0 0 0 0 0 0 0 0 0 0 0 0 0 0 0 0 0 0 0 0 0 0 0 0 0 0 0 
0 0 0 0 0 0 0 0 0 0 0 0 0 0 0 0 0 0 0 0 0 0 0 0 0 0 0 0 0 0 0 0 0 0 0 0 0 0 0 0 
# Errors [psd_source/PSD_source.dat] I_err:
0 0 0 0 0 0 0 0 0 0 0 0 0 0 0 0 0 0 0 0 0 0 0 0 0 0 0 0 0 0 0 0 0 0 0 0 0 0 0 0 
0 0 0 0 0 0 0 0 0 0 0 0 0 0 0 0 0 0 0 0 0 0 0 0 0 0 0 0 0 0 0 0 0 0 0 0 0 0 0 0 
0 0 0 0 0 0 0 0 0 0 0 0 0 0 0 0 0 0 0 0 0 0 0 0 0 0 0 0 0 0 0 0 0 0 0 0 0 0 0 0 
0 0 0 0 0 0 0 0 0 0 0 0 0 0 0 0 0 0 0 0 0 0 0 0 0 0 0 0 0 0 0 0 0 0 0 0 0 0 0 0 
0 0 0 0 0 0 0 0 0 0 0 0 0 0 0 0 0 0 0 0 0 0 0 0 0 0 0 0 0 0 0 0 0 0 0 0 0 0 0 0 
0 0 0 0 0 0 0 0 0 0 0 0 0 0 0 0 0 0 0 0 0 0 0 0 0 0 0 0 0 0 0 0 0 0 0 0 0 0 0 0 
0 0 0 0 0 0 0 0 0 0 0 0 0 0 0 0 0 42174.97484 74477.00639 84211.10277 85109.56329 69435.51364 46528.48597 0 0 0 0 0 0 0 0 0 0 0 0 0 0 0 0 0 
0 0 0 0 0 0 0 0 0 0 0 0 0 0 53325.65143 107143.9263 134895.7464 146618.1207 143838.1892 145295.2256 146976.8477 143144.9887 143838.1877 134156.347 106596.4319 56105.98383 0 0 0 0 0 0 0 0 0 0 0 0 0 0 
0 0 0 0 0 0 0 0 0 0 0 0 43135.18082 114585.4509 143226.7125 146378.4915 142489.4966 143797.5206 145536.6644 146618.1413 142940.4862 143145.0068 143512.4107 142325.1472 142325.1413 145053.4025 114073.6782 45382.60079 0 0 0 0 0 0 0 0 0 0 0 0 
0 0 0 0 0 0 0 0 0 0 0 76339.22024 140878.9127 144082.0587 145214.6757 143634.6766 145254.9752 144163.2789 143471.651 144730.3789 144528.101 147572.817 146418.4839 142530.5682 143308.4187 144851.5907 144891.9688 140878.9103 76645.19078 0 0 0 0 0 0 0 0 0 0 0 
0 0 0 0 0 0 0 0 0 0 88215.29127 143716.099 146378.4958 145617.0512 146338.5351 144932.3754 144325.5441 145456.2625 144568.5915 145617.0812 142653.6914 144041.4847 143675.4308 145536.6887 145053.4357 145496.4657 144891.9811 143675.3938 143878.858 84626.96413 0 0 0 0 0 0 0 0 0 0 
0 0 0 0 0 0 0 0 0 76032.01883 140629.496 144932.3506 143634.6764 144000.8421 145938.169 145134.1041 142612.6756 141748.4759 144122.7148 145375.8071 145657.2697 145214.7232 146338.5655 147850.1168 145254.9977 144325.5424 146976.8806 146218.5322 145857.9305 143512.3924 77101.86913 0 0 0 0 0 0 0 0 0 
0 0 0 0 0 0 0 0 45253.48914 138997.3759 145697.3819 143512.4154 143756.8438 145214.7065 144811.2293 147096.2873 146178.5532 148205.8761 141583.2827 148914.8152 143471.6928 146418.5253 145053.4717 146737.862 143756.8703 146098.4665 145536.6904 144568.5758 143593.9342 144770.7746 137813.6781 43674.38981 0 0 0 0 0 0 0 0 
0 0 0 0 0 0 0 0 115551.5767 147136.004 143063.2345 144689.943 142981.4374 146018.3464 146138.5163 142489.5538 147414.1782 146697.9967 144366.1194 147612.5114 147334.7827 144325.5859 143185.9384 142817.6884 143634.7238 142940.5298 145496.4925 143797.5486 145938.1613 145254.969 144284.9598 116509.6896 0 0 0 0 0 0 0 0 
0 0 0 0 0 0 0 57952.74263 143390.0291 141003.4718 146178.5151 147136.0401 145013.1127 144851.6376 142160.6697 144972.7847 145335.5762 145617.1212 142735.7423 142981.4864 143919.6149 146578.3036 146976.9372 144568.6279 146538.3675 142530.6124 146976.9103 143430.883 146018.3322 144000.8381 145496.4511 140878.913 56625.01555 0 0 0 0 0 0 0 
0 0 0 0 0 0 0 108284.6532 142940.4722 142078.2794 149228.7756 143593.9601 143063.275 145857.9909 144689.9887 144406.6471 147374.4976 142776.7326 144770.864 143797.6048 144972.8056 143919.6215 148205.9025 145335.5828 145295.3114 144568.621 145134.1247 145898.089 145053.4516 143022.3461 142899.548 147493.4668 106815.7661 0 0 0 0 0 0 0 
0 0 0 0 0 0 0 133806.9819 145496.4483 146058.3837 140920.4829 145335.5449 143104.173 144203.9039 143267.6461 145617.1232 144122.7524 147215.6138 145174.4694 147612.5331 144163.3537 144690.0153 142366.342 146258.6173 143022.4016 145375.8288 144892.0383 143349.2845 145174.4184 146937.0735 143756.8364 142571.5986 130978.5101 0 0 0 0 0 0 0 
0 0 0 0 0 0 41475.50742 142489.4826 143553.1745 143553.1901 145617.0778 145737.5845 145536.7165 144041.5163 145456.307 143838.2843 142530.6424 144487.6812 141003.5654 145335.601 144851.6853 142653.7515 146418.5591 143634.7549 147493.5609 142366.3289 144406.6408 145214.7331 143063.273 147374.4507 143960.2031 144972.7207 142817.6113 46528.48392 0 0 0 0 0 0 
0 0 0 0 0 0 72888.82827 146857.37 141459.196 141252.2485 148521.3535 143919.5836 145737.5987 148363.723 144244.4893 145295.3246 143022.4144 145858.0301 145093.8464 147810.5987 146578.325 145576.9571 142653.7509 146098.5172 145255.0488 141872.289 147572.8662 145214.7358 141872.259 143063.2631 146098.4456 142940.4846 144325.5025 71592.92383 0 0 0 0 0 0 
0 0 0 0 0 0 81096.33097 148757.4916 143104.1271 143471.6529 147453.838 146658.088 146498.4283 143063.2987 144122.7483 147770.995 139585.5669 144811.2863 147533.2429 144851.69 142078.3716 144972.819 147334.8093 145093.8407 144730.4437 145657.3009 143308.4803 142899.6009 144649.5285 144487.6246 144406.5972 146138.4745 144528.0668 81886.13247 0 0 0 0 0 0 
0 0 0 0 0 0 79272.06821 141459.1802 146178.5071 144609.0451 146817.5724 146338.5712 144528.139 145013.1439 145134.1484 142407.4333 141831.0551 144730.4541 146178.6018 145576.9603 145576.9602 146018.4061 143797.6148 145174.471 144122.7556 145978.3092 148126.9113 144851.6493 143919.585 143430.8796 147136.0344 142940.4862 146737.7969 81168.4482 0 0 0 0 0 0 
0 0 0 0 0 0 71100.87026 143634.6543 144366.0552 145657.2416 145938.1765 144000.8715 143878.9347 143756.8921 144892.0549 143756.908 143390.1342 146976.9572 143471.7291 145295.3395 143349.3319 147374.5186 143185.9664 144163.3519 145134.1543 144122.7465 145295.3091 142817.6852 143185.919 144770.8137 145737.5597 146498.3711 144528.0656 72969.05814 0 0 0 0 0 0 
0 0 0 0 0 0 45382.59992 145737.523 146857.384 144972.7367 142242.936 141872.256 144244.4674 145576.9251 143797.5937 144406.6576 146218.6116 144730.4494 146378.5956 146777.7758 145657.3188 145978.3254 146218.616 143960.2737 146298.6162 143553.2479 146218.5899 146498.424 143063.273 141872.2434 142571.6181 148875.4573 145938.1262 43270.61144 0 0 0 0 0 0 
0 0 0 0 0 0 0 133368.9872 143145.0001 145536.673 145617.0723 146378.5403 145134.1207 144041.5119 145174.4495 143553.2503 146058.4554 145657.3095 147453.8937 144203.9342 144487.6812 145657.3126 145295.3275 144203.925 142201.841 145375.8293 147175.8368 147533.1953 143390.0842 147374.4461 148126.8516 143634.666 135025.8087 0 0 0 0 0 0 0 
0 0 0 0 0 0 0 106870.5296 143349.2248 145335.511 142325.1722 144406.6093 146338.5681 143145.0588 145134.1338 143553.2447 144082.1432 143553.2553 144568.6416 146058.4585 142160.6977 147770.9932 148363.7366 145817.8913 144000.8957 143593.9908 141169.4129 146378.5449 145456.2662 146018.3276 144972.7255 144244.4024 105935.7036 0 0 0 0 0 0 0 
0 0 0 0 0 0 0 57952.74259 143675.3823 143960.1859 141252.2437 145416.0278 143430.8821 147493.527 144082.1225 144487.653 144609.0943 145617.1219 146058.4481 144770.8585 141500.626 145496.5298 145737.6149 142160.6818 145134.1329 145536.7178 144811.2382 143838.2416 143512.4358 144932.368 144203.8426 143553.1573 56417.97561 0 0 0 0 0 0 0 
0 0 0 0 0 0 0 0 113250.0317 146937.0367 142078.2773 145254.9808 146817.5666 144406.6155 145053.466 141789.759 144244.4738 146298.599 143226.7974 142899.6111 144244.4816 144932.4231 143878.9419 143512.4701 144811.2462 139920.463 141665.8916 145456.2621 142735.6835 145978.2348 147175.7635 115247.3585 0 0 0 0 0 0 0 0 
0 0 0 0 0 0 0 0 42313.4812 138618.0055 144366.0459 143349.2407 148521.3395 144528.108 145737.5782 145134.1141 143960.2373 143716.1728 143960.2448 147374.4801 146418.5271 144892.0358 143919.5931 148126.8911 144325.561 148639.4969 144649.5109 142612.6558 142530.5645 145617.0406 137473.6061 45767.74969 0 0 0 0 0 0 0 0 
0 0 0 0 0 0 0 0 0 76492.35839 144609.0077 145938.1406 144689.9323 143063.2458 145697.414 142612.6687 143512.4485 142940.524 143512.4568 145536.7103 143797.5688 143308.4564 142571.6455 145536.7028 146138.5038 146258.5596 146138.4865 144366.0596 145456.2284 143512.3927 76797.71769 0 0 0 0 0 0 0 0 0 
0 0 0 0 0 0 0 0 0 0 90248.01667 146697.9125 147810.4926 145817.8185 145978.2427 143512.4305 144932.3804 141583.2567 144244.4452 145898.0783 143430.8801 143308.4455 145375.7881 142981.4353 144568.577 144447.103 144811.1963 145857.9285 144203.8279 87749.77013 0 0 0 0 0 0 0 0 0 0 
0 0 0 0 0 0 0 0 0 0 0 74790.59825 138533.5585 144689.9155 145737.5399 141252.2362 144689.9364 148126.8566 143471.6521 142037.106 145496.4734 145657.2421 143022.3396 146138.4805 144770.7852 144082.0662 146618.1287 140129.3303 76185.77261 0 0 0 0 0 0 0 0 0 0 0 
0 0 0 0 0 0 0 0 0 0 0 0 45895.41429 114483.2824 143430.8286 147731.2959 142776.65 143390.0447 144406.5781 144770.7851 142366.2625 143919.5399 144770.7792 141459.1895 146658.03 143919.5195 115094.9505 43674.38984 0 0 0 0 0 0 0 0 0 0 0 0 
0 0 0 0 0 0 0 0 0 0 0 0 0 0 56934.1611 107634.2898 133981.7763 147294.976 144689.9134 144284.9574 146098.4137 146458.4089 145857.9178 132973.5598 103984.6014 52440.51706 0 0 0 0 0 0 0 0 0 0 0 0 0 0 
0 0 0 0 0 0 0 0 0 0 0 0 0 0 0 0 0 44602.32479 72888.829 81671.48798 82242.62455 70273.1242 46276.29403 0 0 0 0 0 0 0 0 0 0 0 0 0 0 0 0 0 
0 0 0 0 0 0 0 0 0 0 0 0 0 0 0 0 0 0 0 0 0 0 0 0 0 0 0 0 0 0 0 0 0 0 0 0 0 0 0 0 
0 0 0 0 0 0 0 0 0 0 0 0 0 0 0 0 0 0 0 0 0 0 0 0 0 0 0 0 0 0 0 0 0 0 0 0 0 0 0 0 
0 0 0 0 0 0 0 0 0 0 0 0 0 0 0 0 0 0 0 0 0 0 0 0 0 0 0 0 0 0 0 0 0 0 0 0 0 0 0 0 
0 0 0 0 0 0 0 0 0 0 0 0 0 0 0 0 0 0 0 0 0 0 0 0 0 0 0 0 0 0 0 0 0 0 0 0 0 0 0 0 
0 0 0 0 0 0 0 0 0 0 0 0 0 0 0 0 0 0 0 0 0 0 0 0 0 0 0 0 0 0 0 0 0 0 0 0 0 0 0 0 
0 0 0 0 0 0 0 0 0 0 0 0 0 0 0 0 0 0 0 0 0 0 0 0 0 0 0 0 0 0 0 0 0 0 0 0 0 0 0 0 
# Events [psd_source/PSD_source.dat] N:
0 0 0 0 0 0 0 0 0 0 0 0 0 0 0 0 0 0 0 0 0 0 0 0 0 0 0 0 0 0 0 0 0 0 0 0 0 0 0 0 
0 0 0 0 0 0 0 0 0 0 0 0 0 0 0 0 0 0 0 0 0 0 0 0 0 0 0 0 0 0 0 0 0 0 0 0 0 0 0 0 
0 0 0 0 0 0 0 0 0 0 0 0 0 0 0 0 0 0 0 0 0 0 0 0 0 0 0 0 0 0 0 0 0 0 0 0 0 0 0 0 
0 0 0 0 0 0 0 0 0 0 0 0 0 0 0 0 0 0 0 0 0 0 0 0 0 0 0 0 0 0 0 0 0 0 0 0 0 0 0 0 
0 0 0 0 0 0 0 0 0 0 0 0 0 0 0 0 0 0 0 0 0 0 0 0 0 0 0 0 0 0 0 0 0 0 0 0 0 0 0 0 
0 0 0 0 0 0 0 0 0 0 0 0 0 0 0 0 0 0 0 0 0 0 0 0 0 0 0 0 0 0 0 0 0 0 0 0 0 0 0 0 
0 0 0 0 0 0 0 0 0 0 0 0 0 0 0 0 0 152 474 606 619 412 185 0 0 0 0 0 0 0 0 0 0 0 0 0 0 0 0 0 
0 0 0 0 0 0 0 0 0 0 0 0 0 0 243 981 1555 1837 1768 1804 1846 1751 1768 1538 971 269 0 0 0 0 0 0 0 0 0 0 0 0 0 0 
0 0 0 0 0 0 0 0 0 0 0 0 159 1122 1753 1831 1735 1767 1810 1837 1746 1751 1760 1731 1731 1798 1112 176 0 0 0 0 0 0 0 0 0 0 0 0 
0 0 0 0 0 0 0 0 0 0 0 498 1696 1774 1802 1763 1803 1776 1759 1790 1785 1861 1832 1736 1755 1793 1794 1696 502 0 0 0 0 0 0 0 0 0 0 0 
0 0 0 0 0 0 0 0 0 0 665 1765 1831 1812 1830 1795 1780 1808 1786 1812 1739 1773 1764 1810 1798 1809 1794 1764 1769 612 0 0 0 0 0 0 0 0 0 0 
0 0 0 0 0 0 0 0 0 494 1690 1795 1763 1772 1820 1800 1738 1717 1775 1806 1813 1802 1830 1868 1803 1780 1846 1827 1818 1760 508 0 0 0 0 0 0 0 0 0 
0 0 0 0 0 0 0 0 175 1651 1814 1760 1766 1802 1792 1849 1826 1877 1713 1895 1759 1832 1798 1840 1766 1824 1810 1786 1762 1791 1623 163 0 0 0 0 0 0 0 0 
0 0 0 0 0 0 0 0 1141 1850 1749 1789 1747 1822 1825 1735 1857 1839 1781 1862 1855 1780 1752 1743 1763 1746 1809 1767 1820 1803 1779 1160 0 0 0 0 0 0 0 0 
0 0 0 0 0 0 0 287 1757 1699 1826 1850 1797 1793 1727 1796 1805 1812 1741 1747 1770 1836 1846 1786 1835 1736 1846 1758 1822 1772 1809 1696 274 0 0 0 0 0 0 0 
0 0 0 0 0 0 0 1002 1746 1725 1903 1762 1749 1818 1789 1782 1856 1742 1791 1767 1796 1770 1877 1805 1804 1786 1800 1819 1798 1748 1745 1859 975 0 0 0 0 0 0 0 
0 0 0 0 0 0 0 1530 1809 1823 1697 1805 1750 1777 1754 1812 1775 1852 1801 1862 1776 1789 1732 1828 1748 1806 1794 1756 1801 1845 1766 1737 1466 0 0 0 0 0 0 0 
0 0 0 0 0 0 147 1735 1761 1761 1812 1815 1810 1773 1808 1768 1736 1784 1699 1805 1793 1739 1832 1763 1859 1732 1782 1802 1749 1856 1771 1796 1743 185 0 0 0 0 0 0 
0 0 0 0 0 0 454 1843 1710 1705 1885 1770 1815 1881 1778 1804 1748 1818 1799 1867 1836 1811 1739 1824 1803 1720 1861 1802 1720 1749 1824 1746 1780 438 0 0 0 0 0 0 
0 0 0 0 0 0 562 1891 1750 1759 1858 1838 1834 1749 1775 1866 1665 1792 1860 1793 1725 1796 1855 1799 1790 1813 1755 1745 1788 1784 1782 1825 1785 573 0 0 0 0 0 0 
0 0 0 0 0 0 537 1710 1826 1787 1842 1830 1785 1797 1800 1733 1719 1790 1826 1811 1811 1822 1767 1801 1775 1821 1875 1793 1770 1758 1850 1746 1840 563 0 0 0 0 0 0 
0 0 0 0 0 0 432 1763 1781 1813 1820 1772 1769 1766 1794 1766 1757 1846 1759 1804 1756 1856 1752 1776 1800 1775 1804 1743 1752 1791 1815 1834 1785 455 0 0 0 0 0 0 
0 0 0 0 0 0 176 1815 1843 1796 1729 1720 1778 1811 1767 1782 1827 1790 1831 1841 1813 1821 1827 1771 1829 1761 1827 1834 1749 1720 1737 1894 1820 160 0 0 0 0 0 0 
0 0 0 0 0 0 0 1520 1751 1810 1812 1831 1800 1773 1801 1761 1823 1813 1858 1777 1784 1813 1804 1777 1728 1806 1851 1860 1757 1856 1875 1763 1558 0 0 0 0 0 0 0 
0 0 0 0 0 0 0 976 1756 1805 1731 1782 1830 1751 1800 1761 1774 1761 1786 1823 1727 1866 1881 1817 1772 1762 1703 1831 1808 1822 1796 1778 959 0 0 0 0 0 0 0 
0 0 0 0 0 0 0 287 1764 1771 1705 1807 1758 1859 1774 1784 1787 1812 1823 1791 1711 1809 1815 1727 1800 1810 1792 1768 1760 1795 1777 1761 272 0 0 0 0 0 0 0 
0 0 0 0 0 0 0 0 1096 1845 1725 1803 1842 1782 1798 1718 1778 1829 1753 1745 1778 1795 1769 1760 1792 1673 1715 1808 1741 1821 1851 1135 0 0 0 0 0 0 0 0 
0 0 0 0 0 0 0 0 153 1642 1781 1756 1885 1785 1815 1800 1771 1765 1771 1856 1832 1794 1770 1875 1780 1888 1788 1738 1736 1812 1615 179 0 0 0 0 0 0 0 0 
0 0 0 0 0 0 0 0 0 500 1787 1820 1789 1749 1814 1738 1760 1746 1760 1810 1767 1755 1737 1810 1825 1828 1825 1781 1808 1760 504 0 0 0 0 0 0 0 0 0 
0 0 0 0 0 0 0 0 0 0 696 1839 1867 1817 1821 1760 1795 1713 1778 1819 1758 1755 1806 1747 1786 1783 1792 1818 1777 658 0 0 0 0 0 0 0 0 0 0 
0 0 0 0 0 0 0 0 0 0 0 478 1640 1789 1815 1705 1789 1875 1759 1724 1809 1813 1748 1825 1791 1774 1837 1678 496 0 0 0 0 0 0 0 0 0 0 0 
0 0 0 0 0 0 0 0 0 0 0 0 180 1120 1758 1865 1742 1757 1782 1791 1732 1770 1791 1710 1838 1770 1132 163 0 0 0 0 0 0 0 0 0 0 0 0 
0 0 0 0 0 0 0 0 0 0 0 0 0 0 277 990 1534 1854 1789 1779 1824 1833 1818 1511 924 235 0 0 0 0 0 0 0 0 0 0 0 0 0 0 
0 0 0 0 0 0 0 0 0 0 0 0 0 0 0 0 0 170 454 570 578 422 183 0 0 0 0 0 0 0 0 0 0 0 0 0 0 0 0 0 
0 0 0 0 0 0 0 0 0 0 0 0 0 0 0 0 0 0 0 0 0 0 0 0 0 0 0 0 0 0 0 0 0 0 0 0 0 0 0 0 
0 0 0 0 0 0 0 0 0 0 0 0 0 0 0 0 0 0 0 0 0 0 0 0 0 0 0 0 0 0 0 0 0 0 0 0 0 0 0 0 
0 0 0 0 0 0 0 0 0 0 0 0 0 0 0 0 0 0 0 0 0 0 0 0 0 0 0 0 0 0 0 0 0 0 0 0 0 0 0 0 
0 0 0 0 0 0 0 0 0 0 0 0 0 0 0 0 0 0 0 0 0 0 0 0 0 0 0 0 0 0 0 0 0 0 0 0 0 0 0 0 
0 0 0 0 0 0 0 0 0 0 0 0 0 0 0 0 0 0 0 0 0 0 0 0 0 0 0 0 0 0 0 0 0 0 0 0 0 0 0 0 
0 0 0 0 0 0 0 0 0 0 0 0 0 0 0 0 0 0 0 0 0 0 0 0 0 0 0 0 0 0 0 0 0 0 0 0 0 0 0 0 
