# Format: McCode with text headers
# URL: http://www.mccode.org
# Creator: McStas 2.5 - Dec. 12, 2018
# Instrument: ESS_HEIMDAL.instr
# Ncount: 25000
# Trace: no
# Gravitation: no
# Seed: 1565850605
# Directory: TemperatureScan/21
# Nodes: 4
# Param: lmax=4
# Param: lmin=0.5
# Param: T=430
# Param: tau=0
# Param: use_CoFe2O4=1
# Param: use_CoFe=1
# Param: use_magn=1
# Date: Wed Aug 14 12:14:03 2019 (1565777643)
# type: array_2d(40, 40)
# Source: ESS_HEIMDAL (ESS_HEIMDAL.instr)
# component: psd_source
# position: 0 0 0.01
# title: PSD monitor
# Ncount: 100000
# filename: PSD_source.dat
# statistics: X0=0.0027075; dX=5.01216; Y0=-0.008955; dY=4.9975;
# signal: Min=0; Max=7.59427e+06; Mean=2.13803e+06;
# values: 3.42084e+09 1.08177e+07 100000
# xvar: X 
# yvar: Y 
# xlabel: X position [cm]
# ylabel: Y position [cm]
# zvar: I
# zlabel: Signal per bin
# xylimits: -15 15 -15 15
# variables: I I_err N
# Data [psd_source/PSD_source.dat] I:
0 0 0 0 0 0 0 0 0 0 0 0 0 0 0 0 0 0 0 0 0 0 0 0 0 0 0 0 0 0 0 0 0 0 0 0 0 0 0 0 
0 0 0 0 0 0 0 0 0 0 0 0 0 0 0 0 0 0 0 0 0 0 0 0 0 0 0 0 0 0 0 0 0 0 0 0 0 0 0 0 
0 0 0 0 0 0 0 0 0 0 0 0 0 0 0 0 0 0 0 0 0 0 0 0 0 0 0 0 0 0 0 0 0 0 0 0 0 0 0 0 
0 0 0 0 0 0 0 0 0 0 0 0 0 0 0 0 0 0 0 0 0 0 0 0 0 0 0 0 0 0 0 0 0 0 0 0 0 0 0 0 
0 0 0 0 0 0 0 0 0 0 0 0 0 0 0 0 0 0 0 0 0 0 0 0 0 0 0 0 0 0 0 0 0 0 0 0 0 0 0 0 
0 0 0 0 0 0 0 0 0 0 0 0 0 0 0 0 0 0 0 0 0 0 0 0 0 0 0 0 0 0 0 0 0 0 0 0 0 0 0 0 
0 0 0 0 0 0 0 0 0 0 0 0 0 0 0 0 0 410501.0647 2052505.271 1368336.84 1881463.076 1470962.22 376292.6317 0 0 0 0 0 0 0 0 0 0 0 0 0 0 0 0 0 
0 0 0 0 0 0 0 0 0 0 0 0 0 0 1265711.679 2873507.346 4857596.264 6670642.82 5712807.206 5302305.995 6123308.108 6465392.354 5575973.18 5062846.826 2941924.369 1368336.916 0 0 0 0 0 0 0 0 0 0 0 0 0 0 
0 0 0 0 0 0 0 0 0 0 0 0 615751.6021 3865551.904 6157516.336 6260142.035 5439139.845 5918058.249 6157517.539 5404931.735 6396976.48 5849641.471 6362767.536 5986474.624 6568017.466 6328558.554 3968176.885 376292.6468 0 0 0 0 0 0 0 0 0 0 0 0 
0 0 0 0 0 0 0 0 0 0 0 1881463.246 5575972.885 6396975.793 6294350.505 7183770.408 6294351.118 6054892.413 4926014.471 6978520.417 5849642.105 6020684.154 6054892.482 6328559.66 5781224.527 5678599.041 5815432.451 5883848.9 1984088.389 0 0 0 0 0 0 0 0 0 0 0 
0 0 0 0 0 0 0 0 0 0 2257755.838 6225933.06 6157516.986 6739060.219 6191726.122 5678599.838 6294351.894 6670644.987 6533811.32 6362769.199 6020684.839 6328560.583 6191726.789 6225935.042 5781225.124 6260142.903 5849641.359 6020683.218 6191725.032 1847254.791 0 0 0 0 0 0 0 0 0 0 
0 0 0 0 0 0 0 0 0 1436753.736 6225933.078 5610181.924 5644390.841 6260143.212 5302307.316 6020684.746 6431186.163 6225935.693 5747018.051 6260144.36 6054893.838 6499603.644 6054893.568 6020685.009 6328560.751 7115354.2 5883850.38 6225934.27 6225933.775 6294349.992 1676212.714 0 0 0 0 0 0 0 0 0 
0 0 0 0 0 0 0 0 581543.2198 5507556.307 5644390.553 6225934.473 6328560.136 6602228.032 5575975.388 5815434.664 7594273.746 5815435.001 5781226.654 5439142.35 6499604.28 6157519.599 6670645.988 5986476.846 6225936.051 6225935.347 5439141.123 5849642.01 6670643.788 5986474.631 5747015.216 581543.1479 0 0 0 0 0 0 0 0 
0 0 0 0 0 0 0 0 4891804.517 6533809.345 7115353.198 6396976.895 5199682.164 6123310.34 6841688.011 5712809.58 6910105.51 6704854.883 5883852.24 6294353.887 6396979.045 5952269.346 5883852.229 6773271.674 6465395.443 5986477.031 7149563.436 6396977.502 5268098.59 6499601.528 6020682.969 4241844.35 0 0 0 0 0 0 0 0 
0 0 0 0 0 0 0 855210.5237 5747015.269 6054891.761 7115353.74 6910103.798 6089101.773 5918060.032 6020685.755 6670646.45 5815435.498 6533813.186 6396979.506 6225937.328 6020686.586 6089103.573 5473351.372 5918060.827 6362770.455 6362770.113 6739062.732 5575975.291 6294352.023 6225934.653 5986474.83 5918057.344 684168.4889 0 0 0 0 0 0 0 
0 0 0 0 0 0 0 3112966.506 5644390.316 6841685.894 6944311.924 6123310.03 6396978.14 6396978.608 5678601.623 5918060.957 6123311.941 5678602.327 5918061.569 5131267.315 5849644.667 5712810.875 6362771.293 5507559.969 5918060.967 6225936.66 5952268.77 6123310.47 6294352.19 6260143.391 6910102.669 5883849.191 3318217.08 0 0 0 0 0 0 0 
0 0 0 0 0 0 0 5302305.596 6157516.883 6465393.474 5849642.275 5712809.02 7081147.168 5370725.5 6362770.734 6157520.305 6123312.201 5781227.833 6020687.064 6396980.167 6191729.434 6362771.584 5610185.575 6260146 6054895.051 5336517.407 6944313.853 6157519.257 6054893.565 5781225.509 5712807.999 6020683.212 5644389.947 0 0 0 0 0 0 0 
0 0 0 0 0 0 649960.0102 6602225.858 5952266.468 6328559.962 6396977.451 5404933.303 5541767.51 5918060.734 6123311.764 6533813.395 6054895.503 5439143.579 5233892.903 6225938.08 5575977.582 4857600.024 5747019.559 6636439.153 5781227.558 6191728.664 5815435.517 6465395.384 6020685.171 6533811.183 6225934.66 5952266.527 6978518.506 478917.8978 0 0 0 0 0 0 
0 0 0 0 0 0 1197294.794 6294350.241 5439140.269 5815433.509 5918059.501 5781226.221 5918060.472 6739063.514 5918061.244 5952269.972 5781227.919 6910106.981 6123312.777 5541769.197 6191729.744 6465397.275 5712811.253 6396980.054 6978523.455 5918061.222 6636438.147 6328561.799 6636437.236 6602228.2 6704852.874 5918058.245 5952265.925 1368336.908 0 0 0 0 0 0 
0 0 0 0 0 0 1813046.38 6157516.611 6807477.514 5302307.075 5883851.122 5781226.337 6191728.114 6123311.646 7183773.811 6020686.942 6362771.667 6225938.076 5199684.639 7046941.113 6431188.978 5883853.668 6499605.686 6431188.572 6089103.802 6123311.944 6602229.862 5575976.11 5918060.027 6294352.359 5986475.816 5712807.671 6636434.514 1949880.07 0 0 0 0 0 0 
0 0 0 0 0 0 1642004.268 6020682.815 5644390.833 6020684.274 5918059.505 6704854.178 5336516.996 6362770.706 5370726.137 6670647.459 6328563.227 5986478.898 7081149.495 6054895.968 6157521.348 5678602.98 6807481.737 5781227.998 6807481.246 5610185.282 6260145.375 6499604.042 6944313.236 6636436.756 5575974.599 5678599.292 5575973.288 2086713.775 0 0 0 0 0 0 
0 0 0 0 0 0 1710421.119 5918057.469 6944311.065 6431185.377 5507558.263 6157519.038 6020685.791 5986477.776 6294354.201 5815436.188 5507560.38 6328563.359 6396980.407 6841690.33 6362771.982 6465397.267 4960225.37 5541768.833 6465396.707 6225937.263 5678601.757 6670646.201 5473350.268 5712808.823 5883850.371 6260142.573 5986474.314 1470962.148 0 0 0 0 0 0 
0 0 0 0 0 0 547334.7346 7491644.905 6294350.761 6191726.163 5883850.944 6020685.221 6396978.511 6704855.065 6499604.7 6328562.785 6807481.339 6294354.797 6499605.591 6123312.718 5473352.097 5952270.346 6636439.238 6807481.307 6533813.501 5575976.642 6533812.816 6054894.12 6875896.161 5507558.126 6191726.122 6260142.397 5883849.026 786793.6684 0 0 0 0 0 0 
0 0 0 0 0 0 0 4686554.062 5986474.947 6123309.12 5575974.805 5918059.732 5610184.229 6294353.493 6568021.385 5712810.543 6089103.696 6636439.073 6328563.113 6499605.432 5849644.922 6465397.059 6533813.682 5712810.829 6465396.304 6020686.238 5952269.003 6260144.57 6294352.521 6499602.547 6260142.857 6054891.688 5712806.736 0 0 0 0 0 0 0 
0 0 0 0 0 0 0 3112966.485 6362767.233 6157517.399 7217979.409 6568019.801 6396978.052 5918060.371 5439142.562 6499604.594 5507559.955 6123312.072 6054895.389 5815436.299 5507560.241 5781227.659 6089103.633 5952269.689 7081148.196 5815435.337 5781226.615 6054893.698 6260143.808 5507557.727 6568018.51 6533809.428 3591884.408 0 0 0 0 0 0 0 
0 0 0 0 0 0 0 889419.0044 6944310.052 5952266.491 6807477.962 5404932.575 6054893.474 6294352.808 5952268.86 6533812.789 6294353.868 6294354.053 5849644.337 5336517.692 6020686.63 6054894.921 6465396.35 6054894.887 6020686.044 5712809.705 5781226.331 6191727.148 6533810.915 5644391.17 6089100.086 4994429.794 923627.4341 0 0 0 0 0 0 0 
0 0 0 0 0 0 0 0 3728718.086 5678598.72 5883849.992 5370723.965 7217979.791 7046938.175 6294352.783 5439142.2 5473350.779 6396978.94 6533812.87 6225937.023 6054894.695 5268100.43 5883852.138 6191728.041 6465395.46 5986476.712 6362769.575 6020684.65 6054892.768 5781224.516 5747015.604 4105010.779 0 0 0 0 0 0 0 0 
0 0 0 0 0 0 0 0 718376.858 5473347.814 6260142.068 5747016.281 4994431.061 6089101.467 5575975.24 6636437.234 5610184.075 6123311.076 6362770.342 6362770.331 5610184.654 5918060.431 5883851.887 5268099.869 6260144.284 5747017.486 6362768.81 6704852.577 6225934.197 6670643.386 4754970.75 615751.6014 0 0 0 0 0 0 0 0 
0 0 0 0 0 0 0 0 0 1265711.671 5986474.286 6465392.689 5815433.304 5747016.717 6054892.768 6157518.636 6294352.324 5507558.635 6704854.293 6020685.358 6225936.076 6465395.038 6191727.338 6225935.72 6191726.929 6362768.742 6054892.623 5918058.216 5678599.008 6670642.573 1539378.993 0 0 0 0 0 0 0 0 0 
0 0 0 0 0 0 0 0 0 0 2497214.804 6499600.57 6602226.468 6568018.497 5815433.303 5370723.872 6020684.638 5781225.563 5747017.221 6704853.315 6157518.612 6089101.68 6499602.737 5918059.328 6431185.49 5883850.152 6362767.9 5883849.421 6602225.661 2463006.422 0 0 0 0 0 0 0 0 0 0 
0 0 0 0 0 0 0 0 0 0 0 1607795.876 5747015.35 6020682.826 5815432.763 6294350.916 5918058.549 6431185.045 5336515.307 6294351.769 6157517.952 6328559.804 6020684.221 6396976.6 5952266.842 5781224.387 6636434.606 5986474.216 1539379.033 0 0 0 0 0 0 0 0 0 0 0 
0 0 0 0 0 0 0 0 0 0 0 0 547334.696 3899759.963 5849640.421 6807476.79 5370723.153 5986474.724 5678599.233 5165472.951 6499601.444 6396976.092 6260142.544 5815432.631 6739059.973 6636434.203 4002385.413 342084.2463 0 0 0 0 0 0 0 0 0 0 0 0 
0 0 0 0 0 0 0 0 0 0 0 0 0 0 889418.994 3591884.411 4823387.574 6499600.541 6260141.564 6944310.529 5439139.729 5370722.867 5747015.272 4686554.1 3626092.97 1060461.091 0 0 0 0 0 0 0 0 0 0 0 0 0 0 
0 0 0 0 0 0 0 0 0 0 0 0 0 0 0 0 0 581543.1388 1505170.621 2018296.838 2018296.902 1436753.834 547334.8075 0 0 0 0 0 0 0 0 0 0 0 0 0 0 0 0 0 
0 0 0 0 0 0 0 0 0 0 0 0 0 0 0 0 0 0 0 0 0 0 0 0 0 0 0 0 0 0 0 0 0 0 0 0 0 0 0 0 
0 0 0 0 0 0 0 0 0 0 0 0 0 0 0 0 0 0 0 0 0 0 0 0 0 0 0 0 0 0 0 0 0 0 0 0 0 0 0 0 
0 0 0 0 0 0 0 0 0 0 0 0 0 0 0 0 0 0 0 0 0 0 0 0 0 0 0 0 0 0 0 0 0 0 0 0 0 0 0 0 
0 0 0 0 0 0 0 0 0 0 0 0 0 0 0 0 0 0 0 0 0 0 0 0 0 0 0 0 0 0 0 0 0 0 0 0 0 0 0 0 
0 0 0 0 0 0 0 0 0 0 0 0 0 0 0 0 0 0 0 0 0 0 0 0 0 0 0 0 0 0 0 0 0 0 0 0 0 0 0 0 
0 0 0 0 0 0 0 0 0 0 0 0 0 0 0 0 0 0 0 0 0 0 0 0 0 0 0 0 0 0 0 0 0 0 0 0 0 0 0 0 
# Errors [psd_source/PSD_source.dat] I_err:
0 0 0 0 0 0 0 0 0 0 0 0 0 0 0 0 0 0 0 0 0 0 0 0 0 0 0 0 0 0 0 0 0 0 0 0 0 0 0 0 
0 0 0 0 0 0 0 0 0 0 0 0 0 0 0 0 0 0 0 0 0 0 0 0 0 0 0 0 0 0 0 0 0 0 0 0 0 0 0 0 
0 0 0 0 0 0 0 0 0 0 0 0 0 0 0 0 0 0 0 0 0 0 0 0 0 0 0 0 0 0 0 0 0 0 0 0 0 0 0 0 
0 0 0 0 0 0 0 0 0 0 0 0 0 0 0 0 0 0 0 0 0 0 0 0 0 0 0 0 0 0 0 0 0 0 0 0 0 0 0 0 
0 0 0 0 0 0 0 0 0 0 0 0 0 0 0 0 0 0 0 0 0 0 0 0 0 0 0 0 0 0 0 0 0 0 0 0 0 0 0 0 
0 0 0 0 0 0 0 0 0 0 0 0 0 0 0 0 0 0 0 0 0 0 0 0 0 0 0 0 0 0 0 0 0 0 0 0 0 0 0 0 
0 0 0 0 0 0 0 0 0 0 0 0 0 0 0 0 0 118501.4501 264977.2911 216353.0511 253696.4294 224319.6356 113456.4973 0 0 0 0 0 0 0 0 0 0 0 0 0 0 0 0 0 
0 0 0 0 0 0 0 0 0 0 0 0 0 0 208081.7183 313525.3553 407640.4231 477694.6543 442070.2939 425891.4663 457677.5363 470288.093 436743.9262 416163.4456 317235.8632 216353.0631 0 0 0 0 0 0 0 0 0 0 0 0 0 0 
0 0 0 0 0 0 0 0 0 0 0 0 145134.0445 363640.5344 458954.17 462763.0151 431351.8479 449941.6368 458954.2597 429993.2812 467793.2498 447333.2636 466540.7514 452534.9453 474005.8315 465284.8786 368435.9743 113456.5019 0 0 0 0 0 0 0 0 0 0 0 0 
0 0 0 0 0 0 0 0 0 0 0 253696.4523 436743.9031 467793.1996 464025.6756 495727.2545 464025.7208 455113.5832 410501.2059 488594.1578 447333.3121 453826.1437 455113.5884 465284.9599 444709.579 440744.7631 446023.3085 448639.2727 260523.5689 0 0 0 0 0 0 0 0 0 0 0 
0 0 0 0 0 0 0 0 0 0 277910.5324 461496.8626 458954.2184 480138.1603 460227.3782 440744.8249 464025.778 477694.8095 472769.9947 466540.8733 453826.1953 465285.0278 460227.4278 461497.0095 444709.625 462763.0793 447333.2551 453826.0731 460227.2971 251379.5369 0 0 0 0 0 0 0 0 0 0 
0 0 0 0 0 0 0 0 0 221695.9146 461496.864 438081.608 439415.231 462763.1022 425891.5724 453826.1883 469042.4575 461497.0578 443392.0688 462763.1871 455113.6903 471530.8079 455113.67 453826.2081 465285.0401 493361.0464 448639.3855 461496.9523 461496.9156 464025.6378 239458.9592 0 0 0 0 0 0 0 0 0 
0 0 0 0 0 0 0 0 141044.9483 434056.2439 439415.2086 461496.9674 465284.9949 475238.7727 436744.0992 446023.4782 509694.281 446023.5041 444709.7426 431352.0465 471530.854 458954.4132 477694.8811 452535.1132 461497.0843 461497.0321 431351.9492 447333.3049 477694.7236 452534.9458 443391.85 141044.9309 0 0 0 0 0 0 0 0 
0 0 0 0 0 0 0 0 409073.2442 472769.8518 493360.9769 467793.2801 421749.9151 457677.7032 483780.3987 442070.4776 486193.3271 478918.206 448639.5273 464025.9249 467793.4373 451240.3746 448639.5265 481355.4577 470288.3177 452535.1273 494545.6439 467793.3245 424515.482 471530.6544 453826.0543 380928.8678 0 0 0 0 0 0 0 0 
0 0 0 0 0 0 0 171042.1047 443391.8542 455113.5342 493361.0145 486193.2066 456397.4736 449941.7724 453826.2643 477694.9142 446023.5422 472770.1297 467793.4711 461497.179 453826.327 456397.6086 432706.4193 449941.8328 466540.9654 466540.9403 480138.3393 436744.0916 464025.7875 461496.9807 452534.9609 449941.568 152984.7249 0 0 0 0 0 0 0 
0 0 0 0 0 0 0 326327.5586 439415.1902 483780.249 487395.1477 457677.6801 467793.3711 467793.4054 440744.9635 449941.8427 457677.8229 440745.0182 449941.8892 418966.2218 447333.508 442070.5778 466541.0268 434056.5325 449941.8434 461497.1295 451240.3309 457677.7129 464025.7998 462763.1154 486193.1272 448639.2948 336913.8987 0 0 0 0 0 0 0 
0 0 0 0 0 0 0 425891.4342 458954.2107 470288.1745 447333.3251 442070.4343 492173.7509 428630.5582 466540.9858 458954.4659 457677.8423 444709.8333 453826.363 467793.5194 460227.6244 466541.0482 438081.893 462763.3082 455113.7815 427263.3401 487395.2831 458954.3877 455113.6698 444709.6546 442070.3553 453826.0726 439415.1614 0 0 0 0 0 0 0 
0 0 0 0 0 0 149111.0527 475238.6163 451240.1564 465284.9821 467793.3207 429993.406 435402.3763 449941.8257 457677.8096 472770.1449 455113.8155 431352.1441 423135.1622 461497.2347 436744.271 407640.7386 443392.1851 476468.5634 444709.8121 460227.5671 446023.5437 470288.3134 453826.2203 472769.9848 461496.9812 451240.1609 488594.024 127996.1921 0 0 0 0 0 0 
0 0 0 0 0 0 202379.7578 464025.6561 431351.8815 446023.3896 449941.732 444709.7093 449941.8058 480138.3951 449941.8645 451240.422 444709.8399 486193.4306 457677.8854 435402.5087 460227.6474 470288.4509 442070.607 467793.5111 488594.3705 449941.8628 476468.4912 465285.1172 476468.4258 475238.7849 478918.0624 449941.6365 451240.1153 216353.0617 0 0 0 0 0 0 
0 0 0 0 0 0 249041.0732 458954.1905 482569.2863 425891.5531 448639.4421 444709.7182 460227.5263 457677.8008 495727.4893 453826.3538 466541.0543 461497.2344 421750.1158 490983.6523 469042.6628 448639.6362 471530.956 469042.6332 456397.6257 457677.8231 475238.9045 436744.1557 449941.772 464025.8123 452535.0354 442070.3299 476468.2303 258267.9245 0 0 0 0 0 0 
0 0 0 0 0 0 237002.9015 453826.0427 439415.2304 453826.1527 449941.7323 478918.1556 427263.3072 466540.9838 428630.609 477694.9865 465285.2221 452535.2684 492173.9126 455113.8504 458954.5435 440745.0688 482569.5857 444709.846 482569.5509 438081.8702 462763.2621 471530.8368 487395.2398 476468.3913 436744.0373 440744.7826 436743.9347 267176.3211 0 0 0 0 0 0 
0 0 0 0 0 0 241890.0743 449941.5775 487395.0875 469042.4002 434056.398 458954.3714 453826.267 452535.1835 464025.9481 446023.5951 434056.5648 465285.2319 467793.537 483780.5627 466541.0773 470288.4504 411924.2961 435402.4802 470288.4096 461497.1742 440744.9739 477694.8964 432706.332 442070.419 448639.3848 462763.0549 452534.9218 224319.6247 0 0 0 0 0 0 
0 0 0 0 0 0 136833.6836 506238.4488 464025.6945 460227.3812 448639.4285 453826.224 467793.3983 478918.2189 471530.8845 465285.1896 482569.5575 464025.992 471530.9492 457677.8809 432706.4766 451240.4504 476468.5695 482569.5552 472770.1525 436744.1974 472770.1029 455113.7115 484988.3212 434056.3872 460227.3782 462763.0419 448639.2823 164057.8207 0 0 0 0 0 0 
0 0 0 0 0 0 0 400399.3351 452534.9697 457677.612 436744.0535 449941.7496 438081.788 464025.8958 474006.1143 442070.5522 456397.6177 476468.5577 465285.2137 471530.9376 447333.5275 470288.4353 472770.1656 442070.5743 470288.3804 453826.3007 451240.3486 462763.2025 464025.8242 471530.7283 462763.0759 455113.5287 442070.2576 0 0 0 0 0 0 0 
0 0 0 0 0 0 0 326327.5563 466540.7291 458954.2492 496906.1949 474006.0001 467793.3647 449941.7981 431352.0634 471530.8768 434056.5313 457677.8326 455113.8069 446023.6036 434056.5539 444709.8199 456397.6131 451240.4006 492173.8223 446023.5298 444709.7396 455113.6798 462763.1462 434056.3558 474005.9068 472769.8578 350532.0256 0 0 0 0 0 0 0 
0 0 0 0 0 0 0 174429.4177 487395.0163 451240.1582 482569.3181 429993.3481 455113.663 464025.8454 451240.3378 472770.101 464025.9235 464025.9371 447333.4828 427263.3629 453826.3302 455113.7717 470288.3837 455113.7692 453826.2861 442070.4873 444709.7178 460227.4544 472769.9654 439415.2566 456397.3472 413341.9508 177752.1826 0 0 0 0 0 0 0 
0 0 0 0 0 0 0 0 357146.4193 440744.7382 448639.3559 428630.4356 496906.2213 490983.4476 464025.8435 431352.0347 432706.3723 467793.4297 472770.1068 461497.1564 455113.7548 424515.6304 448639.5195 460227.5208 470288.319 452535.1031 466540.9009 453826.1811 455113.6099 444709.5782 443391.88 374734.5004 0 0 0 0 0 0 0 0 
0 0 0 0 0 0 0 0 156762.6823 432706.1379 462763.0176 443391.9322 413342.0556 456397.4507 436744.0876 476468.4257 438081.7759 457677.7582 466540.9571 466540.9563 438081.8212 449941.8027 448639.5004 424515.5851 462763.1814 443392.0252 466540.8448 478918.0412 461496.9469 477694.6948 403311.3551 145134.0443 0 0 0 0 0 0 0 0 
0 0 0 0 0 0 0 0 0 208081.717 452534.9198 470288.1174 446023.3739 443391.9659 455113.6099 458954.3414 464025.8097 434056.4273 478918.1638 453826.2344 461497.0862 470288.2883 460227.4686 461497.0598 460227.4381 466540.8398 455113.599 449941.6343 440744.7605 477694.6366 229477.0715 0 0 0 0 0 0 0 0 0 
0 0 0 0 0 0 0 0 0 0 292276.8854 471530.5848 475238.6601 474005.9059 446023.3739 428630.4282 453826.1801 444709.6587 443392.0047 478918.0939 458954.3397 456397.4667 471530.7421 449941.7188 469042.4084 448639.3681 466540.778 448639.3124 475238.6021 290268.0905 0 0 0 0 0 0 0 0 0 0 
0 0 0 0 0 0 0 0 0 0 0 234521.1318 443391.8604 453826.0436 446023.3324 464025.7059 449941.6596 469042.376 427263.1719 464025.7688 458954.2905 465284.9704 453826.1487 467793.2586 451240.1848 444709.5682 476468.2369 452534.9145 229477.0774 0 0 0 0 0 0 0 0 0 0 0 
0 0 0 0 0 0 0 0 0 0 0 0 136833.674 365245.985 447333.1834 482569.235 428630.3708 452534.9528 440744.778 420360.2272 471530.6483 467793.2214 462763.0528 446023.3223 480138.1428 476468.208 370020.6623 108176.537 0 0 0 0 0 0 0 0 0 0 0 0 
0 0 0 0 0 0 0 0 0 0 0 0 0 0 174429.4156 350532.0259 406202.5111 471530.5827 462762.9803 487395.0498 431351.8387 428630.348 443391.8543 400399.3384 352197.2838 190464.4345 0 0 0 0 0 0 0 0 0 0 0 0 0 0 
0 0 0 0 0 0 0 0 0 0 0 0 0 0 0 0 0 141044.9287 226913.0089 262759.8674 262759.8757 221695.9297 136833.7019 0 0 0 0 0 0 0 0 0 0 0 0 0 0 0 0 0 
0 0 0 0 0 0 0 0 0 0 0 0 0 0 0 0 0 0 0 0 0 0 0 0 0 0 0 0 0 0 0 0 0 0 0 0 0 0 0 0 
0 0 0 0 0 0 0 0 0 0 0 0 0 0 0 0 0 0 0 0 0 0 0 0 0 0 0 0 0 0 0 0 0 0 0 0 0 0 0 0 
0 0 0 0 0 0 0 0 0 0 0 0 0 0 0 0 0 0 0 0 0 0 0 0 0 0 0 0 0 0 0 0 0 0 0 0 0 0 0 0 
0 0 0 0 0 0 0 0 0 0 0 0 0 0 0 0 0 0 0 0 0 0 0 0 0 0 0 0 0 0 0 0 0 0 0 0 0 0 0 0 
0 0 0 0 0 0 0 0 0 0 0 0 0 0 0 0 0 0 0 0 0 0 0 0 0 0 0 0 0 0 0 0 0 0 0 0 0 0 0 0 
0 0 0 0 0 0 0 0 0 0 0 0 0 0 0 0 0 0 0 0 0 0 0 0 0 0 0 0 0 0 0 0 0 0 0 0 0 0 0 0 
# Events [psd_source/PSD_source.dat] N:
0 0 0 0 0 0 0 0 0 0 0 0 0 0 0 0 0 0 0 0 0 0 0 0 0 0 0 0 0 0 0 0 0 0 0 0 0 0 0 0 
0 0 0 0 0 0 0 0 0 0 0 0 0 0 0 0 0 0 0 0 0 0 0 0 0 0 0 0 0 0 0 0 0 0 0 0 0 0 0 0 
0 0 0 0 0 0 0 0 0 0 0 0 0 0 0 0 0 0 0 0 0 0 0 0 0 0 0 0 0 0 0 0 0 0 0 0 0 0 0 0 
0 0 0 0 0 0 0 0 0 0 0 0 0 0 0 0 0 0 0 0 0 0 0 0 0 0 0 0 0 0 0 0 0 0 0 0 0 0 0 0 
0 0 0 0 0 0 0 0 0 0 0 0 0 0 0 0 0 0 0 0 0 0 0 0 0 0 0 0 0 0 0 0 0 0 0 0 0 0 0 0 
0 0 0 0 0 0 0 0 0 0 0 0 0 0 0 0 0 0 0 0 0 0 0 0 0 0 0 0 0 0 0 0 0 0 0 0 0 0 0 0 
0 0 0 0 0 0 0 0 0 0 0 0 0 0 0 0 0 12 60 40 55 43 11 0 0 0 0 0 0 0 0 0 0 0 0 0 0 0 0 0 
0 0 0 0 0 0 0 0 0 0 0 0 0 0 37 84 142 195 167 155 179 189 163 148 86 40 0 0 0 0 0 0 0 0 0 0 0 0 0 0 
0 0 0 0 0 0 0 0 0 0 0 0 18 113 180 183 159 173 180 158 187 171 186 175 192 185 116 11 0 0 0 0 0 0 0 0 0 0 0 0 
0 0 0 0 0 0 0 0 0 0 0 55 163 187 184 210 184 177 144 204 171 176 177 185 169 166 170 172 58 0 0 0 0 0 0 0 0 0 0 0 
0 0 0 0 0 0 0 0 0 0 66 182 180 197 181 166 184 195 191 186 176 185 181 182 169 183 171 176 181 54 0 0 0 0 0 0 0 0 0 0 
0 0 0 0 0 0 0 0 0 42 182 164 165 183 155 176 188 182 168 183 177 190 177 176 185 208 172 182 182 184 49 0 0 0 0 0 0 0 0 0 
0 0 0 0 0 0 0 0 17 161 165 182 185 193 163 170 222 170 169 159 190 180 195 175 182 182 159 171 195 175 168 17 0 0 0 0 0 0 0 0 
0 0 0 0 0 0 0 0 143 191 208 187 152 179 200 167 202 196 172 184 187 174 172 198 189 175 209 187 154 190 176 124 0 0 0 0 0 0 0 0 
0 0 0 0 0 0 0 25 168 177 208 202 178 173 176 195 170 191 187 182 176 178 160 173 186 186 197 163 184 182 175 173 20 0 0 0 0 0 0 0 
0 0 0 0 0 0 0 91 165 200 203 179 187 187 166 173 179 166 173 150 171 167 186 161 173 182 174 179 184 183 202 172 97 0 0 0 0 0 0 0 
0 0 0 0 0 0 0 155 180 189 171 167 207 157 186 180 179 169 176 187 181 186 164 183 177 156 203 180 177 169 167 176 165 0 0 0 0 0 0 0 
0 0 0 0 0 0 19 193 174 185 187 158 162 173 179 191 177 159 153 182 163 142 168 194 169 181 170 189 176 191 182 174 204 14 0 0 0 0 0 0 
0 0 0 0 0 0 35 184 159 170 173 169 173 197 173 174 169 202 179 162 181 189 167 187 204 173 194 185 194 193 196 173 174 40 0 0 0 0 0 0 
0 0 0 0 0 0 53 180 199 155 172 169 181 179 210 176 186 182 152 206 188 172 190 188 178 179 193 163 173 184 175 167 194 57 0 0 0 0 0 0 
0 0 0 0 0 0 48 176 165 176 173 196 156 186 157 195 185 175 207 177 180 166 199 169 199 164 183 190 203 194 163 166 163 61 0 0 0 0 0 0 
0 0 0 0 0 0 50 173 203 188 161 180 176 175 184 170 161 185 187 200 186 189 145 162 189 182 166 195 160 167 172 183 175 43 0 0 0 0 0 0 
0 0 0 0 0 0 16 219 184 181 172 176 187 196 190 185 199 184 190 179 160 174 194 199 191 163 191 177 201 161 181 183 172 23 0 0 0 0 0 0 
0 0 0 0 0 0 0 137 175 179 163 173 164 184 192 167 178 194 185 190 171 189 191 167 189 176 174 183 184 190 183 177 167 0 0 0 0 0 0 0 
0 0 0 0 0 0 0 91 186 180 211 192 187 173 159 190 161 179 177 170 161 169 178 174 207 170 169 177 183 161 192 191 105 0 0 0 0 0 0 0 
0 0 0 0 0 0 0 26 203 174 199 158 177 184 174 191 184 184 171 156 176 177 189 177 176 167 169 181 191 165 178 146 27 0 0 0 0 0 0 0 
0 0 0 0 0 0 0 0 109 166 172 157 211 206 184 159 160 187 191 182 177 154 172 181 189 175 186 176 177 169 168 120 0 0 0 0 0 0 0 0 
0 0 0 0 0 0 0 0 21 160 183 168 146 178 163 194 164 179 186 186 164 173 172 154 183 168 186 196 182 195 139 18 0 0 0 0 0 0 0 0 
0 0 0 0 0 0 0 0 0 37 175 189 170 168 177 180 184 161 196 176 182 189 181 182 181 186 177 173 166 195 45 0 0 0 0 0 0 0 0 0 
0 0 0 0 0 0 0 0 0 0 73 190 193 192 170 157 176 169 168 196 180 178 190 173 188 172 186 172 193 72 0 0 0 0 0 0 0 0 0 0 
0 0 0 0 0 0 0 0 0 0 0 47 168 176 170 184 173 188 156 184 180 185 176 187 174 169 194 175 45 0 0 0 0 0 0 0 0 0 0 0 
0 0 0 0 0 0 0 0 0 0 0 0 16 114 171 199 157 175 166 151 190 187 183 170 197 194 117 10 0 0 0 0 0 0 0 0 0 0 0 0 
0 0 0 0 0 0 0 0 0 0 0 0 0 0 26 105 141 190 183 203 159 157 168 137 106 31 0 0 0 0 0 0 0 0 0 0 0 0 0 0 
0 0 0 0 0 0 0 0 0 0 0 0 0 0 0 0 0 17 44 59 59 42 16 0 0 0 0 0 0 0 0 0 0 0 0 0 0 0 0 0 
0 0 0 0 0 0 0 0 0 0 0 0 0 0 0 0 0 0 0 0 0 0 0 0 0 0 0 0 0 0 0 0 0 0 0 0 0 0 0 0 
0 0 0 0 0 0 0 0 0 0 0 0 0 0 0 0 0 0 0 0 0 0 0 0 0 0 0 0 0 0 0 0 0 0 0 0 0 0 0 0 
0 0 0 0 0 0 0 0 0 0 0 0 0 0 0 0 0 0 0 0 0 0 0 0 0 0 0 0 0 0 0 0 0 0 0 0 0 0 0 0 
0 0 0 0 0 0 0 0 0 0 0 0 0 0 0 0 0 0 0 0 0 0 0 0 0 0 0 0 0 0 0 0 0 0 0 0 0 0 0 0 
0 0 0 0 0 0 0 0 0 0 0 0 0 0 0 0 0 0 0 0 0 0 0 0 0 0 0 0 0 0 0 0 0 0 0 0 0 0 0 0 
0 0 0 0 0 0 0 0 0 0 0 0 0 0 0 0 0 0 0 0 0 0 0 0 0 0 0 0 0 0 0 0 0 0 0 0 0 0 0 0 
