# Format: McCode with text headers
# URL: http://www.mccode.org
# Creator: McStas 2.4.1 - Jun. 26, 2017
# Instrument: MAGiC_elearning.instr
# Ncount: 2500000
# Trace: no
# Gravitation: no
# Seed: 1563293798
# Directory: MAGiC_HR/28
# Nodes: 40
# Param: spectrum=0
# Param: high_res=1
# Param: coll_set=0.3
# Param: sample_rot=280
# Date: Tue Jul 16 10:39:54 2019 (1563266394)
# type: array_1d(101)
# Source: MAGiC_half_polarized (MAGiC_elearning.instr)
# component: L_out
# position: -0.034 -0.674259 159.42
# title: Wavelength monitor
# Ncount: 100000000
# filename: L_out.txt
# statistics: X0=1.43533; dX=0.353025;
# signal: Min=0; Max=2.39216e+07; Mean=4.28036e+06;
# values: 4.32316e+08 1.12319e+06 291530
# xvar: L
# yvar: (I,I_err)
# xlabel: Wavelength [AA]
# ylabel: Intensity
# xlimits: 0.2 6
# variables: L I I_err N
0.2287128713 0 0 0 
0.2861386139 0 0 0 
0.3435643564 5.48632715e-122 5.865130431e-122 7 
0.400990099 1.374255432e-18 1.1036731e-18 1196 
0.4584158416 946.2339543 214.6752742 5673 
0.5158415842 62187.14593 4232.577721 9645 
0.5732673267 339236.7255 12425.24626 10081 
0.6306930693 985664.2474 24755.96219 10090 
0.6881188119 2265908.868 46778.58847 9873 
0.7455445545 4362311.406 79934.77161 10120 
0.802970297 6784139.172 117149.3243 9927 
0.8603960396 9691187.121 157966.2325 10007 
0.9178217822 12700455.08 198475.6422 10014 
0.9752475248 15498944.05 232934.2591 9963 
1.032673267 18203789.65 263279.1651 10077 
1.09009901 20396864.18 284019.6847 10008 
1.147524752 22771584.4 302761.1756 10207 
1.204950495 23584817.07 306772.6519 10107 
1.262376238 23499655.48 301201.618 9980 
1.31980198 23921593.13 298706.4403 10062 
1.377227723 23803008.25 290542.457 10056 
1.434653465 23260452.47 278373.8891 10045 
1.492079208 22919190.37 267200.2225 10083 
1.54950495 21415446.24 248613.926 9906 
1.606930693 20805551.1 235594.706 9929 
1.664356436 20174837.99 222694.5641 10118 
1.721782178 19239245.21 208698.0143 10119 
1.779207921 18048648.63 193589.3222 10080 
1.836633663 16601782.28 177361.5539 9904 
1.894059406 15739645.43 165098.2652 10006 
1.951485149 14825679.87 153013.1608 10119 
2.008910891 13484297.47 139573.8133 9898 
2.066336634 10922404.17 121110.2366 8380 
2.123762376 5182589.78 77491.82629 4707 
2.181188119 824277.3584 26117.57768 1143 
2.238613861 0 0 0 
2.296039604 0 0 0 
2.353465347 0 0 0 
2.410891089 0 0 0 
2.468316832 0 0 0 
2.525742574 0 0 0 
2.583168317 0 0 0 
2.640594059 0 0 0 
2.698019802 0 0 0 
2.755445545 0 0 0 
2.812871287 0 0 0 
2.87029703 0 0 0 
2.927722772 0 0 0 
2.985148515 0 0 0 
3.042574257 0 0 0 
3.1 0 0 0 
3.157425743 0 0 0 
3.214851485 0 0 0 
3.272277228 0 0 0 
3.32970297 0 0 0 
3.387128713 0 0 0 
3.444554455 0 0 0 
3.501980198 0 0 0 
3.559405941 0 0 0 
3.616831683 0 0 0 
3.674257426 0 0 0 
3.731683168 0 0 0 
3.789108911 0 0 0 
3.846534653 0 0 0 
3.903960396 0 0 0 
3.961386139 0 0 0 
4.018811881 0 0 0 
4.076237624 0 0 0 
4.133663366 0 0 0 
4.191089109 0 0 0 
4.248514851 0 0 0 
4.305940594 0 0 0 
4.363366337 0 0 0 
4.420792079 0 0 0 
4.478217822 0 0 0 
4.535643564 0 0 0 
4.593069307 0 0 0 
4.65049505 0 0 0 
4.707920792 0 0 0 
4.765346535 0 0 0 
4.822772277 0 0 0 
4.88019802 0 0 0 
4.937623762 0 0 0 
4.995049505 0 0 0 
5.052475248 0 0 0 
5.10990099 0 0 0 
5.167326733 0 0 0 
5.224752475 0 0 0 
5.282178218 0 0 0 
5.33960396 0 0 0 
5.397029703 0 0 0 
5.454455446 0 0 0 
5.511881188 0 0 0 
5.569306931 0 0 0 
5.626732673 0 0 0 
5.684158416 0 0 0 
5.741584158 0 0 0 
5.799009901 0 0 0 
5.856435644 0 0 0 
5.913861386 0 0 0 
5.971287129 0 0 0 
