# Format: McCode with text headers
# URL: http://www.mccode.org
# Creator: McStas 2.5 - Dec. 12, 2018
# Instrument: ESS_HEIMDAL.instr
# Ncount: 25000
# Trace: no
# Gravitation: no
# Seed: 1565850530
# Directory: TemperatureScan/12
# Nodes: 4
# Param: lmax=4
# Param: lmin=0.5
# Param: T=250
# Param: tau=0
# Param: use_CoFe2O4=1
# Param: use_CoFe=1
# Param: use_magn=1
# Date: Wed Aug 14 12:13:40 2019 (1565777620)
# type: array_2d(40, 40)
# Source: ESS_HEIMDAL (ESS_HEIMDAL.instr)
# component: psd_source
# position: 0 0 0.01
# title: PSD monitor
# Ncount: 100000
# filename: PSD_source.dat
# statistics: X0=-0.002025; dX=5.00958; Y0=0.0085125; dY=5.00385;
# signal: Min=0; Max=7.42323e+06; Mean=2.13803e+06;
# values: 3.42084e+09 1.08177e+07 100000
# xvar: X 
# yvar: Y 
# xlabel: X position [cm]
# ylabel: Y position [cm]
# zvar: I
# zlabel: Signal per bin
# xylimits: -15 15 -15 15
# variables: I I_err N
# Data [psd_source/PSD_source.dat] I:
0 0 0 0 0 0 0 0 0 0 0 0 0 0 0 0 0 0 0 0 0 0 0 0 0 0 0 0 0 0 0 0 0 0 0 0 0 0 0 0 
0 0 0 0 0 0 0 0 0 0 0 0 0 0 0 0 0 0 0 0 0 0 0 0 0 0 0 0 0 0 0 0 0 0 0 0 0 0 0 0 
0 0 0 0 0 0 0 0 0 0 0 0 0 0 0 0 0 0 0 0 0 0 0 0 0 0 0 0 0 0 0 0 0 0 0 0 0 0 0 0 
0 0 0 0 0 0 0 0 0 0 0 0 0 0 0 0 0 0 0 0 0 0 0 0 0 0 0 0 0 0 0 0 0 0 0 0 0 0 0 0 
0 0 0 0 0 0 0 0 0 0 0 0 0 0 0 0 0 0 0 0 0 0 0 0 0 0 0 0 0 0 0 0 0 0 0 0 0 0 0 0 
0 0 0 0 0 0 0 0 0 0 0 0 0 0 0 0 0 0 0 0 0 0 0 0 0 0 0 0 0 0 0 0 0 0 0 0 0 0 0 0 
0 0 0 0 0 0 0 0 0 0 0 0 0 0 0 0 0 752585.3018 1505170.64 1676212.835 1710421.216 1231503.287 513126.2733 0 0 0 0 0 0 0 0 0 0 0 0 0 0 0 0 0 
0 0 0 0 0 0 0 0 0 0 0 0 0 0 821002.2847 3489259.161 5678598.532 5883848.891 6191724.786 5849640.537 6636434.622 6465392.222 6020682.985 4926012.827 3660301.249 786793.6573 0 0 0 0 0 0 0 0 0 0 0 0 0 0 
0 0 0 0 0 0 0 0 0 0 0 0 581543.1743 3899760.442 5918056.993 6260141.97 6089100.121 6362767.805 5439140.16 6123308.772 5952266.329 7217978.606 5268097.938 6054891.513 6123308.111 7217977.577 3899760.353 444709.4673 0 0 0 0 0 0 0 0 0 0 0 0 
0 0 0 0 0 0 0 0 0 0 0 1539379.09 5541764.815 5747015.739 6191725.394 6123309.111 6396976.533 6465393.774 6089100.909 6396977.079 5883850.252 6054892.744 6294351.244 6191725.902 6568018.491 5610181.898 6568017.932 5131263.599 1744629.398 0 0 0 0 0 0 0 0 0 0 0 
0 0 0 0 0 0 0 0 0 0 2360381.178 6089099.288 5268097.975 6225934.237 6089100.787 6123309.62 5952267.582 5165473.83 7217980.155 5849642.677 6533811.084 5062848.589 5644391.907 5439141.236 6431185.233 6191726.142 5918058.211 5302306.21 6362766.834 2360381.261 0 0 0 0 0 0 0 0 0 0 
0 0 0 0 0 0 0 0 0 1402545.345 6020682.573 6294350.678 5918058.399 6294351.632 6465394.107 5849642.632 6465394.768 6465394.932 5747017.813 5883851.625 5712809.306 5712809.382 6191727.251 6225935.556 5610183.524 5952267.552 5883850.378 6020683.571 5781224.245 6328558.598 1744629.557 0 0 0 0 0 0 0 0 0 
0 0 0 0 0 0 0 0 581543.1577 6020682.607 6328559.036 5781224.572 5849642.035 5747017.17 6054893.324 6602228.765 5815434.898 5268099.882 6054894.275 5781226.793 6875896.879 6225936.484 6089102.648 5678601.262 6328561.347 5918059.691 7149562.977 6431185.529 6636435.268 6431184.422 5644389.846 342084.1939 0 0 0 0 0 0 0 0 
0 0 0 0 0 0 0 0 3352425.421 7252186.411 6636435.237 6054892.73 6499602.722 6807479.125 6739062.732 5883851.996 7081147.56 6089102.876 6089103.079 6465396.126 5747018.689 5473351.137 6260145.388 5644393.136 6396978.686 6499603.521 5712809.094 6396977.466 6294351.581 6157517.358 6225933.606 3386633.897 0 0 0 0 0 0 0 0 
0 0 0 0 0 0 0 923627.3977 5815432.175 6123308.495 6704852.568 6533810.937 5952268.157 5747017.847 6089102.454 6465395.603 5268100.507 5986477.928 5678602.106 5815435.947 6123311.881 5918061.233 6533813 6910105.68 5575976.237 6225936.352 6465395.073 6054893.332 7081146.058 5644391.297 7046936.338 5952265.713 889418.9473 0 0 0 0 0 0 0 
0 0 0 0 0 0 0 3284008.605 6533809.339 5747016.271 5849642.131 6396977.679 6123310.595 6123310.954 6089102.957 6157519.968 6704855.586 6739064.038 6089103.807 5610185.453 6225937.57 6533813.475 5644393.904 6054895.034 6054894.82 5370725.602 5849643.442 6431186.517 5815434.163 5644391.451 5747016.146 6499600.882 3147174.902 0 0 0 0 0 0 0 
0 0 0 0 0 0 0 5199680.394 6191725.371 6328559.69 6465394.132 6465394.686 5952268.636 5986477.503 6362770.753 5747019.07 5747019.224 5541768.757 5165475.921 5712811.152 6396980.199 5883853.311 6260146.133 5849644.523 7286399.136 6807480.545 6396978.784 6089102.36 5952268.157 5541766.437 6089100.764 5883849.448 5165471.992 0 0 0 0 0 0 0 
0 0 0 0 0 0 376292.6384 6362766.951 6773268.872 5507557.505 6089101.485 5986476.762 6191727.871 6020686.135 5747018.867 5199683.994 6875898.247 5918061.848 5404935.27 5883853.538 5883853.535 6191729.573 5849644.934 5747019.421 6739064.162 5268100.606 6054894.614 6362770.048 5883851.463 7081146.123 6362768.33 5918058.249 5918057.435 513126.3348 0 0 0 0 0 0 
0 0 0 0 0 0 992044.249 5849640.687 6499601.536 5575974.514 6054893.182 6431186.643 5404933.796 5849643.967 5747019.027 5952269.992 6465396.964 6396980.276 6294355.028 6123312.819 6225938.245 5473352.203 5268101.422 6362771.593 5678602.38 5849644.353 6431187.569 5541767.599 6465395.077 5883851.016 7149562.44 5575973.881 5849640.727 1744629.542 0 0 0 0 0 0 
0 0 0 0 0 0 1607795.849 6396975.565 6670643.723 6328560.175 6362769.241 6294352.862 5747018.351 6396979.164 5712810.607 6875898.144 5849644.944 6807481.761 7423234.024 5233893.124 6396980.516 6362772.003 5747019.767 5644394.242 6294354.521 6602230.24 6396979.183 6396978.714 7012730.115 5918059.559 6328560.13 7217978.631 6465392.37 2018296.93 0 0 0 0 0 0 
0 0 0 0 0 0 1949880.077 5883849.129 5541765.482 6431185.43 6191727.009 6910104.775 6431187.19 6431187.619 6294354.199 6362771.446 6533813.961 6123312.709 5439143.8 6704856.616 6568022.789 5849645.231 5781228.245 6841689.997 6089103.842 6191728.879 5747018.746 5507559.218 5712809.381 6020684.834 5918058.895 6568018.397 5952265.971 1778838.001 0 0 0 0 0 0 
0 0 0 0 0 0 1128877.928 7046935.57 6362767.786 6533810.681 6020684.746 5849643.134 6089102.692 6396979.127 6568021.708 6123312.203 6020687.107 6157521.098 6807481.791 6568022.761 5644394.508 6396980.349 6533814.055 6396980.064 6362771.411 5952269.645 6191728.402 5918060.482 5439141.781 5849642.629 6396976.965 5473348.652 7149560.808 1539378.986 0 0 0 0 0 0 
0 0 0 0 0 0 547334.7402 6328558.443 6431184.539 5815433.429 6328560.546 6362769.624 7286398.021 6054894.531 6568021.561 6089103.588 5986478.566 5747019.64 5883853.536 5986478.865 6294354.917 6499605.632 6294354.783 4960225.112 5336517.776 6089103.326 6499604.306 6533812.269 6396978.009 6431185.918 6225934.657 6020683.327 6294350.118 615751.5814 0 0 0 0 0 0 
0 0 0 0 0 0 0 5233888.83 5918057.984 6465393.561 6739061.584 5883851.214 5883851.755 6260144.961 6773272.041 4891807.755 5747019.147 6157520.848 7046940.629 6568022.382 6944315.284 6807481.456 6225937.668 6362771.327 5986478.163 5781227.137 6191728.123 6294352.954 6225935.581 6431185.694 6431185.148 5575973.601 5404930.927 0 0 0 0 0 0 0 
0 0 0 0 0 0 0 3284008.544 5918057.699 5918058.328 6294351.689 6533811.457 5815434.568 5747018.092 5918060.569 6225937.071 6157520.364 6465396.543 6499605.113 5986478.461 6191729.1 5404934.794 6054895.235 5952269.744 6499604.531 5986477.59 5952268.7 6841687.808 5781225.783 6636435.926 6089100.509 5883849.255 3318217 0 0 0 0 0 0 0 
0 0 0 0 0 0 0 855210.5625 5575973.231 6089100.2 6123309.258 5918059.301 6157518.686 5404933.441 5918060.355 6020686.049 5644393.408 6123311.866 6054894.978 6157520.394 5473351.475 6123312.031 6602230.006 6533812.931 6020685.99 6225936.355 5952268.443 5849642.849 5986476.098 5541765.841 5918058.079 5918057.328 923627.3905 0 0 0 0 0 0 0 
0 0 0 0 0 0 0 0 3626092.866 6020682.842 5849641.288 6123309.352 6533811.111 6225935.608 5644392.525 5986477.339 5815435.308 6054894.499 5302308.957 6260145.226 6191728.474 6191728.41 6225936.862 5747018.404 6089102.549 5849643.293 5918059.839 5712808.664 5473349.23 5815433.047 6465392.331 3489259.201 0 0 0 0 0 0 0 0 
0 0 0 0 0 0 0 0 513126.3352 5507556.228 5678598.768 5918058.521 6020684.353 6054893.069 6328560.747 6533811.823 5747018.005 5575976.058 6602229.281 5336517.167 5541767.587 5678601.406 6499603.759 5507558.947 5575975.492 6294352.372 6396977.26 6225934.741 6944311.431 5644390.391 6328558.376 581543.1813 0 0 0 0 0 0 0 0 
0 0 0 0 0 0 0 0 0 1778838.104 6704851.037 6807476.935 5712807.883 5849641.814 6020684.646 5268099.204 5747017.706 5883851.404 5644392.523 6225936.225 6465395.083 6396977.99 6362769.549 6191727.164 6602228.102 5918059.137 6362768.386 6054891.991 6910102.275 5370722.819 1778837.961 0 0 0 0 0 0 0 0 0 
0 0 0 0 0 0 0 0 0 0 2189339.024 6191724.788 6396975.858 6396976.307 6157517.741 6191726.336 6465394.121 6123309.972 6773270.184 6602228.296 6191726.947 6054893.01 6157518.472 6465394.127 6362768.716 5849641.862 5712807.53 6054891.562 5507556.029 2565631.82 0 0 0 0 0 0 0 0 0 0 
0 0 0 0 0 0 0 0 0 0 0 1813046.384 5712806.833 6225933.283 5712807.605 5986475.277 6465393.483 6499601.995 6191726.501 6431185.298 6465393.861 6875895.093 6362768.288 5781224.742 6328559.444 5336514.888 6260141.9 4481303.595 1984088.539 0 0 0 0 0 0 0 0 0 0 0 
0 0 0 0 0 0 0 0 0 0 0 0 307875.8025 4105010.945 7012726.863 5883849.225 5747016.005 5781224.435 6020683.495 6841685.738 5302306.409 7081145.107 6328559.339 6568017.826 5952266.225 6602225.95 4173427.694 992044.1929 0 0 0 0 0 0 0 0 0 0 0 0 
0 0 0 0 0 0 0 0 0 0 0 0 0 0 1026252.741 3455050.77 5370722.532 6294349.908 6260141.976 6910101.916 5952265.936 6568017.467 5712806.85 4994429.949 3284008.596 923627.4193 0 0 0 0 0 0 0 0 0 0 0 0 0 0 
0 0 0 0 0 0 0 0 0 0 0 0 0 0 0 0 0 478917.9138 1402545.308 1436753.631 1847254.881 1778837.992 376292.6341 0 0 0 0 0 0 0 0 0 0 0 0 0 0 0 0 0 
0 0 0 0 0 0 0 0 0 0 0 0 0 0 0 0 0 0 0 0 0 0 0 0 0 0 0 0 0 0 0 0 0 0 0 0 0 0 0 0 
0 0 0 0 0 0 0 0 0 0 0 0 0 0 0 0 0 0 0 0 0 0 0 0 0 0 0 0 0 0 0 0 0 0 0 0 0 0 0 0 
0 0 0 0 0 0 0 0 0 0 0 0 0 0 0 0 0 0 0 0 0 0 0 0 0 0 0 0 0 0 0 0 0 0 0 0 0 0 0 0 
0 0 0 0 0 0 0 0 0 0 0 0 0 0 0 0 0 0 0 0 0 0 0 0 0 0 0 0 0 0 0 0 0 0 0 0 0 0 0 0 
0 0 0 0 0 0 0 0 0 0 0 0 0 0 0 0 0 0 0 0 0 0 0 0 0 0 0 0 0 0 0 0 0 0 0 0 0 0 0 0 
0 0 0 0 0 0 0 0 0 0 0 0 0 0 0 0 0 0 0 0 0 0 0 0 0 0 0 0 0 0 0 0 0 0 0 0 0 0 0 0 
# Errors [psd_source/PSD_source.dat] I_err:
0 0 0 0 0 0 0 0 0 0 0 0 0 0 0 0 0 0 0 0 0 0 0 0 0 0 0 0 0 0 0 0 0 0 0 0 0 0 0 0 
0 0 0 0 0 0 0 0 0 0 0 0 0 0 0 0 0 0 0 0 0 0 0 0 0 0 0 0 0 0 0 0 0 0 0 0 0 0 0 0 
0 0 0 0 0 0 0 0 0 0 0 0 0 0 0 0 0 0 0 0 0 0 0 0 0 0 0 0 0 0 0 0 0 0 0 0 0 0 0 0 
0 0 0 0 0 0 0 0 0 0 0 0 0 0 0 0 0 0 0 0 0 0 0 0 0 0 0 0 0 0 0 0 0 0 0 0 0 0 0 0 
0 0 0 0 0 0 0 0 0 0 0 0 0 0 0 0 0 0 0 0 0 0 0 0 0 0 0 0 0 0 0 0 0 0 0 0 0 0 0 0 
0 0 0 0 0 0 0 0 0 0 0 0 0 0 0 0 0 0 0 0 0 0 0 0 0 0 0 0 0 0 0 0 0 0 0 0 0 0 0 0 
0 0 0 0 0 0 0 0 0 0 0 0 0 0 0 0 0 160451.7255 226913.0118 239458.9764 241890.0881 205250.5478 132488.6341 0 0 0 0 0 0 0 0 0 0 0 0 0 0 0 0 0 
0 0 0 0 0 0 0 0 0 0 0 0 0 0 167586.3896 345488.1385 440744.7236 448639.272 460227.2789 447333.1922 476468.2381 470288.0834 453826.0555 410501.0689 353854.6778 164057.8184 0 0 0 0 0 0 0 0 0 0 0 0 0 0 
0 0 0 0 0 0 0 0 0 0 0 0 141044.9373 365246.0299 449941.5413 462763.0104 456397.3498 466540.7711 431351.8729 457677.586 451240.1459 496906.1397 424515.4295 455113.5155 457677.5366 496906.0688 365246.0216 123340.2144 0 0 0 0 0 0 0 0 0 0 0 0 
0 0 0 0 0 0 0 0 0 0 0 229477.0858 435402.1645 443391.8904 460227.3241 457677.6113 467793.2537 470288.1963 456397.4089 467793.2935 448639.3757 455113.6081 464025.73 460227.3618 474005.9055 438081.6059 474005.8652 418965.9184 244296.98 0 0 0 0 0 0 0 0 0 0 0 
0 0 0 0 0 0 0 0 0 0 284156.5018 456397.2873 424515.4325 461496.9499 456397.3997 457677.6493 451240.2409 420360.2987 496906.2463 447333.3559 472769.9776 416163.5905 439415.314 431351.9582 469042.3896 460227.3796 449941.6339 425891.4836 466540.6999 284156.5118 0 0 0 0 0 0 0 0 0 0 
0 0 0 0 0 0 0 0 0 219040.7828 453826.0245 464025.6883 449941.6482 464025.7587 470288.2205 447333.3525 470288.2686 470288.2805 443392.0504 448639.4804 442070.4564 442070.4623 460227.4621 461497.0476 438081.7329 451240.2386 448639.3853 453826.0997 444709.5573 465284.8818 244297.0022 0 0 0 0 0 0 0 0 0 
0 0 0 0 0 0 0 0 141044.9332 453826.0271 465284.914 444709.5825 447333.3068 443392.0008 455113.6517 475238.8255 446023.4962 424515.5862 455113.7232 444709.7533 484988.3718 461497.1164 456397.5392 440744.9355 465285.0839 449941.7464 494545.6121 469042.4113 476468.2845 469042.3305 439415.1536 108176.5204 0 0 0 0 0 0 0 0 
0 0 0 0 0 0 0 0 338646.107 498082.2076 476468.2822 455113.6071 471530.741 482569.4005 480138.3394 448639.5087 492173.7781 456397.5563 456397.5715 470288.3674 443392.118 432706.4007 462763.263 439415.4097 467793.4111 471530.799 442070.44 467793.3219 464025.7549 458954.2462 461496.9031 340369.5133 0 0 0 0 0 0 0 0 
0 0 0 0 0 0 0 177752.1756 446023.2873 457677.5653 478918.0405 472769.967 451240.2844 443392.053 456397.5247 470288.3293 424515.6365 452535.1951 440745.001 446023.5767 457677.8184 449941.8637 472770.1162 486193.3391 436744.1657 461497.1067 470288.2908 455113.6523 492173.6737 439415.2665 490983.3197 451240.0992 174429.4065 0 0 0 0 0 0 0 
0 0 0 0 0 0 0 335172.7248 472769.8513 443391.9315 447333.3141 467793.3374 457677.7222 457677.7491 456397.5624 458954.4407 478918.2561 480138.4324 456397.6261 438081.8835 461497.1969 472770.1507 439415.4695 455113.7802 455113.7642 428630.5663 447333.4144 469042.4833 446023.4398 439415.2785 443391.9218 471530.6075 328115.6653 0 0 0 0 0 0 0 
0 0 0 0 0 0 0 421749.7715 460227.3223 465284.9621 470288.2224 470288.2627 451240.3208 452535.1629 466540.9872 443392.1474 443392.1593 435402.4742 420360.4689 442070.5993 467793.5217 448639.609 462763.3181 447333.4971 499255.8423 482569.5012 467793.4183 456397.5177 451240.2845 435402.2919 456397.398 448639.3145 420360.1491 0 0 0 0 0 0 0 
0 0 0 0 0 0 113456.4994 466540.7084 481355.2585 434056.3383 456397.452 452535.1069 460227.5081 453826.2929 443392.1317 421750.0635 484988.4683 449941.9104 429993.5624 448639.6263 448639.6261 460227.6347 447333.5285 443392.1745 480138.4412 424515.6445 455113.7486 466540.9355 448639.4681 492173.6782 466540.8096 449941.6368 449941.5749 132488.65 0 0 0 0 0 0 
0 0 0 0 0 0 184217.9923 447333.2037 471530.655 436744.0307 455113.641 469042.4925 429993.4452 447333.4545 443392.1441 451240.4236 470288.4283 467793.5273 464026.0091 457677.8885 461497.2469 432706.485 424515.7103 466541.0489 440745.0223 447333.484 469042.56 435402.3832 470288.2911 448639.434 494545.575 436743.9811 447333.2067 244297.0002 0 0 0 0 0 0 
0 0 0 0 0 0 234521.1279 467793.1828 477694.7189 465284.9978 466540.8764 464025.8493 443392.0919 467793.446 442070.5571 484988.4611 447333.5292 482569.5874 503921.9609 423135.1801 467793.5449 466541.0789 443392.2011 439415.4958 464025.9716 475238.9317 467793.4474 467793.4131 489790.3168 449941.7364 465284.9944 496906.1414 470288.0942 262759.8794 0 0 0 0 0 0 
0 0 0 0 0 0 258267.9254 448639.2901 435402.2169 469042.404 460227.4441 486193.2753 469042.5324 469042.5636 464025.9479 466541.0381 472770.1858 457677.8802 431352.1616 478918.3297 474006.2157 447333.5512 444709.865 483780.5392 456397.6287 460227.5831 443392.1224 434056.4732 442070.4622 453826.1949 449941.6859 474005.8987 451240.1187 246680.4471 0 0 0 0 0 0 
0 0 0 0 0 0 196512.4236 490983.2661 466540.7697 472769.9484 453826.1883 447333.3908 456397.5425 467793.4434 474006.1376 457677.8425 453826.3662 458954.5249 482569.5895 474006.2137 439415.5165 467793.5327 472770.1926 467793.5118 466541.0355 451240.3973 460227.5476 449941.8066 431352.0014 447333.3522 467793.2852 432706.2042 494545.4621 229477.0704 0 0 0 0 0 0 
0 0 0 0 0 0 136833.685 465284.8704 469042.339 446023.3835 465285.025 466540.9044 499255.7659 455113.7424 474006.127 456397.6097 452535.2433 443392.1914 448639.6261 452535.2659 464026.0009 471530.9521 464025.991 411924.2746 427263.3696 456397.59 471530.8559 472770.0633 467793.3616 469042.4396 461496.981 453826.0813 464025.6471 145134.0396 0 0 0 0 0 0 
0 0 0 0 0 0 0 423134.8329 449941.6166 470288.1808 480138.2576 448639.4491 448639.4904 462763.2315 481355.4837 409073.515 443392.1533 458954.5063 490983.6186 474006.1863 487395.3836 482569.5657 461497.2042 466541.0293 452535.2128 444709.7798 460227.5269 464025.8561 461497.0495 469042.4233 469042.3835 436743.9591 429993.217 0 0 0 0 0 0 0 
0 0 0 0 0 0 0 335172.7185 449941.5949 449941.6428 464025.7629 472770.0046 446023.4708 443392.0719 449941.8132 461497.16 458954.4702 470288.3977 471530.9145 452535.2353 460227.5995 429993.5246 455113.7954 451240.4048 471530.8722 452535.1695 451240.3256 483780.3844 444709.6756 476468.3317 456397.3789 448639.2997 336913.8906 0 0 0 0 0 0 0 
0 0 0 0 0 0 0 171042.1125 436743.9302 456397.3558 457677.6223 449941.7167 458954.3451 429993.417 449941.7969 453826.2864 439415.4309 457677.8172 455113.7761 458954.4725 432706.4274 457677.8296 475238.9149 472770.1113 453826.282 461497.1069 451240.3062 447333.3691 452535.0567 435402.2451 449941.6239 449941.5667 177752.1742 0 0 0 0 0 0 0 
0 0 0 0 0 0 0 0 352197.2736 453826.0447 447333.2496 457677.6293 472769.9796 461497.0515 439415.3621 452535.1505 446023.5276 455113.74 425891.7042 462763.2511 460227.553 460227.5482 461497.1444 443392.096 456397.5318 447333.403 449941.7577 442070.4067 432706.2499 446023.3542 470288.0914 345488.1425 0 0 0 0 0 0 0 0 
0 0 0 0 0 0 0 0 132488.6501 434056.2376 440744.7419 449941.6575 453826.1586 455113.6325 465285.0398 472770.0311 443392.0652 436744.1516 475238.8626 427263.3209 435402.3823 440744.9467 471530.8162 434056.4519 436744.1073 464025.8132 467793.3068 461496.9872 487395.1131 439415.196 465284.8655 141044.939 0 0 0 0 0 0 0 0 
0 0 0 0 0 0 0 0 0 246680.4614 478917.9312 482569.2453 442070.3463 447333.2899 453826.1807 424515.5315 443392.0422 448639.4636 439415.362 461497.0973 470288.2915 467793.3602 466540.8989 460227.4556 475238.7778 449941.7043 466540.8137 455113.5515 486193.0994 428630.3442 246680.4415 0 0 0 0 0 0 0 0 0 
0 0 0 0 0 0 0 0 0 0 273667.378 460227.279 467793.2043 467793.2371 458954.2747 460227.3941 470288.2216 457677.6757 481355.3518 475238.7917 460227.4395 455113.6281 458954.3292 470288.2219 466540.8379 447333.2935 442070.319 455113.5193 434056.2219 296253.6443 0 0 0 0 0 0 0 0 0 0 
0 0 0 0 0 0 0 0 0 0 0 249041.0738 442070.2651 461496.8791 442070.3247 452534.9947 470288.1751 471530.6882 460227.4063 469042.3944 470288.2027 484988.2459 466540.8065 444709.5955 465284.944 427263.1384 462763.0051 391533.313 260523.5886 0 0 0 0 0 0 0 0 0 0 0 
0 0 0 0 0 0 0 0 0 0 0 0 102625.2675 374734.5156 489790.0897 448639.2975 443391.9109 444709.572 453826.0939 483780.238 425891.4995 492173.6076 465284.9363 474005.8575 451240.138 475238.6229 377844.3898 184217.9819 0 0 0 0 0 0 0 0 0 0 0 0 
0 0 0 0 0 0 0 0 0 0 0 0 0 0 187367.2586 343790.401 428630.3213 464025.6315 462763.0108 486193.0742 451240.1161 474005.8316 442070.2664 413341.9636 335172.7237 177752.1797 0 0 0 0 0 0 0 0 0 0 0 0 0 0 
0 0 0 0 0 0 0 0 0 0 0 0 0 0 0 0 0 127996.1964 219040.777 221695.8983 251379.549 246680.4458 113456.4981 0 0 0 0 0 0 0 0 0 0 0 0 0 0 0 0 0 
0 0 0 0 0 0 0 0 0 0 0 0 0 0 0 0 0 0 0 0 0 0 0 0 0 0 0 0 0 0 0 0 0 0 0 0 0 0 0 0 
0 0 0 0 0 0 0 0 0 0 0 0 0 0 0 0 0 0 0 0 0 0 0 0 0 0 0 0 0 0 0 0 0 0 0 0 0 0 0 0 
0 0 0 0 0 0 0 0 0 0 0 0 0 0 0 0 0 0 0 0 0 0 0 0 0 0 0 0 0 0 0 0 0 0 0 0 0 0 0 0 
0 0 0 0 0 0 0 0 0 0 0 0 0 0 0 0 0 0 0 0 0 0 0 0 0 0 0 0 0 0 0 0 0 0 0 0 0 0 0 0 
0 0 0 0 0 0 0 0 0 0 0 0 0 0 0 0 0 0 0 0 0 0 0 0 0 0 0 0 0 0 0 0 0 0 0 0 0 0 0 0 
0 0 0 0 0 0 0 0 0 0 0 0 0 0 0 0 0 0 0 0 0 0 0 0 0 0 0 0 0 0 0 0 0 0 0 0 0 0 0 0 
# Events [psd_source/PSD_source.dat] N:
0 0 0 0 0 0 0 0 0 0 0 0 0 0 0 0 0 0 0 0 0 0 0 0 0 0 0 0 0 0 0 0 0 0 0 0 0 0 0 0 
0 0 0 0 0 0 0 0 0 0 0 0 0 0 0 0 0 0 0 0 0 0 0 0 0 0 0 0 0 0 0 0 0 0 0 0 0 0 0 0 
0 0 0 0 0 0 0 0 0 0 0 0 0 0 0 0 0 0 0 0 0 0 0 0 0 0 0 0 0 0 0 0 0 0 0 0 0 0 0 0 
0 0 0 0 0 0 0 0 0 0 0 0 0 0 0 0 0 0 0 0 0 0 0 0 0 0 0 0 0 0 0 0 0 0 0 0 0 0 0 0 
0 0 0 0 0 0 0 0 0 0 0 0 0 0 0 0 0 0 0 0 0 0 0 0 0 0 0 0 0 0 0 0 0 0 0 0 0 0 0 0 
0 0 0 0 0 0 0 0 0 0 0 0 0 0 0 0 0 0 0 0 0 0 0 0 0 0 0 0 0 0 0 0 0 0 0 0 0 0 0 0 
0 0 0 0 0 0 0 0 0 0 0 0 0 0 0 0 0 22 44 49 50 36 15 0 0 0 0 0 0 0 0 0 0 0 0 0 0 0 0 0 
0 0 0 0 0 0 0 0 0 0 0 0 0 0 24 102 166 172 181 171 194 189 176 144 107 23 0 0 0 0 0 0 0 0 0 0 0 0 0 0 
0 0 0 0 0 0 0 0 0 0 0 0 17 114 173 183 178 186 159 179 174 211 154 177 179 211 114 13 0 0 0 0 0 0 0 0 0 0 0 0 
0 0 0 0 0 0 0 0 0 0 0 45 162 168 181 179 187 189 178 187 172 177 184 181 192 164 192 150 51 0 0 0 0 0 0 0 0 0 0 0 
0 0 0 0 0 0 0 0 0 0 69 178 154 182 178 179 174 151 211 171 191 148 165 159 188 181 173 155 186 69 0 0 0 0 0 0 0 0 0 0 
0 0 0 0 0 0 0 0 0 41 176 184 173 184 189 171 189 189 168 172 167 167 181 182 164 174 172 176 169 185 51 0 0 0 0 0 0 0 0 0 
0 0 0 0 0 0 0 0 17 176 185 169 171 168 177 193 170 154 177 169 201 182 178 166 185 173 209 188 194 188 165 10 0 0 0 0 0 0 0 0 
0 0 0 0 0 0 0 0 98 212 194 177 190 199 197 172 207 178 178 189 168 160 183 165 187 190 167 187 184 180 182 99 0 0 0 0 0 0 0 0 
0 0 0 0 0 0 0 27 170 179 196 191 174 168 178 189 154 175 166 170 179 173 191 202 163 182 189 177 207 165 206 174 26 0 0 0 0 0 0 0 
0 0 0 0 0 0 0 96 191 168 171 187 179 179 178 180 196 197 178 164 182 191 165 177 177 157 171 188 170 165 168 190 92 0 0 0 0 0 0 0 
0 0 0 0 0 0 0 152 181 185 189 189 174 175 186 168 168 162 151 167 187 172 183 171 213 199 187 178 174 162 178 172 151 0 0 0 0 0 0 0 
0 0 0 0 0 0 11 186 198 161 178 175 181 176 168 152 201 173 158 172 172 181 171 168 197 154 177 186 172 207 186 173 173 15 0 0 0 0 0 0 
0 0 0 0 0 0 29 171 190 163 177 188 158 171 168 174 189 187 184 179 182 160 154 186 166 171 188 162 189 172 209 163 171 51 0 0 0 0 0 0 
0 0 0 0 0 0 47 187 195 185 186 184 168 187 167 201 171 199 217 153 187 186 168 165 184 193 187 187 205 173 185 211 189 59 0 0 0 0 0 0 
0 0 0 0 0 0 57 172 162 188 181 202 188 188 184 186 191 179 159 196 192 171 169 200 178 181 168 161 167 176 173 192 174 52 0 0 0 0 0 0 
0 0 0 0 0 0 33 206 186 191 176 171 178 187 192 179 176 180 199 192 165 187 191 187 186 174 181 173 159 171 187 160 209 45 0 0 0 0 0 0 
0 0 0 0 0 0 16 185 188 170 185 186 213 177 192 178 175 168 172 175 184 190 184 145 156 178 190 191 187 188 182 176 184 18 0 0 0 0 0 0 
0 0 0 0 0 0 0 153 173 189 197 172 172 183 198 143 168 180 206 192 203 199 182 186 175 169 181 184 182 188 188 163 158 0 0 0 0 0 0 0 
0 0 0 0 0 0 0 96 173 173 184 191 170 168 173 182 180 189 190 175 181 158 177 174 190 175 174 200 169 194 178 172 97 0 0 0 0 0 0 0 
0 0 0 0 0 0 0 25 163 178 179 173 180 158 173 176 165 179 177 180 160 179 193 191 176 182 174 171 175 162 173 173 27 0 0 0 0 0 0 0 
0 0 0 0 0 0 0 0 106 176 171 179 191 182 165 175 170 177 155 183 181 181 182 168 178 171 173 167 160 170 189 102 0 0 0 0 0 0 0 0 
0 0 0 0 0 0 0 0 15 161 166 173 176 177 185 191 168 163 193 156 162 166 190 161 163 184 187 182 203 165 185 17 0 0 0 0 0 0 0 0 
0 0 0 0 0 0 0 0 0 52 196 199 167 171 176 154 168 172 165 182 189 187 186 181 193 173 186 177 202 157 52 0 0 0 0 0 0 0 0 0 
0 0 0 0 0 0 0 0 0 0 64 181 187 187 180 181 189 179 198 193 181 177 180 189 186 171 167 177 161 75 0 0 0 0 0 0 0 0 0 0 
0 0 0 0 0 0 0 0 0 0 0 53 167 182 167 175 189 190 181 188 189 201 186 169 185 156 183 131 58 0 0 0 0 0 0 0 0 0 0 0 
0 0 0 0 0 0 0 0 0 0 0 0 9 120 205 172 168 169 176 200 155 207 185 192 174 193 122 29 0 0 0 0 0 0 0 0 0 0 0 0 
0 0 0 0 0 0 0 0 0 0 0 0 0 0 30 101 157 184 183 202 174 192 167 146 96 27 0 0 0 0 0 0 0 0 0 0 0 0 0 0 
0 0 0 0 0 0 0 0 0 0 0 0 0 0 0 0 0 14 41 42 54 52 11 0 0 0 0 0 0 0 0 0 0 0 0 0 0 0 0 0 
0 0 0 0 0 0 0 0 0 0 0 0 0 0 0 0 0 0 0 0 0 0 0 0 0 0 0 0 0 0 0 0 0 0 0 0 0 0 0 0 
0 0 0 0 0 0 0 0 0 0 0 0 0 0 0 0 0 0 0 0 0 0 0 0 0 0 0 0 0 0 0 0 0 0 0 0 0 0 0 0 
0 0 0 0 0 0 0 0 0 0 0 0 0 0 0 0 0 0 0 0 0 0 0 0 0 0 0 0 0 0 0 0 0 0 0 0 0 0 0 0 
0 0 0 0 0 0 0 0 0 0 0 0 0 0 0 0 0 0 0 0 0 0 0 0 0 0 0 0 0 0 0 0 0 0 0 0 0 0 0 0 
0 0 0 0 0 0 0 0 0 0 0 0 0 0 0 0 0 0 0 0 0 0 0 0 0 0 0 0 0 0 0 0 0 0 0 0 0 0 0 0 
0 0 0 0 0 0 0 0 0 0 0 0 0 0 0 0 0 0 0 0 0 0 0 0 0 0 0 0 0 0 0 0 0 0 0 0 0 0 0 0 
