# Format: McCode with text headers
# URL: http://www.mccode.org
# Creator: McStas 2.5 - Dec. 12, 2018
# Instrument: ESS_HEIMDAL.instr
# Ncount: 250000
# Trace: no
# Gravitation: no
# Seed: 1565866576
# Directory: TauScan/26
# Nodes: 4
# Param: lmax=4
# Param: lmin=0.5
# Param: T=200
# Param: tau=260
# Param: use_CoFe2O4=1
# Param: use_CoFe=1
# Param: use_magn=1
# Date: Wed Aug 14 15:26:43 2019 (1565789203)
# type: array_2d(40, 40)
# Source: ESS_HEIMDAL (ESS_HEIMDAL.instr)
# component: psd_source
# position: 0 0 0.01
# title: PSD monitor
# Ncount: 1000000
# filename: PSD_source.dat
# statistics: X0=-0.0013485; dX=5.00527; Y0=0.00623175; dY=4.99916;
# signal: Min=0; Max=6.58171e+06; Mean=2.13803e+06;
# values: 3.42084e+09 3.42084e+06 1e+06
# xvar: X 
# yvar: Y 
# xlabel: X position [cm]
# ylabel: Y position [cm]
# zvar: I
# zlabel: Signal per bin
# xylimits: -15 15 -15 15
# variables: I I_err N
# Data [psd_source/PSD_source.dat] I:
0 0 0 0 0 0 0 0 0 0 0 0 0 0 0 0 0 0 0 0 0 0 0 0 0 0 0 0 0 0 0 0 0 0 0 0 0 0 0 0 
0 0 0 0 0 0 0 0 0 0 0 0 0 0 0 0 0 0 0 0 0 0 0 0 0 0 0 0 0 0 0 0 0 0 0 0 0 0 0 0 
0 0 0 0 0 0 0 0 0 0 0 0 0 0 0 0 0 0 0 0 0 0 0 0 0 0 0 0 0 0 0 0 0 0 0 0 0 0 0 0 
0 0 0 0 0 0 0 0 0 0 0 0 0 0 0 0 0 0 0 0 0 0 0 0 0 0 0 0 0 0 0 0 0 0 0 0 0 0 0 0 
0 0 0 0 0 0 0 0 0 0 0 0 0 0 0 0 0 0 0 0 0 0 0 0 0 0 0 0 0 0 0 0 0 0 0 0 0 0 0 0 
0 0 0 0 0 0 0 0 0 0 0 0 0 0 0 0 0 0 0 0 0 0 0 0 0 0 0 0 0 0 0 0 0 0 0 0 0 0 0 0 
0 0 0 0 0 0 0 0 0 0 0 0 0 0 0 0 0 605489.0481 1460699.649 1727525.332 2093555.447 1529116.44 478917.9143 0 0 0 0 0 0 0 0 0 0 0 0 0 0 0 0 0 
0 0 0 0 0 0 0 0 0 0 0 0 0 0 933889.9108 3147174.868 5387826.652 5952265.889 6147253.925 5945424.311 5822273.913 5907794.933 6157516.389 5148367.749 3198487.471 981781.7161 0 0 0 0 0 0 0 0 0 0 0 0 0 0 
0 0 0 0 0 0 0 0 0 0 0 0 612330.7575 3673984.59 6174620.642 6181462.576 6154096.152 5900953.901 6113046.324 6140413.008 6041208.6 6085679.611 6130150.339 6020683.205 6092520.642 5942003.267 3766347.376 632855.8424 0 0 0 0 0 0 0 0 0 0 0 0 
0 0 0 0 0 0 0 0 0 0 0 1737787.899 5569131.33 6246458.508 6082258.492 6280667.731 6154096.771 5918058.76 6147255.44 6178042.949 6126730.357 6116467.769 6013842.393 6178042.624 6188304.979 6089100.261 6041208.042 5740173.488 1775417.14 0 0 0 0 0 0 0 0 0 0 0 
0 0 0 0 0 0 0 0 0 0 2220126.64 6010420.133 6027524.861 5709386.886 5702545.494 6208830.623 6075418.031 5914638.554 5849642.62 6061734.997 6123310.149 6188306.08 6109626.605 5942005.136 6290930.8 6085679.918 6229354.976 5962528.86 5948844.978 2268018.406 0 0 0 0 0 0 0 0 0 0 
0 0 0 0 0 0 0 0 0 1703579.434 6143832.928 6311454.853 6174621.627 5965950.582 6024105.339 6243039.562 6198568.923 6130152.205 6212252.539 6150677.46 6013843.65 5996739.431 6352507.072 6195148.064 6164360.238 6054892.896 5969371.482 6297772.061 5849641.074 5733331.903 1638583.437 0 0 0 0 0 0 0 0 0 
0 0 0 0 0 0 0 0 595226.5297 5743594.348 5959107.963 6243038.478 6314876.687 6338823.072 6147256.12 6092522.897 6304615.527 6263565.604 6253303.173 6335403.534 6328561.781 6013844.093 6048052.419 6095944.058 6174623.199 6181464.556 6236197.808 6167780.404 6133571.477 5849641.028 5794907.026 639697.4915 0 0 0 0 0 0 0 0 
0 0 0 0 0 0 0 0 3879235.203 6034366.361 6092521.254 6174622.02 6290931.184 6065155.978 6195148.431 6184886.223 6000160.846 5996740.194 6191728.465 6287512.176 6335403.941 6232778.539 6400399.778 6379874.551 6130152.682 6027527.086 6157518.779 6119889.035 6284089.001 5993316.869 6331979.631 3971597.907 0 0 0 0 0 0 0 0 
0 0 0 0 0 0 0 933889.9201 5983053.402 6212250.531 6058313.209 6136993.125 6342244.26 6095943.949 6198569.65 6239620.071 5965952.773 6205412.078 5753860.709 6178045.476 5986478.149 6143837.012 6266987.315 5996740.375 6273828.529 5955689.698 6116468.987 5969372.293 6095943.05 6044629.832 6082258.483 6030945.167 920206.5502 0 0 0 0 0 0 0 
0 0 0 0 0 0 0 3085599.719 6246458.594 6383292.996 6140413.752 6174622.746 5935164.186 5900956.134 6082261.227 6195149.402 6048053.36 6184887.348 6068578.75 6229358.45 6215675.13 6174624.908 6188308.193 5959111.39 6130153.358 6345666.267 6222515.476 5983055.943 6410660.98 6150676.27 5784645.482 6071995.592 3256641.864 0 0 0 0 0 0 0 
0 0 0 0 0 0 0 5257834.714 6102783.398 6078838.177 6191726.652 6191727.196 6136994.212 6147257.144 6448291.82 6369612.755 6581705.395 5965953.473 5924903.439 6123312.526 6017266.314 6181466.859 6034370.402 6284091.877 6075420.075 6554338.013 6010423.387 6143835.882 6157518.759 6171201.597 6051471.443 6075416.697 5339934.938 0 0 0 0 0 0 0 
0 0 0 0 0 0 571280.6498 6075416.133 6010420.874 6373030.906 6027526.346 6212252.477 6266986.464 5955690.044 5788069.038 5873590.456 6116470.655 6119891.682 5948849.556 6236200.593 5907799.481 6078841.68 5962532.816 6126733.181 6205412.381 6277249.791 5900956.528 6243040.538 6229356.677 6331981.413 6167780.292 5921478.946 6130149.63 584964.0179 0 0 0 0 0 0 
0 0 0 0 0 0 1412807.831 6249879.235 5986475.082 6085680.19 6277248.056 6082260.491 6041210.861 6068578.039 6260145.698 6150678.978 6270408.829 6321721.663 6027529.121 6092525.222 5774386.647 6000162.357 5935166.193 6417505.127 6239620.937 6089103.479 6082261.427 6164361.272 5962530.977 5853063.441 6030946.714 6164358.92 5969370.163 1600954.158 0 0 0 0 0 0 
0 0 0 0 0 0 2014876.082 6106203.909 6065154.508 6253301.581 6270406.432 6304615.431 6116469.498 6126732.461 6136995.37 6208833.406 5753861.273 6191729.62 6171204.666 6280671.777 6133575.439 6205413.131 6215675.539 6328563.236 5870169.763 6102786.908 6461975.209 6075419.369 5890693.302 6270406.429 6150676.288 5979633.457 6089099.708 1966984.293 0 0 0 0 0 0 
0 0 0 0 0 0 1912250.81 6164358.225 6403817.979 6181463.876 6273827.252 6007001.99 5682022.284 6376454.109 5883852.859 6260146.08 6280671.398 6007003.979 6013845.797 6102787.828 6212254.869 6195150.583 6085683.421 6133575.059 6030949.48 6160941.262 6304616.371 5924902.227 6041210.456 6140414.357 6311455.91 6000158.51 6143833.186 1997771.868 0 0 0 0 0 0 
0 0 0 0 0 0 1361495.203 6044628.696 6366188.64 5870167.065 6010422.244 6482499.242 6000160.74 6239620.269 6383296.114 6270408.535 6082262.341 6130154.337 6215675.592 6167783.825 6017266.641 5965953.909 6205412.93 6065158.102 5952269.98 6143836.997 6328562.204 6301195.027 6325140.406 6109626.717 6099363.569 6287509.25 5945424.262 1638583.42 0 0 0 0 0 0 
0 0 0 0 0 0 513126.3339 6085678.661 6208829.74 6092521.756 6048051.418 6147256.406 6010423.143 6130153.099 6034369.834 6362771.228 6058316.305 6054895.632 6499605.626 6342246.81 6461976.351 6089104.229 6140416.777 6273829.525 6068578.573 6082261.672 5825697.981 6133573.505 6280669.324 6403819.137 5818854.3 6041208.464 6082257.832 629434.9648 0 0 0 0 0 0 
0 0 0 0 0 0 0 5237309.639 5983053.917 6304613.848 6243039.278 6181464.65 6007002.103 5924902.29 6041211.356 5942007.139 6054895.261 6239621.061 6236200.373 6321721.555 6054895.652 6017266.268 6246462.758 6263566.808 6116470.22 6160940.919 6058315.21 6239619.505 6359348.562 6030946.997 6444868.395 5924899.616 5162051.098 0 0 0 0 0 0 0 
0 0 0 0 0 0 0 3260062.686 6366188.07 6253300.965 5931742.316 6082259.921 6130152.282 5959110.478 6085682.082 5928323.508 6065157.546 5952269.853 6184887.444 6366192.276 6366192.282 5993320.143 6123312.112 6136995.313 5914640.15 6331982.865 6503024.685 6266986.026 6201989.485 6184884.725 6143834.012 6243037.744 3482417.456 0 0 0 0 0 0 0 
0 0 0 0 0 0 0 964677.4919 5921478.27 6201987.956 6451710.148 6379873.045 6099364.343 6352507.245 5924902.11 6003581.828 6492762.815 6208832.929 6003582.345 6089103.546 6212253.917 6044632.488 5832540.028 5972794.493 6243040.924 6130152.735 6013843.708 6048051.677 6188305.769 5829116.735 6335400.902 5979632.528 992044.2444 0 0 0 0 0 0 0 
0 0 0 0 0 0 0 0 3773189.045 6325137.946 6331980.296 6345664.18 6085680.593 6119889.455 5976214.425 6024106.548 6003581.657 6178044.933 6239620.265 5842802.378 6130153.328 6314878.871 6089102.991 6191728.183 6167781.939 6266986.129 6024105.834 6229356.065 6188305.372 6140413.109 5969370.302 4026331.364 0 0 0 0 0 0 0 0 
0 0 0 0 0 0 0 0 615751.5996 5620444.009 6143833.446 6147254.894 6089101.013 6099364.004 6044630.893 6024106.13 6212252.791 6157519.463 6037790.041 5883852.106 6003581.572 6205411.383 6095944.301 6174623.422 6181464.906 6174622.909 6041209.669 6178042.998 6020683.704 6089099.978 5962528.259 615751.5988 0 0 0 0 0 0 0 0 
0 0 0 0 0 0 0 0 0 1686475.219 5952265.851 5890691.234 6246459.369 5996738.199 5976213.516 6201989.509 6184885.493 6065156.157 6461974.204 6174623.4 6058314.635 5952268.41 5959110.033 6225935.554 5866746.752 5887271.637 5767541.725 5853062.348 6078837.465 6150674.736 1700158.581 0 0 0 0 0 0 0 0 0 
0 0 0 0 0 0 0 0 0 0 2343276.937 6037786.819 5986474.769 5979633.439 5935162.927 6164359.621 6092522.156 6201989.398 6078839.156 5842800.945 6229356.325 6143835.191 6157518.365 6181464.149 6243039.091 6174621.944 5914637.423 6085679.145 6130149.544 2206443.242 0 0 0 0 0 0 0 0 0 0 
0 0 0 0 0 0 0 0 0 0 0 1734366.992 5514397.902 6208829.316 6010420.76 6037787.823 6236197.029 6205409.555 6260143.184 6044630.152 5846221.217 6455131.226 5921479.598 6000158.816 6178042.411 6061733.375 6287508.668 5678598.388 1809625.513 0 0 0 0 0 0 0 0 0 0 0 
0 0 0 0 0 0 0 0 0 0 0 0 547334.7586 4050277.26 6376450.331 6119887.364 6362767.502 6113046.213 5856482.973 6078837.878 6222513.359 6024104.394 6119887.845 6113045.981 6164358.414 6102782.951 3951072.838 543913.8916 0 0 0 0 0 0 0 0 0 0 0 0 
0 0 0 0 0 0 0 0 0 0 0 0 0 0 913364.8949 3325058.691 5292043.127 6058311.907 6249879.164 6058312.17 6304612.738 6379871.26 6133570.494 5076530.044 3369529.666 868893.8998 0 0 0 0 0 0 0 0 0 0 0 0 0 0 
0 0 0 0 0 0 0 0 0 0 0 0 0 0 0 0 0 516547.1699 1450437.085 1980667.666 2117501.327 1570166.562 629434.9383 0 0 0 0 0 0 0 0 0 0 0 0 0 0 0 0 0 
0 0 0 0 0 0 0 0 0 0 0 0 0 0 0 0 0 0 0 0 0 0 0 0 0 0 0 0 0 0 0 0 0 0 0 0 0 0 0 0 
0 0 0 0 0 0 0 0 0 0 0 0 0 0 0 0 0 0 0 0 0 0 0 0 0 0 0 0 0 0 0 0 0 0 0 0 0 0 0 0 
0 0 0 0 0 0 0 0 0 0 0 0 0 0 0 0 0 0 0 0 0 0 0 0 0 0 0 0 0 0 0 0 0 0 0 0 0 0 0 0 
0 0 0 0 0 0 0 0 0 0 0 0 0 0 0 0 0 0 0 0 0 0 0 0 0 0 0 0 0 0 0 0 0 0 0 0 0 0 0 0 
0 0 0 0 0 0 0 0 0 0 0 0 0 0 0 0 0 0 0 0 0 0 0 0 0 0 0 0 0 0 0 0 0 0 0 0 0 0 0 0 
0 0 0 0 0 0 0 0 0 0 0 0 0 0 0 0 0 0 0 0 0 0 0 0 0 0 0 0 0 0 0 0 0 0 0 0 0 0 0 0 
# Errors [psd_source/PSD_source.dat] I_err:
0 0 0 0 0 0 0 0 0 0 0 0 0 0 0 0 0 0 0 0 0 0 0 0 0 0 0 0 0 0 0 0 0 0 0 0 0 0 0 0 
0 0 0 0 0 0 0 0 0 0 0 0 0 0 0 0 0 0 0 0 0 0 0 0 0 0 0 0 0 0 0 0 0 0 0 0 0 0 0 0 
0 0 0 0 0 0 0 0 0 0 0 0 0 0 0 0 0 0 0 0 0 0 0 0 0 0 0 0 0 0 0 0 0 0 0 0 0 0 0 0 
0 0 0 0 0 0 0 0 0 0 0 0 0 0 0 0 0 0 0 0 0 0 0 0 0 0 0 0 0 0 0 0 0 0 0 0 0 0 0 0 
0 0 0 0 0 0 0 0 0 0 0 0 0 0 0 0 0 0 0 0 0 0 0 0 0 0 0 0 0 0 0 0 0 0 0 0 0 0 0 0 
0 0 0 0 0 0 0 0 0 0 0 0 0 0 0 0 0 0 0 0 0 0 0 0 0 0 0 0 0 0 0 0 0 0 0 0 0 0 0 0 
0 0 0 0 0 0 0 0 0 0 0 0 0 0 0 0 0 45511.3438 70688.21048 76873.8683 84626.96313 72324.72581 40475.9513 0 0 0 0 0 0 0 0 0 0 0 0 0 0 0 0 0 
0 0 0 0 0 0 0 0 0 0 0 0 0 0 56521.58865 103759.2827 135760.4707 142694.6527 145013.0592 142612.6233 141127.8923 142160.5985 145134.0531 132709.2856 104601.7254 57952.74231 0 0 0 0 0 0 0 0 0 0 0 0 0 0 
0 0 0 0 0 0 0 0 0 0 0 0 45767.74965 112107.6347 145335.4894 145415.9912 145093.7468 142078.2739 144609.0292 144932.3575 143756.8283 144284.9757 144811.1901 143512.4049 144366.0419 142571.5848 113508.0633 46528.4869 0 0 0 0 0 0 0 0 0 0 0 0 
0 0 0 0 0 0 0 0 0 0 0 77101.8702 138025.7956 146178.4905 144244.4112 146578.2323 145093.7614 142284.0509 145013.0949 145375.7774 144770.7999 144649.4992 143430.8614 145375.7697 145496.4595 144325.5177 143756.815 140129.3283 77932.16284 0 0 0 0 0 0 0 0 0 0 0 
0 0 0 0 0 0 0 0 0 0 87147.59364 143390.0281 143593.9222 139753.0532 139669.3007 145737.5612 144163.29 142242.9378 141459.2264 144000.8606 144730.3931 145496.4854 144568.5887 142571.6296 146697.9495 144284.9829 145978.2344 142817.623 142653.641 88082.53613 0 0 0 0 0 0 0 0 0 0 
0 0 0 0 0 0 0 0 0 76339.21982 144972.7012 146937.0427 145335.5126 142858.6071 143553.2005 146138.5025 145617.0866 144811.2342 145777.729 145053.4657 143430.8914 143226.7774 147414.1611 145576.8994 145214.7117 143919.5632 142899.5597 146777.6884 141459.189 140045.7961 74868.78822 0 0 0 0 0 0 0 0 0 
0 0 0 0 0 0 0 0 45124.00677 140171.0774 142776.6469 146138.4771 146976.8807 147255.2951 145013.1109 144366.0953 146857.4354 146378.5559 146258.5922 147215.5858 147136.0727 143430.902 143838.2585 144406.6267 145335.5496 145416.0378 146058.4031 145254.9829 144851.5964 141459.1879 140795.8226 46779.31353 0 0 0 0 0 0 0 0 
0 0 0 0 0 0 0 0 115196.5798 143675.3895 144366.0564 145335.5218 146697.9584 144041.4904 145576.908 145456.2885 143267.6371 143226.7956 145536.7307 146658.1106 147215.5952 146018.3745 147968.8191 147731.3686 144811.2455 143593.9752 145134.1095 144689.9536 146618.1546 143185.8786 147175.7643 116559.8992 0 0 0 0 0 0 0 0 
0 0 0 0 0 0 0 56521.58921 143063.213 145777.6818 143960.2001 144892.0034 147295.032 144406.6241 145617.1037 146098.4907 142858.6596 145697.4616 140296.3422 145375.8369 143104.199 144972.7976 146418.543 143226.7999 146498.4329 142735.7221 144649.528 142899.5792 144406.6028 143797.533 144244.4109 143634.6511 56105.98358 0 0 0 0 0 0 0 
0 0 0 0 0 0 0 102739.2326 146178.4925 147770.914 144932.3751 145335.5389 142489.5444 142078.3276 144244.476 145576.9309 143838.2809 145456.3149 144082.1513 145978.3159 145817.9014 145335.5898 145496.5351 142776.729 144811.2615 147334.7772 145898.0999 143063.2737 148087.3689 145053.4376 140671.1196 144122.6599 105548.3691 0 0 0 0 0 0 0 
0 0 0 0 0 0 0 134112.7277 144487.5846 144203.8543 145536.6881 145536.7009 144892.0291 145013.1351 148521.3904 147612.519 150049.9673 142858.6763 142366.3442 144730.4493 143471.7228 145416.092 143675.4858 146618.2218 144163.3385 149737.6739 143390.1057 144972.7709 145134.109 145295.267 143878.8877 144163.2584 135155.746 0 0 0 0 0 0 0 
0 0 0 0 0 0 44207.02391 144163.245 143390.0458 147652.0895 143593.9576 145777.7275 146418.5231 142735.7304 140712.7735 141748.5137 144649.5674 144690.0162 142653.7508 146058.4683 142160.7079 144203.9374 142817.7178 144770.8667 145697.4687 146538.3768 142078.3371 146138.5253 145978.2743 147175.8057 145254.9802 142325.1517 144811.1734 44733.31649 0 0 0 0 0 0 
0 0 0 0 0 0 69519.72853 146218.5093 143104.1257 144284.9894 146538.3363 144244.4586 143756.8821 144082.1344 146338.6001 145053.5015 146458.5146 147056.5547 143594.0237 144366.1504 140546.372 143267.6732 142489.5926 148166.4267 146098.511 144325.594 144244.4807 145214.7361 142817.6737 141500.5822 143634.6879 145214.6807 142899.5282 74004.13211 0 0 0 0 0 0 
0 0 0 0 0 0 83021.52261 144528.0665 144041.4555 146258.555 146458.4586 146857.4331 144649.5401 144770.8497 144892.0564 145737.6266 140296.356 145536.7579 145295.3392 146578.3267 144851.69 145697.4863 145817.911 147136.1066 141707.2334 144487.6677 148678.8895 144163.3218 141954.7203 146458.4585 145053.438 143022.33 144325.5046 82028.91546 0 0 0 0 0 0 
0 0 0 0 0 0 80879.5916 145214.6643 148008.2954 145416.0218 146498.4031 143349.2813 139417.765 147691.7663 141872.2904 146338.609 146578.3179 143349.3288 143430.9427 144487.6895 145777.7836 145576.9586 144285.066 144851.681 143634.7538 145174.4575 146857.455 142366.3151 143756.8724 144932.3893 146937.0673 143267.5813 144972.7073 82668.38809 0 0 0 0 0 0 
0 0 0 0 0 0 68245.58791 143797.506 147572.7997 141707.1683 143390.0784 148914.8017 143267.6345 146098.4953 147770.9862 146458.5077 144244.5024 144811.2846 145817.9123 145255.0634 143471.7306 142858.6868 145697.4816 144041.5408 142694.7508 144972.7972 147136.0826 146817.596 147096.2885 144568.5914 144447.1076 146658.0423 142612.6221 74868.78745 0 0 0 0 0 0 
0 0 0 0 0 0 41896.58972 144284.9531 145737.5405 144366.0683 143838.2347 145013.1177 143390.0999 144811.2554 143675.4722 147533.2252 143960.2737 143919.6282 149111.1794 147295.0913 148678.9158 144325.6117 144932.4465 146498.4562 144082.1471 144244.4866 141169.4238 144851.6443 146578.2695 148008.3222 141086.4566 143756.8251 144244.3955 46402.56124 0 0 0 0 0 0 
0 0 0 0 0 0 0 133850.7027 143063.2253 146857.3962 146138.4958 145416.04 143349.284 142366.3166 143756.8939 142571.6777 143919.6194 146098.5139 146058.4631 147056.5522 143919.6287 143471.7217 146178.59 146378.5841 144649.5571 145174.4494 143960.2476 146098.4774 147493.5181 143634.6947 148481.9301 142366.2523 132885.5258 0 0 0 0 0 0 0 
0 0 0 0 0 0 0 105603.789 147572.7865 146258.5406 142448.4506 144244.445 144811.236 142776.7072 144285.0342 142407.4185 144041.5276 142694.7477 145456.3172 147572.884 147572.8841 143185.9568 144730.4395 144892.0551 142242.9761 147175.8395 149150.3731 146418.5129 145657.2558 145456.2532 144972.7268 146138.4599 109145.7783 0 0 0 0 0 0 0 
0 0 0 0 0 0 0 57445.70867 142325.1355 145657.2199 148560.7228 147731.3337 144447.1259 147414.1651 142366.3123 143308.4748 149032.6535 145737.6153 143308.4872 144325.5955 145777.7613 143797.5962 141252.3027 142940.5512 146138.5344 144811.2467 143430.8928 143838.2408 145496.4781 141210.8143 147215.5246 143022.3078 58254.84389 0 0 0 0 0 0 0 
0 0 0 0 0 0 0 0 113611.1115 147096.2313 147175.7797 147334.7288 144284.999 144689.9635 142981.4572 143553.2293 143308.4707 145375.8241 146098.4952 141376.5125 144811.2607 146976.9315 144325.5824 145536.7241 145255.019 146418.5153 143553.2123 145978.26 145496.4688 144932.3599 142899.5315 117360.3194 0 0 0 0 0 0 0 0 
0 0 0 0 0 0 0 0 45895.41446 138660.2069 144972.7134 145013.082 144325.5355 144447.1178 143797.5583 143553.2193 145777.7349 145134.1256 143716.1756 141872.2722 143308.4687 145697.4452 144406.6324 145335.5548 145416.046 145335.5427 143756.8537 145375.7785 143512.4168 144325.5109 142817.6086 45895.41441 0 0 0 0 0 0 0 0 
0 0 0 0 0 0 0 0 0 75955.02386 142694.6518 141954.6705 146178.5107 143226.7479 142981.4355 145657.2564 145456.2713 144041.4946 148678.8664 145335.5543 143960.234 142694.7132 142776.6965 145938.1804 141665.8851 141913.4765 140463.0065 141500.5557 144203.8374 145053.4014 76262.53501 0 0 0 0 0 0 0 0 0 
0 0 0 0 0 0 0 0 0 0 89532.00954 143716.0989 143104.1182 143022.3296 142489.5142 145214.6972 144366.0778 145657.2538 144203.8775 141376.4778 145978.2661 144972.7546 145134.0997 145416.0282 146138.4914 145335.52 142242.9105 144284.9646 144811.1714 86878.61781 0 0 0 0 0 0 0 0 0 0 
0 0 0 0 0 0 0 0 0 0 0 77025.9423 137345.8627 145737.5305 143390.043 143716.1228 146058.3848 145697.4023 146338.5413 143797.5406 141417.8445 148600.1081 142325.1674 143267.5886 145375.7647 144000.822 146658.0287 139375.7158 78679.37015 0 0 0 0 0 0 0 0 0 0 0 
0 0 0 0 0 0 0 0 0 0 0 0 43270.612 117708.7919 147691.6788 144689.9141 147533.1388 144609.0266 141541.8947 144203.8472 145898.0503 143553.178 144689.9255 144609.0211 145214.6688 144487.574 116258.3203 43135.17742 0 0 0 0 0 0 0 0 0 0 0 0 
0 0 0 0 0 0 0 0 0 0 0 0 0 0 55897.02381 106651.3072 134548.3009 143960.1691 146218.5077 143960.1754 146857.3704 147731.2924 144851.5732 131780.1539 107362.1424 54519.25215 0 0 0 0 0 0 0 0 0 0 0 0 0 0 
0 0 0 0 0 0 0 0 0 0 0 0 0 0 0 0 0 42036.01253 70439.45172 82313.7391 85109.5642 73289.09882 46402.55929 0 0 0 0 0 0 0 0 0 0 0 0 0 0 0 0 0 
0 0 0 0 0 0 0 0 0 0 0 0 0 0 0 0 0 0 0 0 0 0 0 0 0 0 0 0 0 0 0 0 0 0 0 0 0 0 0 0 
0 0 0 0 0 0 0 0 0 0 0 0 0 0 0 0 0 0 0 0 0 0 0 0 0 0 0 0 0 0 0 0 0 0 0 0 0 0 0 0 
0 0 0 0 0 0 0 0 0 0 0 0 0 0 0 0 0 0 0 0 0 0 0 0 0 0 0 0 0 0 0 0 0 0 0 0 0 0 0 0 
0 0 0 0 0 0 0 0 0 0 0 0 0 0 0 0 0 0 0 0 0 0 0 0 0 0 0 0 0 0 0 0 0 0 0 0 0 0 0 0 
0 0 0 0 0 0 0 0 0 0 0 0 0 0 0 0 0 0 0 0 0 0 0 0 0 0 0 0 0 0 0 0 0 0 0 0 0 0 0 0 
0 0 0 0 0 0 0 0 0 0 0 0 0 0 0 0 0 0 0 0 0 0 0 0 0 0 0 0 0 0 0 0 0 0 0 0 0 0 0 0 
# Events [psd_source/PSD_source.dat] N:
0 0 0 0 0 0 0 0 0 0 0 0 0 0 0 0 0 0 0 0 0 0 0 0 0 0 0 0 0 0 0 0 0 0 0 0 0 0 0 0 
0 0 0 0 0 0 0 0 0 0 0 0 0 0 0 0 0 0 0 0 0 0 0 0 0 0 0 0 0 0 0 0 0 0 0 0 0 0 0 0 
0 0 0 0 0 0 0 0 0 0 0 0 0 0 0 0 0 0 0 0 0 0 0 0 0 0 0 0 0 0 0 0 0 0 0 0 0 0 0 0 
0 0 0 0 0 0 0 0 0 0 0 0 0 0 0 0 0 0 0 0 0 0 0 0 0 0 0 0 0 0 0 0 0 0 0 0 0 0 0 0 
0 0 0 0 0 0 0 0 0 0 0 0 0 0 0 0 0 0 0 0 0 0 0 0 0 0 0 0 0 0 0 0 0 0 0 0 0 0 0 0 
0 0 0 0 0 0 0 0 0 0 0 0 0 0 0 0 0 0 0 0 0 0 0 0 0 0 0 0 0 0 0 0 0 0 0 0 0 0 0 0 
0 0 0 0 0 0 0 0 0 0 0 0 0 0 0 0 0 177 427 505 612 447 140 0 0 0 0 0 0 0 0 0 0 0 0 0 0 0 0 0 
0 0 0 0 0 0 0 0 0 0 0 0 0 0 273 920 1575 1740 1797 1738 1702 1727 1800 1505 935 287 0 0 0 0 0 0 0 0 0 0 0 0 0 0 
0 0 0 0 0 0 0 0 0 0 0 0 179 1074 1805 1807 1799 1725 1787 1795 1766 1779 1792 1760 1781 1737 1101 185 0 0 0 0 0 0 0 0 0 0 0 0 
0 0 0 0 0 0 0 0 0 0 0 508 1628 1826 1778 1836 1799 1730 1797 1806 1791 1788 1758 1806 1809 1780 1766 1678 519 0 0 0 0 0 0 0 0 0 0 0 
0 0 0 0 0 0 0 0 0 0 649 1757 1762 1669 1667 1815 1776 1729 1710 1772 1790 1809 1786 1737 1839 1779 1821 1743 1739 663 0 0 0 0 0 0 0 0 0 0 
0 0 0 0 0 0 0 0 0 498 1796 1845 1805 1744 1761 1825 1812 1792 1816 1798 1758 1753 1857 1811 1802 1770 1745 1841 1710 1676 479 0 0 0 0 0 0 0 0 0 
0 0 0 0 0 0 0 0 174 1679 1742 1825 1846 1853 1797 1781 1843 1831 1828 1852 1850 1758 1768 1782 1805 1807 1823 1803 1793 1710 1694 187 0 0 0 0 0 0 0 0 
0 0 0 0 0 0 0 0 1134 1764 1781 1805 1839 1773 1811 1808 1754 1753 1810 1838 1852 1822 1871 1865 1792 1762 1800 1789 1837 1752 1851 1161 0 0 0 0 0 0 0 0 
0 0 0 0 0 0 0 273 1749 1816 1771 1794 1854 1782 1812 1824 1744 1814 1682 1806 1750 1796 1832 1753 1834 1741 1788 1745 1782 1767 1778 1763 269 0 0 0 0 0 0 0 
0 0 0 0 0 0 0 902 1826 1866 1795 1805 1735 1725 1778 1811 1768 1808 1774 1821 1817 1805 1809 1742 1792 1855 1819 1749 1874 1798 1691 1775 952 0 0 0 0 0 0 0 
0 0 0 0 0 0 0 1537 1784 1777 1810 1810 1794 1797 1885 1862 1924 1744 1732 1790 1759 1807 1764 1837 1776 1916 1757 1796 1800 1804 1769 1776 1561 0 0 0 0 0 0 0 
0 0 0 0 0 0 167 1776 1757 1863 1762 1816 1832 1741 1692 1717 1788 1789 1739 1823 1727 1777 1743 1791 1814 1835 1725 1825 1821 1851 1803 1731 1792 171 0 0 0 0 0 0 
0 0 0 0 0 0 413 1827 1750 1779 1835 1778 1766 1774 1830 1798 1833 1848 1762 1781 1688 1754 1735 1876 1824 1780 1778 1802 1743 1711 1763 1802 1745 468 0 0 0 0 0 0 
0 0 0 0 0 0 589 1785 1773 1828 1833 1843 1788 1791 1794 1815 1682 1810 1804 1836 1793 1814 1817 1850 1716 1784 1889 1776 1722 1833 1798 1748 1780 575 0 0 0 0 0 0 
0 0 0 0 0 0 559 1802 1872 1807 1834 1756 1661 1864 1720 1830 1836 1756 1758 1784 1816 1811 1779 1793 1763 1801 1843 1732 1766 1795 1845 1754 1796 584 0 0 0 0 0 0 
0 0 0 0 0 0 398 1767 1861 1716 1757 1895 1754 1824 1866 1833 1778 1792 1817 1803 1759 1744 1814 1773 1740 1796 1850 1842 1849 1786 1783 1838 1738 479 0 0 0 0 0 0 
0 0 0 0 0 0 150 1779 1815 1781 1768 1797 1757 1792 1764 1860 1771 1770 1900 1854 1889 1780 1795 1834 1774 1778 1703 1793 1836 1872 1701 1766 1778 184 0 0 0 0 0 0 
0 0 0 0 0 0 0 1531 1749 1843 1825 1807 1756 1732 1766 1737 1770 1824 1823 1848 1770 1759 1826 1831 1788 1801 1771 1824 1859 1763 1884 1732 1509 0 0 0 0 0 0 0 
0 0 0 0 0 0 0 953 1861 1828 1734 1778 1792 1742 1779 1733 1773 1740 1808 1861 1861 1752 1790 1794 1729 1851 1901 1832 1813 1808 1796 1825 1018 0 0 0 0 0 0 0 
0 0 0 0 0 0 0 282 1731 1813 1886 1865 1783 1857 1732 1755 1898 1815 1755 1780 1816 1767 1705 1746 1825 1792 1758 1768 1809 1704 1852 1748 290 0 0 0 0 0 0 0 
0 0 0 0 0 0 0 0 1103 1849 1851 1855 1779 1789 1747 1761 1755 1806 1824 1708 1792 1846 1780 1810 1803 1832 1761 1821 1809 1795 1745 1177 0 0 0 0 0 0 0 0 
0 0 0 0 0 0 0 0 180 1643 1796 1797 1780 1783 1767 1761 1816 1800 1765 1720 1755 1814 1782 1805 1807 1805 1766 1806 1760 1780 1743 180 0 0 0 0 0 0 0 0 
0 0 0 0 0 0 0 0 0 493 1740 1722 1826 1753 1747 1813 1808 1773 1889 1805 1771 1740 1742 1820 1715 1721 1686 1711 1777 1798 497 0 0 0 0 0 0 0 0 0 
0 0 0 0 0 0 0 0 0 0 685 1765 1750 1748 1735 1802 1781 1813 1777 1708 1821 1796 1800 1807 1825 1805 1729 1779 1792 645 0 0 0 0 0 0 0 0 0 0 
0 0 0 0 0 0 0 0 0 0 0 507 1612 1815 1757 1765 1823 1814 1830 1767 1709 1887 1731 1754 1806 1772 1838 1660 529 0 0 0 0 0 0 0 0 0 0 0 
0 0 0 0 0 0 0 0 0 0 0 0 160 1184 1864 1789 1860 1787 1712 1777 1819 1761 1789 1787 1802 1784 1155 159 0 0 0 0 0 0 0 0 0 0 0 0 
0 0 0 0 0 0 0 0 0 0 0 0 0 0 267 972 1547 1771 1827 1771 1843 1865 1793 1484 985 254 0 0 0 0 0 0 0 0 0 0 0 0 0 0 
0 0 0 0 0 0 0 0 0 0 0 0 0 0 0 0 0 151 424 579 619 459 184 0 0 0 0 0 0 0 0 0 0 0 0 0 0 0 0 0 
0 0 0 0 0 0 0 0 0 0 0 0 0 0 0 0 0 0 0 0 0 0 0 0 0 0 0 0 0 0 0 0 0 0 0 0 0 0 0 0 
0 0 0 0 0 0 0 0 0 0 0 0 0 0 0 0 0 0 0 0 0 0 0 0 0 0 0 0 0 0 0 0 0 0 0 0 0 0 0 0 
0 0 0 0 0 0 0 0 0 0 0 0 0 0 0 0 0 0 0 0 0 0 0 0 0 0 0 0 0 0 0 0 0 0 0 0 0 0 0 0 
0 0 0 0 0 0 0 0 0 0 0 0 0 0 0 0 0 0 0 0 0 0 0 0 0 0 0 0 0 0 0 0 0 0 0 0 0 0 0 0 
0 0 0 0 0 0 0 0 0 0 0 0 0 0 0 0 0 0 0 0 0 0 0 0 0 0 0 0 0 0 0 0 0 0 0 0 0 0 0 0 
0 0 0 0 0 0 0 0 0 0 0 0 0 0 0 0 0 0 0 0 0 0 0 0 0 0 0 0 0 0 0 0 0 0 0 0 0 0 0 0 
