# Format: McCode with text headers
# URL: http://www.mccode.org
# Creator: McStas 2.5 - Dec. 12, 2018
# Instrument: ESS_HEIMDAL.instr
# Ncount: 250000
# Trace: no
# Gravitation: no
# Seed: 1565866272
# Directory: TauScan/9
# Nodes: 4
# Param: lmax=4
# Param: lmin=0.5
# Param: T=200
# Param: tau=90
# Param: use_CoFe2O4=1
# Param: use_CoFe=1
# Param: use_magn=1
# Date: Wed Aug 14 15:24:00 2019 (1565789040)
# type: array_2d(40, 40)
# Source: ESS_HEIMDAL (ESS_HEIMDAL.instr)
# component: psd_source
# position: 0 0 0.01
# title: PSD monitor
# Ncount: 1000000
# filename: PSD_source.dat
# statistics: X0=-0.00467175; dX=5.00455; Y0=0.00135225; dY=5.00845;
# signal: Min=0; Max=6.51329e+06; Mean=2.13803e+06;
# values: 3.42084e+09 3.42084e+06 1e+06
# xvar: X 
# yvar: Y 
# xlabel: X position [cm]
# ylabel: Y position [cm]
# zvar: I
# zlabel: Signal per bin
# xylimits: -15 15 -15 15
# variables: I I_err N
# Data [psd_source/PSD_source.dat] I:
0 0 0 0 0 0 0 0 0 0 0 0 0 0 0 0 0 0 0 0 0 0 0 0 0 0 0 0 0 0 0 0 0 0 0 0 0 0 0 0 
0 0 0 0 0 0 0 0 0 0 0 0 0 0 0 0 0 0 0 0 0 0 0 0 0 0 0 0 0 0 0 0 0 0 0 0 0 0 0 0 
0 0 0 0 0 0 0 0 0 0 0 0 0 0 0 0 0 0 0 0 0 0 0 0 0 0 0 0 0 0 0 0 0 0 0 0 0 0 0 0 
0 0 0 0 0 0 0 0 0 0 0 0 0 0 0 0 0 0 0 0 0 0 0 0 0 0 0 0 0 0 0 0 0 0 0 0 0 0 0 0 
0 0 0 0 0 0 0 0 0 0 0 0 0 0 0 0 0 0 0 0 0 0 0 0 0 0 0 0 0 0 0 0 0 0 0 0 0 0 0 0 
0 0 0 0 0 0 0 0 0 0 0 0 0 0 0 0 0 0 0 0 0 0 0 0 0 0 0 0 0 0 0 0 0 0 0 0 0 0 0 0 
0 0 0 0 0 0 0 0 0 0 0 0 0 0 0 0 0 540493.0684 1535958.2 2062767.873 1908829.981 1573587.445 612330.7609 0 0 0 0 0 0 0 0 0 0 0 0 0 0 0 0 0 
0 0 0 0 0 0 0 0 0 0 0 0 0 0 838106.3756 3335321.204 5452822.748 6150674.675 6260141.797 6095941.435 6092520.517 6113045.545 6212249.908 5497293.642 3489259.126 964677.5073 0 0 0 0 0 0 0 0 0 0 0 0 0 0 
0 0 0 0 0 0 0 0 0 0 0 0 502863.795 3838185.066 5798327.977 6160937.507 6027524.846 6256721.56 6366188.633 6215671.643 6020683.621 6284088.393 6191725.486 6078837.539 6205408.506 6037786.903 3875814.352 554176.4178 0 0 0 0 0 0 0 0 0 0 0 0 
0 0 0 0 0 0 0 0 0 0 0 1717262.816 5435718.515 6311454.527 6188304.555 6017262.76 6147255.052 6458551.922 6396976.886 6280668.327 6236197.396 6058313.433 6222513.845 6157517.606 5928320.814 5863324.482 6095941.473 5801748.638 1724104.463 0 0 0 0 0 0 0 0 0 0 0 
0 0 0 0 0 0 0 0 0 0 2398010.425 5777802.899 6071995.799 6219092.417 6037788.142 6414081.235 6095943.004 6219093.557 5938584.513 6417502.689 6092522.598 6010422.259 6253302.01 5959109.289 6075417.814 6174621.862 5983054.293 6068574.975 6092520.407 2216705.788 0 0 0 0 0 0 0 0 0 0 
0 0 0 0 0 0 0 0 0 1734367.01 6328558.537 6109625.162 6321717.829 6195147.103 6007001.144 6260143.812 6174623.039 6441448.988 5976214.361 6205410.947 5986476.879 6003581.109 6034368.591 6366190.265 6359348.27 5835958.981 6198567.945 6178042.517 6277246.463 5948844.959 1707000.258 0 0 0 0 0 0 0 0 0 
0 0 0 0 0 0 0 0 540493.0641 5545185.47 6195146.145 5808591.414 5812012.796 6054893.06 5993318.171 6058314.543 6017264.652 6513287.265 5979635.68 6130152.945 5969373.2 6027527.466 6311457.45 5736755.413 6181464.915 5907797.102 6304614.67 6229355.648 6085679.629 6000158.075 5504135.387 533651.3766 0 0 0 0 0 0 0 0 
0 0 0 0 0 0 0 0 4005806.308 6171200.022 5986475.167 6157517.811 6191726.778 5866747.059 5965951.814 5979635.542 5904377.19 5959110.895 6051473.838 6130153.248 5928323.465 6188307.629 6034369.495 6089102.849 6229357.194 6003581.168 6229356.468 6061734.704 6068575.916 6215671.618 6113045.669 3896339.413 0 0 0 0 0 0 0 0 
0 0 0 0 0 0 0 916785.7053 6205408.17 6150675.344 6130150.864 6290931.105 6099364.371 5965951.878 6150677.828 6095944.618 5969373.586 5969373.757 6119891.091 6147257.874 6287512.536 6198570.508 6113049.254 6157520.053 6273828.486 6201990.446 6102785.645 6208831.338 6154097.404 6089100.824 6113046.088 6414079.553 923627.3963 0 0 0 0 0 0 0 
0 0 0 0 0 0 0 3304533.658 6027524.622 5959108.464 6089101.056 5815434.17 6167781.504 6331982.47 6143836.433 6000161.257 6198570.515 6160941.392 6290933.601 6130153.99 6024107.808 5983057.601 6184887.297 6068578.392 5972794.48 6089102.937 6013844.01 6198569.096 6054893.169 6044630.152 6249880.113 6054891.396 3263483.505 0 0 0 0 0 0 0 
0 0 0 0 0 0 0 5333093.223 6000158.145 6119888.346 6212251.717 6150677.083 6335403.127 6198569.852 5918060.942 6308037.554 6287512.695 6095945.579 5907799.244 6089104.103 6260146.324 6273829.632 6212254.319 6229358.34 6133574.457 5972794.478 5877010.448 6024106.358 6331981.803 6191726.626 6232776.147 6102783.46 5268097.233 0 0 0 0 0 0 0 
0 0 0 0 0 0 561018.1193 6359346.049 6219092.286 6024104.886 6212251.888 6102785.463 6188307.038 5979635.969 6205412.067 6041211.823 6068578.82 5890695.056 6239621.386 6157521.157 6335405.109 5801753.206 6089104.084 6071999.659 6225937.453 6119890.954 6102786.364 6331982.483 5969372.54 6157518.375 6130151.037 5918058.095 5894111.519 564438.961 0 0 0 0 0 0 
0 0 0 0 0 0 1440174.576 6116466.347 6297771.798 5983054.904 6229356.235 6061735.448 6082260.994 6246461.947 6037790.813 6048053.643 6201991.93 5894116.021 6082262.631 6068579.305 6205413.116 6020687.428 6102787.574 5969374.448 6003582.661 6041211.652 6109628.174 6215673.903 6222515.105 6140414.316 5770962.621 5972791.707 6078837.101 1378599.418 0 0 0 0 0 0 
0 0 0 0 0 0 2062767.878 6061732.949 5904374.902 6205409.778 5962530.496 6075418.874 6123311.202 6215674.42 6369612.8 6075420.469 6058316.477 6266988.212 6284092.552 6072000.228 6215675.725 6191729.735 6102787.645 6154100.143 6195150.033 6109628.603 6280670.456 5993319.11 6136994.08 5812013.37 6273826.627 6191725.72 6225933.394 1901988.281 0 0 0 0 0 0 
0 0 0 0 0 0 2076451.239 6058312.102 6037787.778 6106205.314 6126730.986 6263565.306 5996739.956 6136994.986 6188308.031 6048053.706 6010424.649 6037791.596 6171204.675 6219096.56 6468818.263 6119892 6232779.761 6113050.006 5918061.595 6078840.993 6325141.43 5948848.142 5993318.628 6232777.136 6010421.705 6243038.364 6253300.145 1970405.132 0 0 0 0 0 0 
0 0 0 0 0 0 1484645.535 5911215.835 6037787.729 6318297.548 6308035.647 6075418.808 6249882.362 6232778.579 6119891.061 6147258.131 6352509.099 6164362.8 6366192.776 6085683.534 5911220.434 5948849.677 6037791.513 6325142.326 6167783.211 5777806.613 6174624.23 6178044.636 6044631.23 6256723 5989896.603 6171200.598 6095941.338 1600954.158 0 0 0 0 0 0 
0 0 0 0 0 0 578122.326 6154095.519 6420921.975 6126730.187 6246460.332 6099364.595 6225936.332 6266986.898 6106207.562 6164362.247 6249883.612 6037791.436 6174625.326 5976216.365 6007003.985 6167783.646 5890695.069 5996741.092 5962532.391 5972794.64 6140415.657 6143836.066 5938584.959 6003580.423 6099363.447 6225933.966 6082257.867 547334.7516 0 0 0 0 0 0 
0 0 0 0 0 0 0 5298884.813 6171200.287 6133571.719 6178043.273 6171202.143 6078839.828 6287511.781 5907798.411 6034369.965 6027528.492 6099366.447 6239621.197 5890695.075 6119891.708 6188308.557 6054895.478 6157520.592 6150678.662 6085682.305 6061736.075 6054893.935 6256723.243 6065155.456 6157517.585 6030945.717 5315989.008 0 0 0 0 0 0 0 
0 0 0 0 0 0 0 3472154.906 6095941.515 6150675.687 5890692.208 6030947.339 6424344.857 6130152.677 6106207.171 5993319.579 6369612.692 6229358.272 6205412.519 6034370.325 5918061.615 6195149.945 6280670.94 6266987.43 5914640.133 6160940.671 6314878.253 6123310.594 6390135.902 6290930.852 6119888.073 6102783.223 3369529.66 0 0 0 0 0 0 0 
0 0 0 0 0 0 0 896260.6526 6048049.383 6407238.569 6191726.07 6010421.899 5914638.806 6003581.158 5969373.114 6181465.704 6379874.98 5996740.552 5835961.011 6222516.438 6089103.51 6061736.723 6232778.806 6369612.397 6215674.158 6024106.57 6167781.653 5986476.49 6270406.068 6157517.675 6020683.327 6102782.901 903102.3389 0 0 0 0 0 0 0 
0 0 0 0 0 0 0 0 3879235.158 6119887.352 6024104.423 6089100.964 5969371.965 6130152.027 6065156.374 6058314.898 6205411.588 6113048.908 6037790.483 6099365.674 6311458.087 6034369.609 6263566.055 6219094.847 6280669.845 5989897.787 6106206.148 6321718.809 6013842.427 6181463.218 6174620.879 3913443.604 0 0 0 0 0 0 0 0 
0 0 0 0 0 0 0 0 619172.4522 5808590.392 6140412.659 6249880.146 5859904.56 6420923.275 5924901.34 6239619.215 6239619.516 6058314.967 6229357.309 5918060.576 6030948.379 5945427.219 6188306.994 5983056.278 5969372.54 6054893.386 6030947.108 6010421.696 6113046.448 6003578.949 5979632.514 554176.4364 0 0 0 0 0 0 0 0 
0 0 0 0 0 0 0 0 0 1795942.206 6044628.553 6229354.649 5972791.86 6232776.421 6260143.461 6222514.496 6164360.491 6236198.335 6075418.814 6061735.519 6386715.687 6205410.848 6232777.503 6061735.14 6092522.478 6030946.972 5983054.814 6171200.734 6198567.075 6205408.15 1748050.364 0 0 0 0 0 0 0 0 0 
0 0 0 0 0 0 0 0 0 0 2213284.922 6143832.938 6417500.917 6095942.102 6071996.616 6082259.41 6092522.218 6017263.84 6249881.328 6243039.62 6116468.504 5753858.973 6167780.916 6171201.59 6321718.501 5890691.942 6048050.274 6061733.29 6058311.946 2230389.143 0 0 0 0 0 0 0 0 0 0 
0 0 0 0 0 0 0 0 0 0 0 1771996.288 5788065.28 6123308.208 6338821.76 6239617.542 6113046.661 6017263.132 5921479.664 6044630.126 6082259.476 6270405.748 6167780.309 5948846.151 5924899.971 6287509.085 5883849.268 5661494.092 1604375 0 0 0 0 0 0 0 0 0 0 0 
0 0 0 0 0 0 0 0 0 0 0 0 557597.2766 3660301.313 6071995.324 6184883.43 6345663.263 6078837.689 6123308.827 6260142.549 6160938.147 6068575.323 6403817.791 6078837.554 6178041.737 6068574.372 3920285.287 578122.3414 0 0 0 0 0 0 0 0 0 0 0 0 
0 0 0 0 0 0 0 0 0 0 0 0 0 0 889418.9841 3297692.01 5333093.135 6068574.421 6160937.288 6089099.714 6311454.497 5983053.497 6325137.634 5445981.074 3444788.136 862052.2395 0 0 0 0 0 0 0 0 0 0 0 0 0 0 
0 0 0 0 0 0 0 0 0 0 0 0 0 0 0 0 0 591805.6909 1327286.793 2018296.969 1936196.725 1577008.305 557597.3118 0 0 0 0 0 0 0 0 0 0 0 0 0 0 0 0 0 
0 0 0 0 0 0 0 0 0 0 0 0 0 0 0 0 0 0 0 0 0 0 0 0 0 0 0 0 0 0 0 0 0 0 0 0 0 0 0 0 
0 0 0 0 0 0 0 0 0 0 0 0 0 0 0 0 0 0 0 0 0 0 0 0 0 0 0 0 0 0 0 0 0 0 0 0 0 0 0 0 
0 0 0 0 0 0 0 0 0 0 0 0 0 0 0 0 0 0 0 0 0 0 0 0 0 0 0 0 0 0 0 0 0 0 0 0 0 0 0 0 
0 0 0 0 0 0 0 0 0 0 0 0 0 0 0 0 0 0 0 0 0 0 0 0 0 0 0 0 0 0 0 0 0 0 0 0 0 0 0 0 
0 0 0 0 0 0 0 0 0 0 0 0 0 0 0 0 0 0 0 0 0 0 0 0 0 0 0 0 0 0 0 0 0 0 0 0 0 0 0 0 
0 0 0 0 0 0 0 0 0 0 0 0 0 0 0 0 0 0 0 0 0 0 0 0 0 0 0 0 0 0 0 0 0 0 0 0 0 0 0 0 
# Errors [psd_source/PSD_source.dat] I_err:
0 0 0 0 0 0 0 0 0 0 0 0 0 0 0 0 0 0 0 0 0 0 0 0 0 0 0 0 0 0 0 0 0 0 0 0 0 0 0 0 
0 0 0 0 0 0 0 0 0 0 0 0 0 0 0 0 0 0 0 0 0 0 0 0 0 0 0 0 0 0 0 0 0 0 0 0 0 0 0 0 
0 0 0 0 0 0 0 0 0 0 0 0 0 0 0 0 0 0 0 0 0 0 0 0 0 0 0 0 0 0 0 0 0 0 0 0 0 0 0 0 
0 0 0 0 0 0 0 0 0 0 0 0 0 0 0 0 0 0 0 0 0 0 0 0 0 0 0 0 0 0 0 0 0 0 0 0 0 0 0 0 
0 0 0 0 0 0 0 0 0 0 0 0 0 0 0 0 0 0 0 0 0 0 0 0 0 0 0 0 0 0 0 0 0 0 0 0 0 0 0 0 
0 0 0 0 0 0 0 0 0 0 0 0 0 0 0 0 0 0 0 0 0 0 0 0 0 0 0 0 0 0 0 0 0 0 0 0 0 0 0 0 
0 0 0 0 0 0 0 0 0 0 0 0 0 0 0 0 0 42999.31976 72486.34913 84002.40164 80807.21667 73368.89292 45767.74991 0 0 0 0 0 0 0 0 0 0 0 0 0 0 0 0 0 
0 0 0 0 0 0 0 0 0 0 0 0 0 0 53544.65223 106815.7653 136576.8909 145053.4 146338.5089 144406.5645 144366.0389 144609.0108 145777.6672 137132.6907 109252.9411 57445.70958 0 0 0 0 0 0 0 0 0 0 0 0 0 0 
0 0 0 0 0 0 0 0 0 0 0 0 41475.50678 114585.4522 140837.3763 145174.369 143593.9219 146298.5344 147572.7996 145817.8197 143512.4149 146618.1405 145536.6607 144203.8392 145697.3777 143716.1009 115145.7762 43540.21145 0 0 0 0 0 0 0 0 0 0 0 0 
0 0 0 0 0 0 0 0 0 0 0 76645.19044 136362.5175 146937.0351 145496.4496 143471.6381 145013.0857 148639.4742 147929.2237 146578.2462 146058.3934 143960.2054 145898.0617 145134.0818 142407.3538 141624.5426 144406.5654 140878.9107 76797.71665 0 0 0 0 0 0 0 0 0 0 0 
0 0 0 0 0 0 0 0 0 0 90571.60373 140587.8851 144122.6649 145857.9385 143716.1304 148126.8611 144406.6017 145857.9652 142530.5894 148166.3704 144366.0883 143390.0788 146258.565 142776.6787 144163.2849 145335.5181 143063.2343 144082.0617 144366.0363 87080.42746 0 0 0 0 0 0 0 0 0 0 
0 0 0 0 0 0 0 0 0 77025.94307 147135.9973 144568.5546 147056.4656 145576.8768 143349.2612 146338.556 145335.5458 148442.5519 142981.4557 145697.435 143104.1687 143308.4576 143675.4426 147572.8374 147493.5113 141293.6738 145617.0637 145375.7672 146538.2991 142653.6405 76415.82638 0 0 0 0 0 0 0 0 0 
0 0 0 0 0 0 0 0 42999.31942 137728.7383 145576.8543 140961.9781 141003.4933 143919.5671 143185.9097 143960.2318 143471.6832 149268.0162 143022.3832 144811.2517 142899.6009 143593.9843 146937.1031 140087.6348 145416.0463 142160.6507 146857.4154 145978.2502 144284.9761 143267.5709 137218.0002 42726.30486 0 0 0 0 0 0 0 0 
0 0 0 0 0 0 0 0 117060.8029 145295.2299 143104.1278 145134.0866 145536.6911 141665.8925 142858.6366 143022.3799 142119.5089 142776.7172 143878.9447 144811.2589 142407.4174 145496.5219 143675.4642 144325.579 145978.2864 143308.4591 145978.2694 144000.8536 144082.084 145817.8191 144609.0137 115450.2611 0 0 0 0 0 0 0 0 
0 0 0 0 0 0 0 56001.6001 145697.3698 145053.4158 144811.2026 146697.9566 144447.1265 142858.6381 145053.4744 144406.6399 142899.6101 142899.6142 144690.0022 145013.1523 146658.119 145617.1239 144609.0985 145134.1395 146498.4319 145657.2784 144487.6378 145737.578 145093.7763 144325.531 144609.0236 148126.8223 56210.1733 0 0 0 0 0 0 0 
0 0 0 0 0 0 0 106321.6276 143593.9165 142776.6589 144325.5365 141044.9961 145255.0088 147175.8303 144972.7839 143267.6469 145617.124 145174.4606 146698.0148 144811.2764 143553.2593 143063.3134 145456.3137 144082.1428 142940.5509 144325.5811 143430.9 145617.0907 143919.5697 143797.5406 146218.5299 143919.5275 105659.1797 0 0 0 0 0 0 0 
0 0 0 0 0 0 0 135069.1347 143267.5726 144689.9373 145777.7097 145053.4568 147215.5763 145617.1085 142284.1034 146897.2995 146658.1227 144406.6627 142160.7022 144325.6087 146338.6147 146498.4587 145777.7707 145978.3133 144851.6668 142940.5508 141789.7651 143553.2248 147175.8148 145536.6875 146018.3185 144487.5861 134243.5479 0 0 0 0 0 0 0 
0 0 0 0 0 0 43808.15509 147493.4598 145857.9354 143553.1897 145777.7137 144487.6335 145496.508 143022.3901 145697.4613 143756.905 144082.1529 141954.7626 146098.5215 145134.1655 147215.6224 140879.0216 144325.6083 144122.7565 145938.2249 144689.999 144487.6549 147175.8306 142899.5851 145134.0999 144811.2066 142284.0349 141995.869 43941.51351 0 0 0 0 0 0 
0 0 0 0 0 0 70189.81405 144649.4656 146777.6823 143063.2489 145978.264 144000.8713 144244.4705 146178.571 143716.194 143838.2876 145657.3132 141995.9775 144244.5093 144082.1644 145697.486 143512.5056 144487.6835 142899.6308 143308.4947 143756.9009 144568.6259 145817.8727 145898.0912 144932.3884 140504.6573 142940.4845 144203.8288 68672.92849 0 0 0 0 0 0 
0 0 0 0 0 0 84002.40182 144000.8119 142119.4538 145697.4076 142817.6622 144163.31 144730.418 145817.8848 147612.5201 144163.3479 143960.2777 146418.564 146618.2375 144122.77 145817.9154 145536.7606 144487.6852 145093.8409 145576.9457 144568.636 146578.2959 143185.9321 144892.026 141003.5073 146498.3885 145536.6662 145938.1297 80662.27021 0 0 0 0 0 0 
0 0 0 0 0 0 84280.5559 143960.1738 143716.1218 144528.0997 144770.8148 146378.549 143226.7899 144892.0473 145496.5313 143838.2891 143390.1358 143716.2126 145295.3394 145858.0357 148757.6078 144690.0237 146018.4032 144609.1163 142284.1191 144203.9211 147096.3123 142653.7169 143185.9206 146018.3417 143390.0656 146138.4744 146258.5214 82100.21382 0 0 0 0 0 0 
0 0 0 0 0 0 71265.26622 142201.7522 143716.1206 147016.6853 146897.255 144163.3085 146218.5825 146018.3755 144690.0015 145013.1584 147414.2081 145214.7721 147572.8956 144285.0687 142201.8629 142653.7536 143716.2107 147096.3332 145255.049 140587.9754 145335.5738 145375.8171 143797.5663 146298.5681 143145.023 145295.2435 144406.5622 74004.13212 0 0 0 0 0 0 
0 0 0 0 0 0 44470.94815 145093.7319 148205.8192 144770.7959 146178.5332 144447.1319 145938.1986 146418.5333 144528.153 145214.7591 146218.6117 143716.2088 145335.5996 142981.5036 143349.3289 145255.0592 141954.7629 143226.817 142817.7076 142940.5547 144932.42 144972.7753 142530.6001 143308.4413 144447.1047 145938.1431 144244.3963 43270.61144 0 0 0 0 0 0 
0 0 0 0 0 0 0 134635.2466 145295.2361 144851.6021 145375.785 145295.2798 144203.8935 146658.1013 142160.6822 143675.4754 143594.0087 144447.1757 146098.5171 141954.763 144690.0168 145496.5437 143919.6246 145134.1522 145053.494 144285.0395 144000.8862 143919.5879 146298.5738 144041.478 145134.0813 143634.6642 134852.3649 0 0 0 0 0 0 0 
0 0 0 0 0 0 0 108984.8351 144406.5664 145053.4239 141954.6939 143634.7028 148245.3404 144811.2454 144528.1437 143185.9433 147612.5176 145978.3117 145697.4719 143675.4839 142284.1196 145576.9436 146578.3072 146418.5457 142242.9757 145174.4436 146976.9171 144730.4036 147850.1123 146697.9507 144689.9309 144487.5805 107362.1422 0 0 0 0 0 0 0 
0 0 0 0 0 0 0 55371.16804 143838.1863 148047.8164 145536.6744 143390.0702 142242.9438 143308.4588 142899.5988 145416.0648 147731.3785 143226.8041 141293.7229 145898.1224 144325.5947 144000.9016 146018.3808 147612.5107 145817.8787 143553.2298 145255.0123 143104.1594 146458.4501 145134.0834 143512.4079 144487.5728 55582.1067 0 0 0 0 0 0 0 
0 0 0 0 0 0 0 0 115196.5785 144689.9138 143553.1787 144325.5343 142899.5713 144811.23 144041.4998 143960.2402 145697.4501 144609.0903 143716.1862 144447.1574 146937.118 143675.4669 146378.5665 145857.9955 146578.2816 143145.0513 144528.1195 147056.4884 143430.8623 145416.0063 145335.495 115703.3857 0 0 0 0 0 0 0 0 
0 0 0 0 0 0 0 0 46022.72592 140961.9533 144932.3493 146218.5306 141583.2448 148205.8492 142366.2938 146098.4707 146098.4777 143960.2419 145978.2891 142284.0946 143634.7276 142612.693 145496.5069 143063.2818 142899.5851 143919.5748 143634.6973 143390.0654 144609.0321 143308.4061 143022.3075 43540.21291 0 0 0 0 0 0 0 0 
0 0 0 0 0 0 0 0 0 78381.34384 143797.5026 145978.2268 142940.4882 146018.3249 146338.5478 145898.0769 145214.7177 146058.4154 144163.3086 144000.873 147810.5471 145697.4327 146018.3503 144000.8639 144366.0854 143634.6941 143063.2468 145295.2467 145617.0432 145697.3693 77329.19535 0 0 0 0 0 0 0 0 0 
0 0 0 0 0 0 0 0 0 0 87013.20891 144972.7015 148166.3295 144406.5803 144122.6842 144244.4329 144366.0793 143471.6638 146218.5583 146138.5038 144649.5166 140296.2999 145254.9949 145295.2668 147056.4812 141954.6875 143838.2075 144000.82 143960.1701 87348.7802 0 0 0 0 0 0 0 0 0 0 
0 0 0 0 0 0 0 0 0 0 0 77857.04709 140712.6822 144730.3472 147255.2646 146098.4315 144609.0372 143471.6469 142325.169 143797.54 144244.4345 146458.4426 145254.9806 142653.6691 142366.2609 146658.0385 141872.2038 139165.6522 74083.15416 0 0 0 0 0 0 0 0 0 0 0 
0 0 0 0 0 0 0 0 0 0 0 0 43674.38938 111898.6762 144122.6536 145456.2228 147334.7075 144203.8427 144730.3619 146338.5265 145174.3841 144082.0699 148008.291 144203.8395 145375.7489 144082.0473 115804.4808 44470.94934 0 0 0 0 0 0 0 0 0 0 0 0 
0 0 0 0 0 0 0 0 0 0 0 0 0 0 55159.42382 106211.508 135069.1325 144082.0485 145174.3639 144325.5047 146937.0344 143063.2153 147096.224 136491.1824 108554.4875 54304.18673 0 0 0 0 0 0 0 0 0 0 0 0 0 0 
0 0 0 0 0 0 0 0 0 0 0 0 0 0 0 0 0 44994.15349 67382.77778 83091.97127 81384.41868 73448.59926 43674.39213 0 0 0 0 0 0 0 0 0 0 0 0 0 0 0 0 0 
0 0 0 0 0 0 0 0 0 0 0 0 0 0 0 0 0 0 0 0 0 0 0 0 0 0 0 0 0 0 0 0 0 0 0 0 0 0 0 0 
0 0 0 0 0 0 0 0 0 0 0 0 0 0 0 0 0 0 0 0 0 0 0 0 0 0 0 0 0 0 0 0 0 0 0 0 0 0 0 0 
0 0 0 0 0 0 0 0 0 0 0 0 0 0 0 0 0 0 0 0 0 0 0 0 0 0 0 0 0 0 0 0 0 0 0 0 0 0 0 0 
0 0 0 0 0 0 0 0 0 0 0 0 0 0 0 0 0 0 0 0 0 0 0 0 0 0 0 0 0 0 0 0 0 0 0 0 0 0 0 0 
0 0 0 0 0 0 0 0 0 0 0 0 0 0 0 0 0 0 0 0 0 0 0 0 0 0 0 0 0 0 0 0 0 0 0 0 0 0 0 0 
0 0 0 0 0 0 0 0 0 0 0 0 0 0 0 0 0 0 0 0 0 0 0 0 0 0 0 0 0 0 0 0 0 0 0 0 0 0 0 0 
# Events [psd_source/PSD_source.dat] N:
0 0 0 0 0 0 0 0 0 0 0 0 0 0 0 0 0 0 0 0 0 0 0 0 0 0 0 0 0 0 0 0 0 0 0 0 0 0 0 0 
0 0 0 0 0 0 0 0 0 0 0 0 0 0 0 0 0 0 0 0 0 0 0 0 0 0 0 0 0 0 0 0 0 0 0 0 0 0 0 0 
0 0 0 0 0 0 0 0 0 0 0 0 0 0 0 0 0 0 0 0 0 0 0 0 0 0 0 0 0 0 0 0 0 0 0 0 0 0 0 0 
0 0 0 0 0 0 0 0 0 0 0 0 0 0 0 0 0 0 0 0 0 0 0 0 0 0 0 0 0 0 0 0 0 0 0 0 0 0 0 0 
0 0 0 0 0 0 0 0 0 0 0 0 0 0 0 0 0 0 0 0 0 0 0 0 0 0 0 0 0 0 0 0 0 0 0 0 0 0 0 0 
0 0 0 0 0 0 0 0 0 0 0 0 0 0 0 0 0 0 0 0 0 0 0 0 0 0 0 0 0 0 0 0 0 0 0 0 0 0 0 0 
0 0 0 0 0 0 0 0 0 0 0 0 0 0 0 0 0 158 449 603 558 460 179 0 0 0 0 0 0 0 0 0 0 0 0 0 0 0 0 0 
0 0 0 0 0 0 0 0 0 0 0 0 0 0 245 975 1594 1798 1830 1782 1781 1787 1816 1607 1020 282 0 0 0 0 0 0 0 0 0 0 0 0 0 0 
0 0 0 0 0 0 0 0 0 0 0 0 147 1122 1695 1801 1762 1829 1861 1817 1760 1837 1810 1777 1814 1765 1133 162 0 0 0 0 0 0 0 0 0 0 0 0 
0 0 0 0 0 0 0 0 0 0 0 502 1589 1845 1809 1759 1797 1888 1870 1836 1823 1771 1819 1800 1733 1714 1782 1696 504 0 0 0 0 0 0 0 0 0 0 0 
0 0 0 0 0 0 0 0 0 0 701 1689 1775 1818 1765 1875 1782 1818 1736 1876 1781 1757 1828 1742 1776 1805 1749 1774 1781 648 0 0 0 0 0 0 0 0 0 0 
0 0 0 0 0 0 0 0 0 507 1850 1786 1848 1811 1756 1830 1805 1883 1747 1814 1750 1755 1764 1861 1859 1706 1812 1806 1835 1739 499 0 0 0 0 0 0 0 0 0 
0 0 0 0 0 0 0 0 158 1621 1811 1698 1699 1770 1752 1771 1759 1904 1748 1792 1745 1762 1845 1677 1807 1727 1843 1821 1779 1754 1609 156 0 0 0 0 0 0 0 0 
0 0 0 0 0 0 0 0 1171 1804 1750 1800 1810 1715 1744 1748 1726 1742 1769 1792 1733 1809 1764 1780 1821 1755 1821 1772 1774 1817 1787 1139 0 0 0 0 0 0 0 0 
0 0 0 0 0 0 0 268 1814 1798 1792 1839 1783 1744 1798 1782 1745 1745 1789 1797 1838 1812 1787 1800 1834 1813 1784 1815 1799 1780 1787 1875 270 0 0 0 0 0 0 0 
0 0 0 0 0 0 0 966 1762 1742 1780 1700 1803 1851 1796 1754 1812 1801 1839 1792 1761 1749 1808 1774 1746 1780 1758 1812 1770 1767 1827 1770 954 0 0 0 0 0 0 0 
0 0 0 0 0 0 0 1559 1754 1789 1816 1798 1852 1812 1730 1844 1838 1782 1727 1780 1830 1834 1816 1821 1793 1746 1718 1761 1851 1810 1822 1784 1540 0 0 0 0 0 0 0 
0 0 0 0 0 0 164 1859 1818 1761 1816 1784 1809 1748 1814 1766 1774 1722 1824 1800 1852 1696 1780 1775 1820 1789 1784 1851 1745 1800 1792 1730 1723 165 0 0 0 0 0 0 
0 0 0 0 0 0 421 1788 1841 1749 1821 1772 1778 1826 1765 1768 1813 1723 1778 1774 1814 1760 1784 1745 1755 1766 1786 1817 1819 1795 1687 1746 1777 403 0 0 0 0 0 0 
0 0 0 0 0 0 603 1772 1726 1814 1743 1776 1790 1817 1862 1776 1771 1832 1837 1775 1817 1810 1784 1799 1811 1786 1836 1752 1794 1699 1834 1810 1820 556 0 0 0 0 0 0 
0 0 0 0 0 0 607 1771 1765 1785 1791 1831 1753 1794 1809 1768 1757 1765 1804 1818 1891 1789 1822 1787 1730 1777 1849 1739 1752 1822 1757 1825 1828 576 0 0 0 0 0 0 
0 0 0 0 0 0 434 1728 1765 1847 1844 1776 1827 1822 1789 1797 1857 1802 1861 1779 1728 1739 1765 1849 1803 1689 1805 1806 1767 1829 1751 1804 1782 468 0 0 0 0 0 0 
0 0 0 0 0 0 169 1799 1877 1791 1826 1783 1820 1832 1785 1802 1827 1765 1805 1747 1756 1803 1722 1753 1743 1746 1795 1796 1736 1755 1783 1820 1778 160 0 0 0 0 0 0 
0 0 0 0 0 0 0 1549 1804 1793 1806 1804 1777 1838 1727 1764 1762 1783 1824 1722 1789 1809 1770 1800 1798 1779 1772 1770 1829 1773 1800 1763 1554 0 0 0 0 0 0 0 
0 0 0 0 0 0 0 1015 1782 1798 1722 1763 1878 1792 1785 1752 1862 1821 1814 1764 1730 1811 1836 1832 1729 1801 1846 1790 1868 1839 1789 1784 985 0 0 0 0 0 0 0 
0 0 0 0 0 0 0 262 1768 1873 1810 1757 1729 1755 1745 1807 1865 1753 1706 1819 1780 1772 1822 1862 1817 1761 1803 1750 1833 1800 1760 1784 264 0 0 0 0 0 0 0 
0 0 0 0 0 0 0 0 1134 1789 1761 1780 1745 1792 1773 1771 1814 1787 1765 1783 1845 1764 1831 1818 1836 1751 1785 1848 1758 1807 1805 1144 0 0 0 0 0 0 0 0 
0 0 0 0 0 0 0 0 181 1698 1795 1827 1713 1877 1732 1824 1824 1771 1821 1730 1763 1738 1809 1749 1745 1770 1763 1757 1787 1755 1748 162 0 0 0 0 0 0 0 0 
0 0 0 0 0 0 0 0 0 525 1767 1821 1746 1822 1830 1819 1802 1823 1776 1772 1867 1814 1822 1772 1781 1763 1749 1804 1812 1814 511 0 0 0 0 0 0 0 0 0 
0 0 0 0 0 0 0 0 0 0 647 1796 1876 1782 1775 1778 1781 1759 1827 1825 1788 1682 1803 1804 1848 1722 1768 1772 1771 652 0 0 0 0 0 0 0 0 0 0 
0 0 0 0 0 0 0 0 0 0 0 518 1692 1790 1853 1824 1787 1759 1731 1767 1778 1833 1803 1739 1732 1838 1720 1655 469 0 0 0 0 0 0 0 0 0 0 0 
0 0 0 0 0 0 0 0 0 0 0 0 163 1070 1775 1808 1855 1777 1790 1830 1801 1774 1872 1777 1806 1774 1146 169 0 0 0 0 0 0 0 0 0 0 0 0 
0 0 0 0 0 0 0 0 0 0 0 0 0 0 260 964 1559 1774 1801 1780 1845 1749 1849 1592 1007 252 0 0 0 0 0 0 0 0 0 0 0 0 0 0 
0 0 0 0 0 0 0 0 0 0 0 0 0 0 0 0 0 173 388 590 566 461 163 0 0 0 0 0 0 0 0 0 0 0 0 0 0 0 0 0 
0 0 0 0 0 0 0 0 0 0 0 0 0 0 0 0 0 0 0 0 0 0 0 0 0 0 0 0 0 0 0 0 0 0 0 0 0 0 0 0 
0 0 0 0 0 0 0 0 0 0 0 0 0 0 0 0 0 0 0 0 0 0 0 0 0 0 0 0 0 0 0 0 0 0 0 0 0 0 0 0 
0 0 0 0 0 0 0 0 0 0 0 0 0 0 0 0 0 0 0 0 0 0 0 0 0 0 0 0 0 0 0 0 0 0 0 0 0 0 0 0 
0 0 0 0 0 0 0 0 0 0 0 0 0 0 0 0 0 0 0 0 0 0 0 0 0 0 0 0 0 0 0 0 0 0 0 0 0 0 0 0 
0 0 0 0 0 0 0 0 0 0 0 0 0 0 0 0 0 0 0 0 0 0 0 0 0 0 0 0 0 0 0 0 0 0 0 0 0 0 0 0 
0 0 0 0 0 0 0 0 0 0 0 0 0 0 0 0 0 0 0 0 0 0 0 0 0 0 0 0 0 0 0 0 0 0 0 0 0 0 0 0 
