# TITLE  Co16 Fe16 Co8 Fe8 O32 [Cubic, Centric (-1 at origin)]
#        a         b         c       alpha     beta      gamma
# CELL    8.39400   8.39400   8.39400  90.00000  90.00000  90.00000
# SPCGRP  F d -3 m [Number  227]
#                    X         Y         Z         B         Occ       Spin      Charge
# Atom  Co1                    0.00000   0.00000   0.00000   0.00000   0.03000   0.00000   0.00000
# Atom  Fe1                    0.00000   0.00000   0.00000   0.00000   0.05333   0.00000   0.00000
# Atom  Co2                    0.62500   0.62500   0.62500   0.00000   0.01333   0.00000   0.00000
# Atom  Fe2                    0.62500   0.62500   0.62500   0.00000   0.02833   0.00000   0.00000
# Atom  O1                     0.37600   0.37600   0.37600   0.00000   0.16667   0.00000   0.00000
# COMMAND cif2hkl CoFe2O4_109044.cif --output CoFe2O4_109044.txt
# CIF2HKL (c) ILL 2012 E. Farhi <farhi@ill.eu> based on CrysFML
# DATE    12/06/2019 at 13:30:47
#
# Physical parameters:
# sigma_coh       423.44348 coherent   scattering cross section in [barn]
# sigma_inc       125.55785 incoherent scattering cross section in [barn]
# sigma_abs       953.76611 absorption scattering cross section in [barn]
# density           5.52328 in [g/cm^3]
# weight         3266.65747 in [g/mol]
# Vc              591.43481 volume of unit cell in [A^3]
# lattice_a         8.39400 lattice parameter a in [Angs]
# lattice_b         8.39400 lattice parameter b in [Angs]
# lattice_c         8.39400 lattice parameter c in [Angs]
# lattice_aa       90.00000 lattice angle alpha in [deg]
# lattice_bb       90.00000 lattice angle beta in [deg]
# lattice_cc       90.00000 lattice angle gamma in [deg]
# STRUCTURE FACTORS(NEUTRONS)
#
# Format parameters: Crystallographica format
# column_h  1
# column_k  2
# column_l  3
# column_j  4   multiplicity 'j'
# column_d  5   d-spacing 'd' in [Angs]
# column_F2 6   norm of scattering factor |F|^2 in [barn]
#
# List   992 reflections for lambda >     0.5000 [Angs], decreasing d-spacing.
# H   K   L     Mult    dspc                   |Fc|^2
   1    1    1     8       4.84628     135.96086
   2    2    0    12       2.96773     592.67444
   3    1    1    24       2.53089     518.43573
   2    2    2     8       2.42314     123.45608
   4    0    0     6       2.09850     175.05751
   3    3    1    24       1.92572     135.86494
   4    2    2    24       1.71342     592.38898
   5    1    1    24       1.61543     518.24799
   3    3    3     8       1.61543     518.24310
   4    4    0    12       1.48386    1256.50085
   5    3    1    48       1.41884     135.76630
   4    4    2    24       1.39900       0.00000
   6    2    0    24       1.32721     592.10370
   5    3    3    24       1.28007     518.06543
   6    2    2    24       1.26544     123.45282
   4    4    4     8       1.21157     174.74741
   7    1    1    24       1.17540     135.67018
   5    5    1    24       1.17540     135.67290
   6    4    2    48       1.12170     591.81842
   5    5    3    24       1.09281     517.85919
   7    3    1    48       1.09281     517.87317
   8    0    0     6       1.04925    1255.66992
   7    3    3    24       1.02549     135.56976
   6    4    4    24       1.01792       0.00000
   8    2    2    24       0.98924     591.53326
   6    6    0    12       0.98924     591.53339
   5    5    5     8       0.96926     517.69995
   7    5    1    48       0.96926     517.67621
   6    6    2    24       0.96286     123.46267
   8    4    0    24       0.93848     174.43762
   7    5    3    48       0.92136     135.48586
   9    1    1    24       0.92136     135.47844
   8    4    2    48       0.91586       0.00000
   6    6    4    24       0.89480     591.24866
   9    3    1    48       0.87993     517.48889
   8    4    4    24       0.85671    1254.83948
   9    3    3    24       0.84363     135.38744
   7    7    1    24       0.84363     135.38516
   7    5    5    24       0.84363     135.36826
   8    6    2    48       0.82310     590.96356
  10    2    0    24       0.82310     590.96320
   9    5    1    48       0.81148     517.31091
   7    7    3    24       0.81148     517.28217
   6    6    6     8       0.80771     123.43294
  10    2    2    24       0.80771     123.45928
   9    5    3    48       0.78274     135.27502
   8    6    4    48       0.77936       0.00000
  10    4    2    48       0.76626     590.67853
   7    7    5    24       0.75686     517.15259
  11    1    1    24       0.75686     517.11401
   8    8    0    12       0.74193    1254.00989
   9    5    5    24       0.73339     135.20584
   9    7    1    48       0.73339     135.18417
  11    3    1    48       0.73339     135.19118
   8    8    2    24       0.73060       0.00000
  10    4    4    24       0.73060       0.00000
  10    6    0    24       0.71978     590.39410
   8    6    6    24       0.71978     590.39478
   9    7    3    48       0.71197     516.95587
  11    3    3    24       0.71197     516.91302
  10    6    2    48       0.70942     123.44279
  12    0    0     6       0.69950     173.81882
   8    8    4    24       0.69950     173.81956
  11    5    1    48       0.69233     135.08832
   7    7    7     8       0.69233     135.06705
  12    2    2    24       0.68084     590.10895
  10    6    4    48       0.68084     590.10986
  11    5    3    48       0.67422     516.76422
   9    7    5    48       0.67422     516.69330
  12    4    0    24       0.66360    1253.17957
   9    9    1    24       0.65747     135.00256
  12    4    2    48       0.65546       0.00000
   8    8    6    24       0.65546       0.00000
  10    8    2    48       0.64761     589.82562
   9    9    3    24       0.64191     516.51544
  13    1    1    24       0.64191     516.55267
  11    7    1    48       0.64191     516.56287
  11    5    5    24       0.64191     516.51086
  10    6    6    24       0.64004     123.49213
  12    4    4    24       0.63272     173.51060
  13    3    1    48       0.62740     134.89674
  11    7    3    48       0.62740     134.88292
   9    7    7    24       0.62740     134.93372
  10    8    4    48       0.62565       0.00000
  12    6    2    48       0.61881     589.54095
   9    9    5    24       0.61383     516.42346
  13    3    3    24       0.61383     516.37964
   8    8    8     8       0.60578    1252.35352
  13    5    1    48       0.60111     134.80869
  11    7    5    48       0.60111     134.83328
  12    6    4    48       0.59957       0.00000
  10    8    6    48       0.59355     589.25793
  14    2    0    24       0.59355     589.25525
  10   10    0    12       0.59355     589.25739
  11    9    1    48       0.58914     516.16101
  13    5    3    48       0.58914     516.14594
  10   10    2    24       0.58770     123.47583
  14    2    2    24       0.58770     123.44907
  12    8    0    24       0.58202     173.20267
   9    9    7    24       0.57787     134.66588
  11    9    3    48       0.57787     134.73038
  12    8    2    48       0.57650       0.00000
  10   10    4    24       0.57114     588.97375
  12    6    6    24       0.57114     588.97339
  14    4    2    48       0.57114     588.97156
  13    5    5    24       0.56721     516.03485
  13    7    1    48       0.56721     515.97363
  11    7    7    24       0.56721     515.90796
  12    8    4    48       0.56085    1251.52454
  11    9    5    48       0.55713     134.57483
  13    7    3    48       0.55713     134.63242
  15    1    1    24       0.55713     134.61008
  10    8    8    24       0.55591       0.00001
  14    4    4    24       0.55591       0.00000
  14    6    0    24       0.55109     588.68817
  15    3    1    48       0.54756     515.80505
  14    6    2    48       0.54640     123.47255
  10   10    6    24       0.54640     123.39444
   9    9    9     8       0.53848     134.57169
  13    7    5    48       0.53848     134.48193
  15    3    3    24       0.53848     134.50539
  11   11    1    24       0.53848     134.52512
  12    8    6    48       0.53737       0.00001
  14    6    4    48       0.53302     588.40485
  12   10    2    48       0.53302     588.40594
  13    9    1    48       0.52982     515.62885
  11    9    7    48       0.52982     515.71521
  11   11    3    24       0.52982     515.55835
  15    5    1    48       0.52982     515.59955
  16    0    0     6       0.52462    1250.69202
  13    9    3    48       0.52158     134.39377
  15    5    3    48       0.52158     134.43671
  12   10    4    48       0.52057       0.00000
  14    8    2    48       0.51661     588.12152
  10   10    8    24       0.51661     588.12335
  16    2    2    24       0.51661     588.11902
  13    7    7    24       0.51370     515.51904
  11   11    5    24       0.51370     515.51416
  14    6    6    24       0.51275     123.40410
  12    8    8    24       0.50896     172.58826
  16    4    0    24       0.50896     172.58606
  15    5    5    24       0.50618     134.29590
  15    7    1    48       0.50618     134.33202
  13    9    5    48       0.50618     134.36887
  14    8    4    48       0.50526       0.00000
  16    4    2    48       0.50526       0.00000
  12   10    6    48       0.50164     587.84003
  11    9    9    24       0.49897     515.10602
  15    7    3    48       0.49897     515.18927
  16    4    4    24       0.49462    1249.86670
  12   12    0    12       0.49462    1249.87048
  13   11    1    48       0.49206     134.21791
  11   11    7    24       0.49206     134.16560
  17    1    1    24       0.49206     134.22861
  12   12    2    24       0.49122       0.00000
  16    6    2    48       0.48789     587.55310
  14    8    6    48       0.48789     587.55566
  14   10    0    24       0.48789     587.55511
  13    9    7    48       0.48544     514.92889
  17    3    1    48       0.48544     515.03900
  15    7    5    48       0.48544     515.12610
  13   11    3    48       0.48544     515.11237
  10   10   10     8       0.48463     123.55726
  14   10    2    48       0.48463     123.42675
  12   12    4    24       0.48143     172.28130
  17    3    3    24       0.47907     134.14323
  15    9    1    48       0.47907     134.12273
  12   10    8    48       0.47829       0.00002
  16    6    4    48       0.47829       0.00000
  14   10    4    48       0.47522     587.27240
  15    9    3    48       0.47295     514.92084
  17    5    1    48       0.47295     514.87134
  13   11    5    48       0.47295     514.75696
  16    8    0    24       0.46924    1249.04175
  17    5    3    48       0.46705     134.01698
  15    7    7    24       0.46705     133.98219
  11   11    9    24       0.46705     134.12054
  14    8    8    24       0.46633       0.00002
  16    8    2    48       0.46633       0.00000
  12   12    6    24       0.46633       0.00002
  18    2    0    24       0.46348     586.98383
  16    6    6    24       0.46348     586.98798
  15    9    5    48       0.46138     514.57465
  13    9    9    24       0.46138     514.83118
  18    2    2    24       0.46068     123.46231
  14   10    6    48       0.46068     123.54074
  16    8    4    48       0.45793     171.97360
  13   13    1    24       0.45590     133.95442
  17    5    5    24       0.45590     133.97292
  13   11    7    48       0.45590     134.01817
  17    7    1    48       0.45590     133.93195
  18    4    2    48       0.45257     586.70129
  12   10   10    24       0.45257     586.70868
  14   12    2    48       0.45257     586.70648
  13   13    3    24       0.45061     514.41235
  15   11    1    48       0.45061     514.51062
  17    7    3    48       0.45061     514.53766
  12   12    8    24       0.44740    1248.22253
  15   11    3    48       0.44551     133.80927
  15    9    7    48       0.44551     133.91792
  16    8    6    48       0.44488       0.00001
  14   12    4    48       0.44488       0.00001
  18    4    4    24       0.44488       0.00000
  14   10    8    48       0.44240     586.42517
  18    6    0    24       0.44240     586.41901
  16   10    2    48       0.44240     586.42249
  19    1    1    24       0.44057     514.29224
  11   11   11     8       0.44057     514.10559
  17    7    5    48       0.44057     514.21088
  13   13    5    24       0.44057     514.42535
  18    6    2    48       0.43997     123.43340
  13   11    9    48       0.43579     133.65495
  15   11    5    48       0.43579     133.81323
  17    9    1    48       0.43579     133.76163
  19    3    1    48       0.43579     133.75276
  16   10    4    48       0.43521       0.00001
  18    6    4    48       0.43289     586.13727
  14   12    6    48       0.43289     586.14227
  17    9    3    48       0.43117     514.04382
  19    3    3    24       0.43117     514.08252
  16    8    8    24       0.42835    1247.39514
  15    9    9    24       0.42669     133.56462
  19    5    1    48       0.42669     133.64629
  13   13    7    24       0.42669     133.56718
  17    7    7    24       0.42669     133.71786
  12   12   10    24       0.42614       0.00004
  18    8    2    48       0.42396     585.85504
  16   10    6    48       0.42396     585.85858
  14   14    0    12       0.42396     585.85828
  19    5    3    48       0.42235     513.96307
  17    9    5    48       0.42235     514.03741
  15   13    1    48       0.42235     513.89734
  15   11    7    48       0.42235     513.75604
  18    6    6    24       0.42181     123.52098
  14   10   10    24       0.42181     123.31207
  14   14    2    24       0.42181     123.49503
  20    0    0     6       0.41970     171.35770
  16   12    0    24       0.41970     171.36238
  15   13    3    48       0.41813     133.60420
  16   12    2    48       0.41762       0.00000
  18    8    4    48       0.41762       0.00001
  14   12    8    48       0.41762       0.00004
  14   14    4    24       0.41556     585.57672
  20    2    2    24       0.41556     585.56738
  19    7    1    48       0.41405     513.75397
  19    5    5    24       0.41405     513.66528
  17   11    1    48       0.41405     513.71051
  13   11   11    24       0.41405     513.97308
  20    4    0    24       0.41155    1246.55835
  16   12    4    48       0.41155    1246.57068
  19    7    3    48       0.41007     133.43324
  17    9    7    48       0.41007     133.38411
  15   13    5    48       0.41007     133.39197
  13   13    9    24       0.41007     133.58047
  17   11    3    48       0.41007     133.50658
  20    4    2    48       0.40959       0.00000
  16   10    8    48       0.40959       0.00003
  18   10    0    24       0.40765     585.29144
  18    8    6    48       0.40765     585.29199
  15   11    9    48       0.40621     513.77228
  18   10    2    48       0.40574     123.49192
  14   14    6    24       0.40574     123.33451
  12   12   12     8       0.40386     171.05945
  20    4    4    24       0.40386     171.05316
  19    7    5    48       0.40246     133.41823
  17   11    5    48       0.40246     133.29916
  16   12    6    48       0.40200       0.00003
  18   10    4    48       0.40017     585.00977
  20    6    2    48       0.40017     585.00415
  14   12   10    48       0.40017     585.01520
  19    9    1    48       0.39881     513.33698
  21    1    1    24       0.39881     513.36023
  15   13    7    48       0.39881     513.56757
  15   15    1    24       0.39526     133.29137
  19    9    3    48       0.39526     133.31140
  17    9    9    24       0.39526     133.37825
  21    3    1    48       0.39526     133.26607
  20    6    4    48       0.39482       0.00000
  18    8    8    24       0.39482       0.00003
  14   14    8    24       0.39309     584.73267
  16   10   10    24       0.39309     584.73199
  16   14    2    48       0.39309     584.72980
  13   13   11    24       0.39180     512.90729
  15   15    3    24       0.39180     513.07892
  21    3    3    24       0.39180     513.19891
  19    7    7    24       0.39180     513.03870
  17   13    1    48       0.39180     513.20972
  17   11    7    48       0.39180     513.37170
  18   10    6    48       0.39137     123.34522
  20    8    0    24       0.38968     170.74872
  16   12    8    48       0.38968     170.75371
  21    5    1    48       0.38843     133.18359
  19    9    5    48       0.38843     133.11385
  15   11   11    24       0.38843     133.04399
  17   13    3    48       0.38843     133.12936
  16   14    4    48       0.38801       0.00002
  20    8    2    48       0.38801       0.00000
  18   12    2    48       0.38637     584.44666
  20    6    6    24       0.38637     584.44177
  15   15    5    24       0.38514     513.15765
  21    5    3    48       0.38514     512.93884
  15   13    9    48       0.38514     512.73517
  20    8    4    48       0.38313    1244.91626
  19   11    1    48       0.38194     133.09882
  17   13    5    48       0.38194     133.16708
  18   12    4    48       0.38155       0.00002
  14   12   12    24       0.38155       0.00009
  18   10    8    48       0.37998     584.16656
  16   14    6    48       0.37998     584.16779
  22    2    0    24       0.37998     584.15295
  21    5    5    24       0.37882     512.87604
  19    9    7    48       0.37882     512.97919
  19   11    3    48       0.37882     512.71069
  21    7    1    48       0.37882     512.77722
  17   11    9    48       0.37882     512.55817
  22    2    2    24       0.37843     123.44637
  14   14   10    24       0.37843     123.65537
  21    7    3    48       0.37577     133.01921
  15   15    7    24       0.37577     132.87154
  20    8    6    48       0.37539       0.00002
  16   12   10    48       0.37539       0.00008
  20   10    2    48       0.37390     583.87970
  22    4    2    48       0.37390     583.87231
  18   12    6    48       0.37390     583.88477
  19   11    5    48       0.37279     512.77045
  13   13   13     8       0.37279     512.94525
  17   13    7    48       0.37279     512.39124
  16   16    0    12       0.37097    1244.10205
  21    7    5    48       0.36988     132.83635
  17   15    1    48       0.36988     132.87523
  15   13   11    48       0.36988     133.05638
  22    4    4    24       0.36953       0.00000
  20   10    4    48       0.36953       0.00001
  16   16    2    24       0.36953       0.00001
  16   14    8    48       0.36953       0.00007
  22    6    0    24       0.36810     583.59180
  18   14    0    24       0.36810     583.60211
  19    9    9    24       0.36704     512.20398
  17   15    3    48       0.36704     512.54407
  21    9    1    48       0.36704     512.45422
  18   14    2    48       0.36669     123.40393
  18   10   10    24       0.36669     123.63866
  22    6    2    48       0.36669     123.48223
  20    8    8    24       0.36530     170.14212
  16   16    4    24       0.36530     170.14452
  19   13    1    48       0.36427     132.78008
  19   11    7    48       0.36427     132.68887
  15   15    9    24       0.36427     132.95213
  21    9    3    48       0.36427     132.75426
  17   11   11    24       0.36427     132.95439
  23    1    1    24       0.36427     132.79190
  18   12    8    48       0.36393       0.00006
  14   14   12    24       0.36257     583.32678
  18   14    4    48       0.36257     583.32190
  22    6    4    48       0.36257     583.31122
  20   10    6    48       0.36257     583.31848
  21    7    7    24       0.36156     512.39203
  19   13    3    48       0.36156     512.35315
  17   15    5    48       0.36156     512.05811
  23    3    1    48       0.36156     512.24402
  17   13    9    48       0.36156     512.53961
  20   12    0    24       0.35989    1243.27527
  16   12   12    24       0.35989    1243.28796
  21    9    5    48       0.35890     132.77309
  23    3    3    24       0.35890     132.68356
  16   16    6    24       0.35857       0.00005
  20   12    2    48       0.35857       0.00000
  16   14   10    48       0.35727     583.04468
  22    8    2    48       0.35727     583.03052
  19   13    5    48       0.35631     511.87665
  23    5    1    48       0.35631     512.03253
  18   14    6    48       0.35598     123.60971
  22    6    6    24       0.35598     123.37472
  20   12    4    48       0.35471     169.83888
  15   13   13    24       0.35376     132.42213
  19   11    9    48       0.35376     132.75037
  17   15    7    48       0.35376     132.74385
  21   11    1    48       0.35376     132.59044
  23    5    3    48       0.35376     132.63017
  20   10    8    48       0.35345       0.00005
  22    8    4    48       0.35345       0.00001
  18   12   10    48       0.35220     582.76233
  21    9    7    48       0.35128     511.67429
  21   11    3    48       0.35128     511.97125
  15   15   11    24       0.35128     511.51248
  24    0    0     6       0.34975    1242.43152
  16   16    8    24       0.34975    1242.46460
  19   13    7    48       0.34884     132.64410
  23    7    1    48       0.34884     132.52180
  17   13   11    48       0.34884     132.33473
  17   17    1    24       0.34884     132.53622
  23    5    5    24       0.34884     132.46715
  20   12    6    48       0.34854       0.00004
  18   16    2    48       0.34735     582.47870
  22    8    6    48       0.34735     582.47064
  24    2    2    24       0.34735     582.45978
  22   10    0    24       0.34735     582.46979
  18   14    8    48       0.34735     582.48096
  23    7    3    48       0.34646     511.60706
  21   11    5    48       0.34646     511.51300
  17   17    3    24       0.34646     511.55917
  19   15    1    48       0.34646     511.72675
  22   10    2    48       0.34616     123.41031
  14   14   14     8       0.34616     123.17624
  24    4    0    24       0.34499     169.52736
  19   15    3    48       0.34412     132.35583
  17   15    9    48       0.34412     132.24986
  18   16    4    48       0.34383       0.00003
  24    4    2    48       0.34383       0.00000
  16   14   12    48       0.34383       0.00015
  20   14    2    48       0.34268     582.19519
  22   10    4    48       0.34268     582.19043
  20   10   10    24       0.34268     582.19739
  21    9    9    24       0.34183     511.74771
  23    7    5    48       0.34183     511.61017
  19   11   11    24       0.34183     511.16400
  17   17    5    24       0.34183     511.71301
  24    4    4    24       0.34042    1241.61462
  20   12    8    48       0.34042    1241.63855
  21   11    7    48       0.33958     132.44498
  21   13    1    48       0.33958     132.34418
  19   13    9    48       0.33958     132.16008
  19   15    5    48       0.33958     132.43188
  23    9    1    48       0.33958     132.30574
  20   14    4    48       0.33931       0.00003
  22    8    8    24       0.33931       0.00004
  16   16   10    24       0.33931       0.00014
  18   12   12    24       0.33931       0.00014
  18   16    6    48       0.33820     581.91870
  24    6    2    48       0.33820     581.90039
  15   15   13    24       0.33738     511.74927
  21   13    3    48       0.33738     511.19159
  23    9    3    48       0.33738     511.39777
  22   10    6    48       0.33711     123.59027
  18   14   10    48       0.33711     123.19834
  17   13   13    24       0.33522     132.44733
  23    7    7    24       0.33522     132.14272
  25    1    1    24       0.33522     132.22484
  17   17    7    24       0.33522     132.08061
  24    6    4    48       0.33496       0.00001
  20   14    6    48       0.33390     581.63599
  22   12    2    48       0.33390     581.63007
  21   13    5    48       0.33311     511.32684
  25    3    1    48       0.33311     511.10190
  17   15   11    48       0.33311     511.54425
  19   15    7    48       0.33311     510.83658
  23    9    5    48       0.33311     510.96912
  24    8    0    24       0.33180    1240.79761
  21   11    9    48       0.33103     131.98051
  25    3    3    24       0.33103     132.14539
  18   16    8    48       0.33077       0.00011
  22   12    4    48       0.33077       0.00002
  20   12   10    48       0.33077       0.00012
  24    8    2    48       0.33077       0.00000
  22   10    8    48       0.32975     581.35101
  16   14   14    24       0.32975     581.36359
  18   18    0    12       0.32975     581.35614
  24    6    6    24       0.32975     581.34125
  19   13   11    48       0.32899     511.34299
  19   17    1    48       0.32899     510.89426
  25    5    1    48       0.32899     510.94598
  23   11    1    48       0.32899     510.97205
  18   18    2    24       0.32873     123.52117
  24    8    4    48       0.32773     168.92429
  16   16   12    24       0.32773     168.93568
  20   16    0    24       0.32773     168.93077
  19   17    3    48       0.32698     132.11395
  21   13    7    48       0.32698     131.89871
  17   17    9    24       0.32698     132.23770
  23   11    3    48       0.32698     131.98187
  25    5    3    48       0.32698     132.00655
  23    9    7    48       0.32698     132.14682
  20   16    2    48       0.32674       0.00001
  20   14    8    48       0.32674       0.00011
  18   18    4    24       0.32575     581.07648
  18   14   12    48       0.32575     581.08197
  22   12    6    48       0.32575     581.07123
  21   15    1    48       0.32502     510.70804
  19   15    9    48       0.32502     511.13467
  20   16    4    48       0.32381    1239.99976
  21   15    3    48       0.32309     132.01689
  25    7    1    48       0.32309     131.92734
  19   17    5    48       0.32309     131.82748
  15   15   15     8       0.32309     131.69905
  25    5    5    24       0.32309     131.98709
  23   11    5    48       0.32309     132.03900
  24    8    6    48       0.32285       0.00003
  18   16   10    48       0.32190     580.80109
  26    2    0    24       0.32190     580.76923
  24   10    2    48       0.32190     580.78259
  22   14    0    24       0.32190     580.79016
  25    7    3    48       0.32119     510.63510
  17   15   13    48       0.32119     510.09021
  21   11   11    24       0.32119     510.94324
  26    2    2    24       0.32095     123.46619
  18   18    6    24       0.32095     123.25681
  22   14    2    48       0.32095     123.51817
  22   10   10    24       0.32095     123.23129
  20   12   12    24       0.32002     168.63174
  21   13    9    48       0.31932     132.03563
  23    9    9    24       0.31932     131.71173
  21   15    5    48       0.31932     131.73526
  20   16    6    48       0.31909       0.00008
  24   10    4    48       0.31909       0.00002
  22   12    8    48       0.31909       0.00009
  26    4    2    48       0.31817     580.49060
  22   14    4    48       0.31817     580.51129
  20   14   10    48       0.31817     580.51910
  19   13   13    24       0.31749     509.91833
  19   17    7    48       0.31749     510.71838
  25    7    5    48       0.31749     510.24442
  17   17   11    24       0.31749     509.92334
  23   13    1    48       0.31749     510.33585
  23   11    7    48       0.31749     510.12122
  24    8    8    24       0.31636    1239.16602
  25    9    1    48       0.31569     131.76884
  19   15   11    48       0.31569     131.52724
  23   13    3    48       0.31569     131.82286
  26    4    4    24       0.31547       0.00000
  16   16   14    24       0.31547       0.00027
  24   10    6    48       0.31458     580.22461
  18   18    8    24       0.31458     580.23987
  26    6    0    24       0.31458     580.21198
  25    9    3    48       0.31392     510.08917
  21   15    7    48       0.31392     510.52295
  18   14   14    24       0.31370     123.81463
  22   14    6    48       0.31370     123.26722
  26    6    2    48       0.31370     123.42290
  20   16    8    48       0.31283     168.32965
  24   12    0    24       0.31283     168.32217
  25    7    7    24       0.31218     131.74988
  19   19    1    24       0.31218     131.69084
  23   13    5    48       0.31218     131.55119
  24   12    2    48       0.31196       0.00001
  18   16   12    48       0.31196       0.00025
  20   18    2    48       0.31110     579.95508
  26    6    4    48       0.31110     579.93323
  22   12   10    48       0.31110     579.95532
  21   13   11    48       0.31046     509.57553
  23   11    9    48       0.31046     510.34430
  19   19    3    24       0.31046     509.85477
  19   17    9    48       0.31046     509.59164
  27    1    1    24       0.31046     509.98947
  21   17    1    48       0.31046     510.06494
  25    9    5    48       0.31046     510.16782
  24   12    4    48       0.30941    1238.35046
  21   17    3    48       0.30878     131.49005
  17   15   15    24       0.30878     131.85811
  27    3    1    48       0.30878     131.56548
  20   14   12    48       0.30857       0.00024
  20   18    4    48       0.30857       0.00004
  24   10    8    48       0.30857       0.00008
  22   16    2    48       0.30774     579.67273
  26    8    2    48       0.30774     579.65479
  22   14    8    48       0.30774     579.67554
  19   19    5    24       0.30712     510.09338
  23   13    7    48       0.30712     510.13232
  21   15    9    48       0.30712     509.41531
  17   17   13    24       0.30712     510.38516
  25   11    1    48       0.30712     509.77792
  27    3    3    24       0.30712     509.77301
  18   18   10    24       0.30692     123.78517
  26    6    6    24       0.30692     123.55000
  25   11    3    48       0.30549     131.53209
  25    9    7    48       0.30549     131.35410
  19   15   13    48       0.30549     131.75426
  23   15    1    48       0.30549     131.49963
  21   17    5    48       0.30549     131.60893
  27    5    1    48       0.30549     131.45563
  20   16   10    48       0.30529       0.00022
  24   12    6    48       0.30529       0.00006
  22   16    4    48       0.30529       0.00004
  26    8    4    48       0.30529       0.00001
  20   18    6    48       0.30448     579.39856
  23   15    3    48       0.30388     509.48822
  27    5    3    48       0.30388     509.68381
  16   16   16     8       0.30289    1237.56323
  19   17   11    48       0.30230     131.64867
  23   11   11    24       0.30230     131.17406
  25   11    5    48       0.30230     131.27515
  19   19    7    24       0.30230     131.19533
  22   12   12    24       0.30211       0.00021
  26   10    0    24       0.30133     579.09784
  24   10   10    24       0.30133     579.11060
  22   16    6    48       0.30133     579.11664
  26    8    6    48       0.30133     579.09802
  24   14    2    48       0.30133     579.10846
  18   16   14    48       0.30133     579.12708
  21   13   13    24       0.30075     509.98087
  27    7    1    48       0.30075     509.46689
  21   17    7    48       0.30075     509.09344
  23   15    5    48       0.30075     509.70764
  23   13    9    48       0.30075     509.06281
  27    5    5    24       0.30075     509.34100
  22   14   10    48       0.30055     123.76888
  26   10    2    48       0.30055     123.50794
  24   12    8    48       0.29979     167.72267
  28    0    0     6       0.29979     167.70607
  21   15   11    48       0.29921     131.54730
  25    9    9    24       0.29921     131.43370
  27    7    3    48       0.29921     131.23662
  20   18    8    48       0.29902       0.00017
  24   14    4    48       0.29902       0.00004
  20   14   14    24       0.29827     578.84595
  28    2    2    24       0.29827     578.80206
  18   18   12    24       0.29827     578.84650
  26   10    4    48       0.29827     578.81952
  25   13    1    48       0.29770     509.31155
  25   11    7    48       0.29770     509.54712
  20   16   12    48       0.29677    1236.74255
  28    4    0    24       0.29677    1236.67981
  20   20    0    12       0.29677    1236.72974
  17   17   15    24       0.29622     130.87549
  21   19    1    48       0.29622     131.16341
  25   13    3    48       0.29622     131.11742
  19   19    9    24       0.29622     131.43730
  23   15    7    48       0.29622     131.01392
  27    7    5    48       0.29622     131.25508
  28    4    2    48       0.29603       0.00000
  20   20    2    24       0.29603       0.00001
  22   16    8    48       0.29603       0.00017
  26    8    8    24       0.29603       0.00006
  22   18    0    24       0.29530     578.55603
  24   14    6    48       0.29530     578.55286
  21   19    3    48       0.29475     509.26163
  21   17    9    48       0.29475     509.56091
  27    9    1    48       0.29475     509.03543
  19   15   15    24       0.29475     508.46918
  22   18    2    48       0.29457     123.37482
  26   10    6    48       0.29457     123.29604
  28    4    4    24       0.29385     167.40762
  20   20    4    24       0.29385     167.42584
  27    9    3    48       0.29331     131.14539
  23   17    1    48       0.29331     131.06932
  23   13   11    48       0.29331     131.34418
  19   17   13    48       0.29331     130.79152
  25   13    5    48       0.29331     131.21703
  24   12   10    48       0.29313       0.00017
  26   12    2    48       0.29242     578.26300
  28    6    2    48       0.29242     578.24658
  22   18    4    48       0.29242     578.27887
  20   18   10    48       0.29242     578.28632
  22   14   12    48       0.29242     578.28406
  23   17    3    48       0.29189     509.07175
  25   11    9    48       0.29189     508.53482
  27    7    7    24       0.29189     508.69379
  21   19    5    48       0.29189     508.61188
  24   16    0    24       0.29101    1235.90503
  23   15    9    48       0.29049     131.23631
  21   15   13    48       0.29049     130.70482
  27    9    5    48       0.29049     130.90805
  18   16   16    24       0.29031       0.00045
  24   16    2    48       0.29031       0.00001
  24   14    8    48       0.29031       0.00015
  26   12    4    48       0.29031       0.00003
  28    6    4    48       0.29031       0.00001
  20   20    6    24       0.29031       0.00012
  22   16   10    48       0.28962     578.00482
  26   10    8    48       0.28962     577.98651
  25   13    7    48       0.28910     508.37930
  29    1    1    24       0.28910     508.69370
  19   19   11    24       0.28910     508.14346
  23   17    5    48       0.28910     508.43097
  18   18   14    24       0.28893     122.99451
  22   18    6    48       0.28893     123.69642
  24   16    4    48       0.28825     167.12277
  28    8    0    24       0.28825     167.10881
  29    3    1    48       0.28774     130.89148
  21   17   11    48       0.28774     130.62325
  21   19    7    48       0.28774     131.12068
  27   11    1    48       0.28774     130.92647
  25   15    1    48       0.28774     130.88062
  20   16   14    48       0.28757       0.00042
  28    8    2    48       0.28757       0.00000
  28    6    6    24       0.28690     577.69147
  26   12    6    48       0.28690     577.70862
  29    3    3    24       0.28640     508.54401
  25   15    3    48       0.28640     508.69086
  27   11    3    48       0.28640     508.38840
  27    9    7    48       0.28640     508.76666
  20   20    8    24       0.28557    1235.10693
  24   12   12    24       0.28557    1235.09839
  28    8    4    48       0.28557    1235.05627
  25   11   11    24       0.28508     131.04080
  29    5    1    48       0.28508     130.81551
  23   17    7    48       0.28508     131.02119
  17   17   17     8       0.28508     131.18687
  23   13   13    24       0.28508     130.53154
  20   18   12    48       0.28491       0.00039
  24   16    6    48       0.28491       0.00011
  26   14    0    24       0.28426     577.42902
  22   18    8    48       0.28426     577.44641
  24   14   10    48       0.28426     577.44250
  23   15   11    48       0.28377     507.79562
  19   17   15    48       0.28377     509.06366
  25   13    9    48       0.28377     508.77124
  25   15    5    48       0.28377     508.06952
  29    5    3    48       0.28377     508.25836
  27   11    5    48       0.28377     508.55228
  26   14    2    48       0.28361     123.38118
  26   10   10    24       0.28361     123.71935
  22   14   14    24       0.28361     123.01645
  21   21    1    24       0.28248     130.75624
  21   19    9    48       0.28248     130.46051
  22   16   12    48       0.28232       0.00038
  26   12    8    48       0.28232       0.00013
  28    8    6    48       0.28232       0.00004
  22   20    2    48       0.28168     577.16357
  28   10    2    48       0.28168     577.13666
  26   14    4    48       0.28168     577.15222
  23   19    1    48       0.28121     508.22473
  29    7    1    48       0.28121     508.10806
  19   19   13    24       0.28121     508.85641
  21   21    3    24       0.28121     507.96893
  29    5    5    24       0.28121     508.24402
  27    9    9    24       0.28121     507.83102
  21   15   15    24       0.28121     508.85953
  24   16    8    48       0.28042    1234.28369
  27   13    1    48       0.27996     130.59845
  25   15    7    48       0.27996     130.82336
  21   17   13    48       0.27996     130.97775
  27   11    7    48       0.27996     130.47078
  23   19    3    48       0.27996     130.53316
  23   17    9    48       0.27996     130.37114
  29    7    3    48       0.27996     130.66344
  22   20    4    48       0.27980       0.00006
  20   20   10    24       0.27980       0.00034
  28   10    4    48       0.27980       0.00003
  18   18   16    24       0.27918     576.90106
  24   18    2    48       0.27918     576.88208
  30    2    0    24       0.27918     576.83893
  27   13    3    48       0.27872     508.12027
  21   21    5    24       0.27872     508.30170
  22   18   10    48       0.27856     123.05216
  26   14    6    48       0.27856     123.67686
  30    2    2    24       0.27856     123.44286
  20   16   16    24       0.27795     166.53328
  28    8    8    24       0.27795     166.51311
  25   13   11    48       0.27750     130.27161
  29    7    5    48       0.27750     130.45038
  25   17    1    48       0.27750     130.56573
  23   19    5    48       0.27750     130.69887
  24   18    4    48       0.27735       0.00006
  24   14   12    48       0.27735       0.00034
  30    4    2    48       0.27674     576.56219
  26   12   10    48       0.27674     576.59949
  20   18   14    48       0.27674     576.62054
  22   20    6    48       0.27674     576.60992
  28   10    6    48       0.27674     576.58307
  25   17    3    48       0.27629     507.60342
  23   15   13    48       0.27629     508.45276
  27   13    5    48       0.27629     507.52658
  29    9    1    48       0.27629     507.80807
  21   19   11    48       0.27629     508.44037
  28   12    0    24       0.27555    1233.43445
  29    9    3    48       0.27510     130.37421
  21   21    7    24       0.27510     130.21661
  27   11    9    48       0.27510     130.63638
  25   15    9    48       0.27510     130.19283
  24   16   10    48       0.27495       0.00031
  28   12    2    48       0.27495       0.00001
  30    4    4    24       0.27495       0.00000
  24   18    6    48       0.27437     576.32880
  26   16    2    48       0.27437     576.31927
  30    6    0    24       0.27437     576.28534
  26   14    8    48       0.27437     576.32178
  22   16   14    48       0.27437     576.33972
  23   19    7    48       0.27393     507.16296
  29    7    7    24       0.27393     507.79425
  25   17    5    48       0.27393     507.91595
  19   17   17    24       0.27393     506.81854
  23   17   11    48       0.27393     508.24081
  30    6    2    48       0.27378     123.49226
  28   12    4    48       0.27320     166.21513
  20   20   12    24       0.27320     166.23312
  19   19   15    24       0.27277     129.95497
  29    9    5    48       0.27277     130.43631
  27   13    7    48       0.27277     130.52721
  28   10    8    48       0.27262       0.00011
  22   20    8    48       0.27262       0.00026
  26   16    4    48       0.27262       0.00006
  30    6    4    48       0.27205     576.00897
  22   18   12    48       0.27205     576.06110
  21   17   15    48       0.27162     506.65262
  27   15    1    48       0.27162     507.47263
  29   11    1    48       0.27049     130.22261
  25   13   13    24       0.27049     130.56873
  21   21    9    24       0.27049     130.55214
  31    1    1    24       0.27049     130.23563
  25   17    7    48       0.27049     130.03557
  27   15    3    48       0.27049     130.16180
  24   18    8    48       0.27035       0.00025
  26   12   12    24       0.27035       0.00030
  28   12    6    48       0.27035       0.00008
  26   16    6    48       0.26979     575.76654
  22   22    0    12       0.26979     575.77271
  24   14   14    24       0.26979     575.77948
  30    8    2    48       0.26979     575.73254
  29    9    7    48       0.26938     506.95389
  29   11    3    48       0.26938     507.36005
  23   19    9    48       0.26938     507.81641
  27   11   11    24       0.26938     506.75558
  23   21    1    48       0.26938     507.16830
  31    3    1    48       0.26938     507.21829
  21   19   13    48       0.26938     506.49329
  25   15   11    48       0.26938     507.84186
  18   18   18     8       0.26924     124.04909
  26   14   10    48       0.26924     123.08530
  30    6    6    24       0.26924     123.34570
  22   22    2    24       0.26924     123.55289
  24   20    0    24       0.26869     165.92760
  24   16   12    48       0.26869     165.93222
  23   21    3    48       0.26827     130.26976
  31    3    3    24       0.26827     130.12482
  27   13    9    48       0.26827     129.92575
  23   15   15    24       0.26827     129.78438
  27   15    5    48       0.26827     130.30838
  30    8    4    48       0.26814       0.00002
  24   20    2    48       0.26814       0.00002
  20   18   16    48       0.26814       0.00070
  28   14    2    48       0.26759     575.47485
  28   10   10    24       0.26759     575.47736
  22   22    4    24       0.26759     575.49640
  22   20   10    48       0.26759     575.50323
  29   11    5    48       0.26718     506.80453
  23   17   13    48       0.26718     506.32211
  31    5    1    48       0.26718     506.99838
  25   19    1    48       0.26718     506.98309
  24   20    4    48       0.26651    1231.84277
  28   12    8    48       0.26651    1231.81763
  25   17    9    48       0.26611     130.35213
  23   21    5    48       0.26611     129.89125
  25   19    3    48       0.26611     130.17349
  31    5    3    48       0.26611     130.08669
  20   20   14    24       0.26597       0.00066
  28   14    4    48       0.26597       0.00005
  22   16   16    24       0.26597       0.00066
  26   16    8    48       0.26597       0.00023
  26   18    0    24       0.26544     575.21014
  30   10    0    24       0.26544     575.18005
  24   18   10    48       0.26544     575.22388
  30    8    6    48       0.26544     575.18079
  21   21   11    24       0.26504     506.17242
  27   15    7    48       0.26504     506.45053
  29    9    9    24       0.26504     507.19595
  22   18   14    48       0.26491     124.02009
  26   18    2    48       0.26491     123.55005
  22   22    6    24       0.26491     123.15969
  30   10    2    48       0.26491     123.39438
  31    7    1    48       0.26399     129.97574
  29   13    1    48       0.26399     129.99565
  23   19   11    48       0.26399     129.62463
  29   11    7    48       0.26399     130.13293
  31    5    5    24       0.26399     129.90268
  25   19    5    48       0.26399     129.79988
  19   19   17    24       0.26399     130.43558
  24   20    6    48       0.26386       0.00017
  26   18    4    48       0.26334     574.93427
  26   14   12    48       0.26334     574.93915
  30   10    4    48       0.26334     574.90448
  28   14    6    48       0.26334     574.92322
  21   17   17    24       0.26296     507.58160
  23   21    7    48       0.26296     507.18204
  25   15   13    48       0.26296     505.98087
  31    7    3    48       0.26296     506.56006
  27   17    1    48       0.26296     506.61209
  29   13    3    48       0.26296     506.50555
  27   13   11    48       0.26296     507.24457
  32    0    0     6       0.26231    1230.94214
  21   19   15    48       0.26193     130.33005
  27   17    3    48       0.26193     129.98102
  24   16   14    48       0.26180       0.00061
  28   12   10    48       0.26180       0.00024
  22   20   12    48       0.26180       0.00058
  30    8    8    24       0.26180       0.00008
  26   16   10    48       0.26129     574.66229
  32    2    2    24       0.26129     574.60291
  22   22    8    24       0.26129     574.66876
  29   13    5    48       0.26091     506.76193
  31    7    5    48       0.26091     506.63098
  25   19    7    48       0.26091     506.98703
  25   17   11    48       0.26091     505.82593
  27   15    9    48       0.26091     507.02878
  26   18    6    48       0.26079     123.16936
  30   10    6    48       0.26079     123.63813
  32    4    0    24       0.26029     165.30153
  28   16    0    24       0.26029     165.32399
  24   20    8    48       0.26029     165.33533
  31    9    1    48       0.25991     129.75372
  29   11    9    48       0.25991     129.57048
  27   17    5    48       0.25991     129.61710
  23   17   15    48       0.25991     130.22685
  28   16    2    48       0.25979       0.00002
  32    4    2    48       0.25979       0.00000
  28   14    8    48       0.25979       0.00021
  24   18   12    48       0.25979       0.00056
  20   18   18    24       0.25929     574.40570
  30   12    2    48       0.25929     574.35229
  21   21   13    24       0.25892     507.16263
  23   21    9    48       0.25892     505.69089
  31    9    3    48       0.25892     506.41171
  20   20   16    24       0.25831    1230.24634
  28   16    4    48       0.25831    1230.19763
  32    4    4    24       0.25831    1230.13611
  31    7    7    24       0.25794     129.57002
  29   13    7    48       0.25794     129.49481
  23   19   13    48       0.25794     130.11972
  23   23    1    24       0.25794     129.73613
  30   12    4    48       0.25782       0.00004
  22   18   16    48       0.25733     574.12592
  26   18    8    48       0.25733     574.10815
  30   10    8    48       0.25733     574.07782
  32    6    2    48       0.25733     574.05176
  24   22    2    48       0.25733     574.10736
  23   23    3    24       0.25697     505.90262
  31    9    5    48       0.25697     505.90329
  29   15    1    48       0.25697     506.05640
  27   17    7    48       0.25697     506.59793
  25   21    1    48       0.25697     506.21008
  25   19    9    48       0.25697     505.51520
  27   13   13    24       0.25697     505.46951
  26   14   14    24       0.25685     123.97451
  22   22   10    24       0.25685     123.94773
  28   12   12    24       0.25637     165.02983
  25   21    3    48       0.25601     129.48665
  29   15    3    48       0.25601     129.69250
  25   15   15    24       0.25601     130.02081
  27   15   11    48       0.25601     129.27477
  24   20   10    48       0.25590       0.00048
  26   16   12    48       0.25590       0.00052
  32    6    4    48       0.25590       0.00001
  24   22    4    48       0.25590       0.00009
  28   16    6    48       0.25590       0.00015
  26   20    2    48       0.25542     573.82642
  22   20   14    48       0.25542     573.84735
  28   14   10    48       0.25542     573.82019
  30   12    6    48       0.25542     573.80164
  31   11    1    48       0.25507     505.97375
  19   19   19     8       0.25507     504.96747
  23   23    5    24       0.25507     506.33633
  29   11   11    24       0.25507     506.44931
  25   17   13    48       0.25507     506.76031
  32    8    0    24       0.25448    1229.32971
  24   16   16    24       0.25448    1229.42834
  25   21    5    48       0.25413     129.70328
  27   19    1    48       0.25413     129.54576
  21   19   17    48       0.25413     129.01859
  29   15    5    48       0.25413     129.34326
  31   11    3    48       0.25413     129.42174
  31    9    7    48       0.25413     129.64085
  33    1    1    24       0.25413     129.48900
  29   13    9    48       0.25413     129.75401
  23   21   11    48       0.25413     129.90524
  26   20    4    48       0.25401       0.00009
  32    8    2    48       0.25401       0.00001
  24   22    6    48       0.25355     573.55707
  24   18   14    48       0.25355     573.56830
  30   14    0    24       0.25355     573.52515
  32    6    6    24       0.25355     573.50177
  27   17    9    48       0.25320     505.16507
  33    3    1    48       0.25320     505.70633
  27   19    3    48       0.25320     505.53726
  26   18   10    48       0.25309     123.93140
  30   10   10    24       0.25309     123.15070
  30   14    2    48       0.25309     123.54078
  28   16    8    48       0.25263     164.73347
  32    8    4    48       0.25263     164.71111
  21   21   15    24       0.25229     128.93739
  31   11    5    48       0.25229     129.52992
  23   17   17    24       0.25229     128.93494
  23   23    7    24       0.25229     129.14653
  33    3    3    24       0.25229     129.41684
  25   19   11    48       0.25229     129.80466
  30   12    8    48       0.25217       0.00017
  30   14    4    48       0.25172     573.25000
  28   18    2    48       0.25172     573.26483
  26   20    6    48       0.25172     573.27643
  22   22   12    24       0.25172     573.29175
  29   15    7    48       0.25138     506.01425
  25   21    7    48       0.25138     505.05038
  23   19   15    48       0.25138     504.64203
  33    5    1    48       0.25138     505.56375
  27   19    5    48       0.25138     505.95154
  24   20   12    48       0.25082    1228.61658
  27   15   13    48       0.25048     129.71198
  31    9    9    24       0.25048     129.12767
  33    5    3    48       0.25048     129.26616
  28   18    4    48       0.25037       0.00009
  20   20   18    24       0.25037       0.00108
  32    8    6    48       0.25037       0.00005
  24   22    8    48       0.25037       0.00037
  28   14   12    48       0.25037       0.00046
