3.0075 405283.0075 7833.085543 9200 
3.0225 421647.1419 7829.158489 9950 
3.0375 410165.1075 7577.960262 10150 
3.0525 402508.1956 7688.711379 9550 
3.0675 434080.3588 7807.107842 9250 
3.0825 565455.013 8945.69411 9750 
3.0975 350284.0617 6885.06329 9250 
3.1125 372118.9812 7224.321639 9300 
3.1275 365153.3699 7022.693186 10000 
3.1425 417130.9744 7521.102946 9450 
3.1575 367558.0388 7236.562935 8750 
3.1725 365294.7295 6870.859862 8600 
3.1875 434371.5685 7596.306581 8750 
3.2025 341736.534 6671.627318 8350 
3.2175 437192.9959 7809.261803 9550 
3.2325 477706.31 7941.284095 8900 
3.2475 443323.7742 7666.891423 10050 
3.2625 398668.6441 7270.219891 9000 
3.2775 295700.828 6006.030266 8600 
3.2925 408886.9417 7286.035505 9550 
3.3075 445439.1242 7550.008181 8900 
3.3225 447462.9227 7515.937858 10100 
3.3375 321848.3209 6203.145529 8150 
3.3525 348924.4389 6736.189379 8700 
3.3675 450375.1192 7344.842385 10350 
3.3825 459189.2626 7431.975809 10300 
3.3975 298550.7336 5843.216784 8850 
3.4125 416876.6984 7007.26566 10050 
3.4275 354432.7436 6268.942021 8400 
3.4425 475798.0935 7567.748425 10350 
3.4575 350799.6223 6396.065378 9150 
3.4725 412500.2201 6944.199353 8450 
3.4875 428731.5519 6996.338235 10300 
3.5025 387516.5599 6728.135825 9350 
3.5175 325942.9702 6168.195025 8450 
3.5325 314732.0408 6004.450818 8300 
3.5475 357943.3078 6209.668754 9300 
3.5625 333895.1247 6358.906841 9700 
3.5775 353138.7727 6375.649492 9150 
3.5925 425052.9854 6902.129314 10500 
3.6075 386836.8129 6440.818731 11100 
3.6225 431677.2236 6770.579576 10550 
3.6375 449957.5224 7046.899885 10900 
3.6525 362491.5271 6310.419435 10200 
3.6675 391714.9486 6369.019942 11350 
3.6825 403436.9527 6593.308686 10500 
3.6975 355419.9318 6228.146168 9050 
3.7125 422209.9221 6661.132105 11300 
3.7275 419517.1859 6457.938627 10950 
3.7425 367981.331 6107.895869 9550 
3.7575 375911.1593 6296.22447 10050 
3.7725 383487.5835 6121.116715 9700 
3.7875 342961.8029 5794.706228 8850 
3.8025 301704.1629 5499.189438 9500 
3.8175 398073.573 6169.590648 10450 
3.8325 403093.2593 6452.683697 10150 
3.8475 348224.487 5779.186104 9750 
3.8625 416637.5838 6414.13394 10500 
3.8775 278795.0302 5113.863174 8700 
3.8925 362523.9452 5900.179115 9050 
3.9075 309454.1092 5359.824716 9550 
3.9225 354949.0593 5757.24835 11750 
3.9375 357088.7034 5718.44581 9550 
3.9525 442550.8669 6544.582434 10500 
3.9675 333757.53 5442.946494 10150 
3.9825 314668.5282 5401.670509 9900 
3.9975 293051.1413 5096.252243 8950 
4.0125 334028.902 5507.487902 9150 
4.0275 313285.9434 5266.865312 10450 
4.0425 300842.9769 5068.39522 9800 
4.0575 286084.9247 5125.445999 9350 
4.0725 322289.4795 5314.020988 9250 
4.0875 308644.8455 5221.102233 9300 
4.1025 311935.779 5182.453647 9400 
4.1175 330607.1332 5190.492573 9950 
4.1325 333434.8172 5275.986989 11050 
4.1475 266181.0599 4566.332869 9700 
4.1625 271136.8723 4695.758556 10050 
4.1775 259906.7181 4493.470836 9800 
4.1925 272996.192 4665.675358 10650 
4.2075 282985.0911 4647.671519 10200 
4.2225 285189.3165 4797.187954 10850 
4.2375 302086.3151 4959.73459 10100 
4.2525 257303.9225 4389.374579 9500 
4.2675 271340.3665 4633.918272 8400 
4.2825 274019.4689 4538.904963 9600 
4.2975 232100.1871 4252.16801 8600 
4.3125 318893.1706 4950.781498 10750 
4.3275 256514.7536 4319.882977 10300 
4.3425 252791.6659 4315.246601 8950 
4.3575 302210.3011 4744.894048 10350 
4.3725 252815.3244 4314.19648 9700 
4.3875 294621.9612 4597.617458 11250 
4.4025 216314.3953 3893.634481 9850 
4.4175 284120.2856 4452.849109 9600 
4.4325 289827.4737 4428.167048 10600 
4.4475 250965.4628 4184.31154 9500 
4.4625 292105.0708 4587.853634 9650 
4.4775 253352.3238 4212.849106 10000 
4.4925 225258.1369 4052.530876 9550 
4.5075 296050.2739 4552.536904 11500 
4.5225 223281.4071 3887.769459 9500 
4.5375 280687.2962 4321.354407 10350 
4.5525 262311.7372 4178.778929 11000 
4.5675 208373.5187 3745.861521 9600 
4.5825 266746.6166 4172.545161 10750 
4.5975 256242.6999 4006.540834 11450 
4.6125 234302.0133 3852.209324 10800 
4.6275 251723.4561 4018.450677 10850 
4.6425 196399.4912 3433.361198 9650 
4.6575 250652.8538 4002.070246 11000 
4.6725 286465.1136 4203.698985 10850 
4.6875 220166.7238 3693.06125 10050 
4.7025 206846.1866 3541.309374 9250 
4.7175 244806.2927 3871.390462 10750 
4.7325 200222.3079 3427.369091 9650 
4.7475 220675.7931 3671.256849 10150 
4.7625 207422.8462 3448.28646 9450 
4.7775 182308.8175 3276.16135 9750 
4.7925 246720.1794 3808.190472 10900 
4.8075 176238.6806 3195.253107 9600 
4.8225 241291.1067 3659.904538 9900 
4.8375 245618.1188 3698.697469 11150 
4.8525 223650.8637 3477.269215 11850 
4.8675 261139.7395 3851.994334 10650 
4.8825 202189.0702 3371.429586 9250 
4.8975 189256.3333 3166.28974 10500 
4.9125 214448.2424 3443.253935 10350 
4.9275 176392.6027 3032.139372 9400 
4.9425 249647.6734 3626.849344 11300 
4.9575 175175.6337 3066.743735 9250 
4.9725 224282.0716 3509.703089 10750 
4.9875 197893.0182 3223.767472 9900 
5.0025 183433.5512 3154.275992 8150 
5.0175 132938.8333 2543.279069 8950 
5.0325 186355.2498 3017.595557 10450 
5.0475 154534.4661 2740.599181 9500 
5.0625 161689.9409 2823.517119 9050 
5.0775 186673.2224 3101.524327 9600 
5.0925 180233.452 2963.164954 10100 
5.1075 178633.0088 3005.993099 9950 
5.1225 150320.6822 2730.6612 9350 
5.1375 189245.9964 3027.485469 10700 
5.1525 149452.4773 2645.253876 9300 
5.1675 182461.8634 2941.478018 9800 
5.1825 164889.8086 2764.320157 10200 
5.1975 201875.4827 3021.81585 10350 
5.2125 138612.9027 2515.933249 8900 
5.2275 175260.6424 2833.529079 9550 
5.2425 154604.398 2673.516729 9300 
5.2575 158093.7491 2633.080869 9800 
5.2725 157626.5693 2647.9797 10050 
5.2875 166365.4647 2704.003642 9600 
5.3025 175400.4798 2811.894358 10250 
5.3175 148022.238 2570.452756 9750 
5.3325 150591.9088 2540.426996 9500 
5.3475 144027.137 2464.915905 10700 
5.3625 153638.7016 2466.797775 12400 
5.3775 93863.76882 1932.303958 9150 
5.3925 138781.3804 2435.561581 9150 
5.4075 131856.592 2316.280621 8750 
5.4225 101348.6041 1972.078926 8600 
5.4375 177603.414 2663.810805 10650 
5.4525 112577.0255 2112.387544 8500 
5.4675 132211.9237 2266.050754 9050 
5.4825 177944.2859 2641.910375 11000 
5.4975 126856.2741 2212.044375 10050 
5.5125 145680.5379 2355.114512 11050 
5.5275 157914.4792 2450.340353 9550 
5.5425 146151.239 2336.613308 9250 
5.5575 144422.7573 2314.276704 10200 
5.5725 128148.6247 2161.727186 9300 
5.5875 129248.746 2166.994334 8800 
5.6025 176766.2309 2575.406955 10850 
5.6175 140218.9431 2245.90654 10050 
5.6325 113935.1771 2007.108485 9400 
5.6475 115436.5921 2042.895613 8800 
5.6625 151047.4323 2344.350106 11350 
5.6775 115685.8636 2048.641742 9300 
5.6925 138849.5727 2230.890801 9300 
5.7075 94434.30108 1740.21062 8650 
5.7225 111592.412 1939.075201 9250 
5.7375 126521.0287 2051.183133 10850 
5.7525 128152.5447 2071.850055 10650 
5.7675 122360.3706 1984.610445 10250 
5.7825 152321.2155 2251.508856 11200 
5.7975 124558.3151 2032.467347 9800 
5.8125 101753.9705 1816.323368 9750 
5.8275 128709.842 2068.241244 10700 
5.8425 133835.2898 2050.785599 10050 
5.8575 155091.7514 2234.285786 11450 
5.8725 85117.52276 1639.191244 8600 
5.8875 114995.5579 1875.432727 9850 
5.9025 114360.6046 1871.534269 11100 
5.9175 94785.24079 1691.213191 10250 
5.9325 134341.4851 2001.486419 10800 
5.9475 120498.3523 1914.881578 9750 
5.9625 144308.9417 2074.775574 10700 
5.9775 113425.3354 1843.890305 10150 
5.9925 117798.5911 1873.193769 10150 
6.0075 101635.9307 1717.643936 9050 
6.0225 131610.9829 1951.542796 10300 
6.0375 98241.89115 1651.198485 9950 
6.0525 99809.16719 1678.951146 8950 
6.0675 101490.332 1670.975599 10400 
6.0825 108424.9586 1750.475177 9900 
6.0975 84521.80616 1502.903781 9300 
6.1125 100593.774 1662.626968 9800 
6.1275 96849.9073 1647.350716 9400 
6.1425 88082.7364 1514.676487 9100 
6.1575 113429.3654 1730.553088 10050 
6.1725 109041.309 1704.136104 10300 
6.1875 102008.9502 1657.385367 9100 
6.2025 76265.21851 1369.887319 8600 
6.2175 83935.45167 1475.82251 9600 
6.2325 94247.77279 1548.44221 10750 
6.2475 84778.5415 1455.983269 10050 
6.2625 97668.09989 1566.876651 8950 
6.2775 92522.17726 1524.786774 9950 
6.2925 114555.7447 1714.777853 10700 
6.3075 83817.55912 1436.476227 9650 
6.3225 85777.47818 1424.397627 9950 
6.3375 92253.95536 1462.581926 10200 
6.3525 110328.1509 1634.004854 10700 
6.3675 107233.5629 1591.602475 11250 
6.3825 78757.21017 1350.371929 9050 
6.3975 104184.8723 1573.390779 10200 
6.4125 75408.11709 1322.189602 9650 
6.4275 66303.5942 1231.324906 9200 
6.4425 87467.39716 1423.477978 9850 
6.4575 63570.11118 1193.893582 9600 
6.4725 91546.87893 1451.519006 9850 
6.4875 82087.24918 1358.579768 9900 
6.5025 89981.01603 1411.798522 10400 
6.5175 75931.02194 1281.670663 8850 
6.5325 87944.8708 1398.971663 9800 
6.5475 88205.6636 1376.788689 11200 
6.5625 72917.92149 1236.24149 9250 
6.5775 83412.584 1326.402262 10650 
6.5925 67519.58737 1179.902025 9550 
6.6075 75552.4129 1268.875484 9200 
6.6225 70669.61272 1200.697338 9350 
6.6375 82395.11101 1295.620418 10100 
6.6525 67032.09346 1165.10286 9900 
6.6675 82988.31658 1293.023023 10300 
6.6825 67685.25828 1156.691203 9200 
6.6975 67355.83801 1124.52884 10400 
6.7125 71049.3345 1183.956239 9950 
6.7275 58088.62449 1066.564291 9850 
6.7425 69578.95922 1151.869895 9800 
6.7575 77313.26607 1225.527473 9450 
6.7725 63110.71242 1093.98498 9100 
6.7875 67645.57341 1105.166396 9850 
6.8025 76741.71418 1195.648717 10900 
6.8175 55846.01157 1003.578963 9700 
6.8325 58152.51214 1019.134323 8850 
6.8475 75420.58015 1185.448526 10100 
6.8625 71067.32614 1115.880488 9750 
6.8775 67761.98776 1089.641101 9900 
6.8925 74057.67027 1161.600942 9300 
6.9075 73686.69067 1125.092213 10300 
6.9225 56985.07019 992.8134599 9850 
6.9375 69029.96673 1103.822221 10150 
6.9525 59367.44495 1009.942075 9900 
6.9675 71052.88107 1099.153469 10650 
6.9825 52002.9597 930.2193769 9050 
6.9975 54031.7099 938.1732091 10250 
7.0125 64108.02534 1036.46773 10350 
7.0275 59600.04119 984.9455576 9950 
7.0425 57062.86491 966.8446416 10100 
7.0575 57481.49148 964.1493811 9600 
7.0725 54584.25592 927.2587932 9800 
7.0875 64031.63506 1033.845611 8850 
7.1025 64779.6332 1012.113559 9850 
7.1175 60348.46062 966.0256691 10550 
7.1325 55073.328 922.7971024 9750 
7.1475 61158.83694 967.4572925 9800 
7.1625 64624.05372 1006.964337 9650 
7.1775 57464.65539 925.8735845 10150 
7.1925 60902.96729 954.7480067 10450 
7.2075 63340.15438 979.6463671 9600 
7.2225 65456.47388 987.8143618 10450 
7.2375 53262.3639 880.6794303 9950 
7.2525 59195.75719 932.363923 10450 
7.2675 49776.45203 852.2375942 10450 
7.2825 49136.57022 839.399741 9000 
7.2975 48761.57765 832.5058046 9800 
7.3125 48951.63064 825.3576083 9800 
7.3275 61085.813 925.2337621 10700 
7.3425 54243.44051 870.0700332 10700 
7.3575 63241.84576 933.1783179 10700 
7.3725 47012.5338 806.3701326 10400 
7.3875 56497.65435 881.8145349 11000 
7.4025 53813.1498 846.5786494 10400 
7.4175 62364.60503 925.8948948 10700 
7.4325 39804.58756 717.0364387 8950 
7.4475 46470.13687 783.5179304 10000 
7.4625 53775.36135 848.8564148 10050 
7.4775 52962.26755 817.0923007 9850 
7.4925 41278.55935 727.782657 9150 
7.5075 45743.23 764.0436258 9450 
7.5225 52201.29558 804.421133 10750 
7.5375 47754.84333 759.9137516 9950 
7.5525 44325.3296 750.2097999 10050 
7.5675 38492.68605 688.7553942 8700 
7.5825 53783.50236 816.6510151 10350 
7.5975 60760.84662 868.672876 9850 
7.6125 37514.65188 657.9399493 8800 
7.6275 39886.17023 686.4639249 9500 
7.6425 48006.77951 755.1336747 10350 
7.6575 41517.7021 686.7026088 10100 
7.6725 40600.17665 681.9682076 9700 
7.6875 34098.20942 615.4150548 8750 
7.7025 37076.77694 639.515655 9500 
7.7175 34123.77652 625.587229 9150 
7.7325 43089.13277 696.0772427 9850 
7.7475 50471.4659 751.0344084 11600 
7.7625 43168.08335 701.9877014 10650 
7.7775 49725.12571 743.5081271 10550 
7.7925 43249.88183 683.8402924 10400 
7.8075 39584.84763 656.8707989 9850 
7.8225 46131.41562 707.5805552 10100 
7.8375 36213.28916 630.655989 8500 
7.8525 41691.5692 673.2766608 9850 
7.8675 36012.10245 606.2551465 10100 
7.8825 43364.84203 684.4209536 10450 
7.8975 38143.85139 633.2821334 9350 
7.9125 48992.24591 718.8671217 10150 
7.9275 40137.97927 645.7216055 9450 
7.9425 34755.91249 602.8602268 9700 
7.9575 31343.31018 573.3190726 8250 
7.9725 37566.69347 624.2870775 9400 
7.9875 38020.5981 620.8165281 8650 
8.0025 40283.19418 637.1499522 9150 
8.0175 44878.7318 676.8469884 10550 
8.0325 32607.07878 564.8354194 8800 
8.0475 31373.66047 546.8303203 10000 
8.0625 33719.43802 573.9897658 9750 
8.0775 38191.80408 599.5619863 11350 
8.0925 34272.57351 572.470811 10000 
8.1075 37906.53335 595.4008357 10100 
8.1225 35424.57011 580.3819165 9300 
8.1375 44618.38087 653.3400728 11600 
8.1525 33693.7874 557.8758931 9600 
8.1675 31222.74751 524.9514298 9950 
8.1825 36671.42752 582.8511502 10850 
8.1975 36262.17606 578.3179631 10300 
8.2125 35113.49652 561.0004366 10450 
8.2275 41151.0212 612.8680594 10300 
8.2425 33813.45381 548.9274821 9700 
8.2575 36168.35856 562.1551205 10250 
8.2725 26519.94382 474.3398211 9900 
8.2875 31263.23346 518.8127097 8850 
8.3025 34414.08707 548.1817669 10950 
8.3175 30537.22916 501.6791149 9400 
8.3325 26213.17834 461.6120879 9650 
8.3475 31773.13444 523.9943637 9000 
8.3625 28743.13899 483.2394548 9300 
8.3775 31932.35098 519.2670789 9750 
8.3925 25941.05803 460.7002088 8900 
8.4075 29415.78678 488.050185 9150 
8.4225 28071.79625 477.6476074 9550 
8.4375 30521.53605 498.4891468 10250 
8.4525 34746.30572 533.1942207 9950 
8.4675 28122.53562 470.1689032 9300 
8.4825 25063.3367 456.4905509 8400 
8.4975 37556.36761 555.6783917 10100 
8.5125 31479.62045 495.3587014 10250 
8.5275 28702.15052 466.7641864 10200 
8.5425 26365.89526 449.2787622 9150 
8.5575 34354.87346 515.381562 10850 
8.5725 28893.94726 466.9466955 9550 
8.5875 28680.82798 466.3997806 10600 
8.6025 31957.66837 491.9493632 10250 
8.6175 26100.40522 445.084813 9650 
8.6325 23322.4273 410.2024112 10050 
8.6475 31363.00103 472.82058 11050 
8.6625 28863.57696 454.0968851 10650 
8.6775 28150.03841 457.5966455 9850 
8.6925 25976.96133 435.641193 9750 
8.7075 26878.80458 436.5674641 10450 
8.7225 27649.88683 445.3479662 10150 
8.7375 23088.01222 403.3924002 9650 
8.7525 30695.78434 461.7238025 10250 
8.7675 23025.09377 399.4921523 9650 
8.7825 26779.28504 425.0204134 9350 
8.7975 26584.19939 420.6522291 10400 
8.8125 20596.58584 364.3044185 10050 
8.8275 25023.30437 412.8793539 10100 
8.8425 35299.12107 495.3605915 11050 
8.8575 27380.88182 430.2410746 9800 
8.8725 22949.95468 392.8159689 10050 
8.8875 22165.58366 385.5617059 8250 
8.9025 24668.29924 404.9821896 10100 
8.9175 24170.22768 400.7892835 9600 
8.9325 24592.07417 391.2845509 11100 
8.9475 27737.60488 423.620272 11100 
8.9625 21973.83391 375.4231883 9050 
8.9775 26789.59186 417.9515917 9850 
8.9925 24464.49166 393.1681265 9650 
9.0075 22205.85108 360.2090195 10700 
9.0225 29492.88149 427.7344413 11550 
9.0375 27118.53657 411.8319137 10600 
9.0525 20143.42607 347.0237722 9400 
9.0675 25655.09298 392.2842355 10100 
9.0825 20612.40444 345.1945506 10200 
9.0975 24003.99159 378.8988413 10200 
9.1125 24911.16068 387.6219694 9650 
9.1275 23777.80491 375.9080808 11000 
9.1425 27464.64887 408.2839879 10750 
9.1575 22292.05791 356.4199018 10500 
9.1725 23472.47002 369.3797652 9200 
9.1875 18657.03085 319.091993 9550 
9.2025 18519.73888 321.2732999 10250 
9.2175 23914.0791 369.4653821 10150 
9.2325 22110.0535 349.5153063 10350 
9.2475 22367.77581 359.3601774 9900 
9.2625 18671.49613 321.1465767 9650 
9.2775 23592.67529 362.333355 10250 
9.2925 21764.35578 347.791955 9600 
9.3075 20776.10318 333.0831991 10400 
9.3225 17304.99576 307.0617097 9150 
9.3375 19137.52889 321.4934569 9600 
9.3525 15810.83995 289.2088824 9350 
9.3675 17419.97793 300.0588205 9550 
9.3825 20422.75239 321.160834 9750 
9.3975 20505.18777 323.9622486 10050 
9.4125 21730.0136 333.6418326 10400 
9.4275 19682.68714 322.712026 9150 
9.4425 21667.48667 334.3726635 10250 
9.4575 19730.24173 315.3500241 10450 
9.4725 14190.34532 265.967632 8950 
9.4875 15294.80611 276.5815478 7800 
9.5025 19707.4572 315.1141581 10650 
9.5175 15662.38078 278.0293362 9500 
9.5325 18630.84098 303.9771447 9450 
9.5475 17542.38184 288.5340678 10250 
9.5625 19960.22581 318.2694376 9350 
9.5775 21928.57972 330.53059 10250 
9.5925 20097.60547 306.9081447 10900 
9.6075 20102.41338 305.5133163 10600 
9.6225 16029.50136 277.1232298 9350 
9.6375 18103.89442 295.560389 10050 
9.6525 17011.90647 281.418725 9650 
9.6675 18121.89701 285.5401273 10100 
9.6825 14628.3749 252.0478651 8800 
9.6975 18536.74059 297.0001969 10000 
9.7125 17239.75742 280.0765269 10050 
9.7275 17101.14575 281.0328982 9350 
9.7425 16495.33233 273.4979433 10200 
9.7575 20409.29509 307.3919408 10150 
9.7725 16668.10537 276.1661274 9550 
9.7875 21097.86329 312.2504728 10850 
9.8025 17153.19423 275.0067053 10300 
9.8175 17299.35693 279.8262655 9750 
9.8325 16323.748 265.1720749 9400 
9.8475 19539.51587 293.9485383 9950 
9.8625 13125.40688 237.2105441 8550 
9.8775 14822.74078 248.1918949 9650 
9.8925 18145.24399 278.1085824 9250 
9.9075 17877.08712 277.9010503 10300 
9.9225 15594.97609 256.3258723 9550 
9.9375 16562.20958 267.1450454 9400 
9.9525 15232.18428 250.3672713 9350 
9.9675 13403.92523 233.8155635 10250 
9.9825 13495.84627 230.890069 8700 
9.9975 16094.6823 256.2417834 10050 
10.0125 16410.67067 259.3058162 9100 
10.0275 16725.93646 260.4101805 10550 
10.0425 17357.40919 265.0685988 11700 
10.0575 13196.25344 222.280791 10100 
10.0725 17471.66617 261.0756203 10850 
10.0875 15838.31644 246.910378 9650 
10.1025 13443.82526 232.2201693 9500 
10.1175 13879.54564 226.3964306 9950 
10.1325 15382.70028 244.947128 10950 
10.1475 17195.43997 255.5265062 10250 
10.1625 15553.60082 243.8834218 10550 
10.1775 16702.82789 252.1647246 10300 
10.1925 14820.25126 234.6637946 10250 
10.2075 14596.76339 234.2683431 9650 
10.2225 13721.20561 227.0896557 10250 
10.2375 12736.56336 217.7903293 10150 
10.2525 16041.29816 246.138051 9850 
10.2675 14797.97679 231.3520606 11300 
10.2825 16744.12864 245.3099941 10400 
10.2975 14631.32989 232.2463914 10050 
10.3125 12631.44503 217.953671 8400 
10.3275 12890.55983 214.0173324 9900 
10.3425 14811.06872 230.8814583 10050 
10.3575 11789.74365 204.4348381 9450 
10.3725 12596.43724 214.1504994 9300 
10.3875 12365.22671 207.7193135 10050 
10.4025 13016.65418 211.3413725 10450 
10.4175 10117.2377 183.2071288 8500 
10.4325 12988.82162 207.2426112 10000 
10.4475 13714.69269 215.9676056 10600 
10.4625 14197.34679 217.9927202 10200 
10.4775 11690.23418 197.1005653 9700 
10.4925 13495.21373 216.6373956 9700 
10.5075 15947.90881 229.457769 10300 
10.5225 14792.40312 222.941184 10850 
10.5375 10012.31035 180.7525478 9250 
10.5525 12544.89712 202.0298354 9950 
10.5675 12362.36218 202.1400739 9400 
10.5825 12247.97468 196.6867215 9700 
10.5975 11479.99969 194.2300086 9750 
10.6125 12008.32748 194.9316845 9500 
10.6275 8736.713317 162.7484349 8800 
10.6425 11707.16915 192.3509958 8250 
10.6575 11842.37453 187.4917535 10800 
10.6725 12629.23201 199.5534331 9800 
10.6875 11359.35864 185.6118843 9750 
10.7025 10717.11465 180.2939632 8150 
10.7175 12366.7867 197.3524002 10450 
10.7325 13819.84052 207.1542314 10700 
10.7475 9781.620666 172.453527 9150 
10.7625 9544.600893 166.5312262 9300 
10.7775 9675.894985 168.2874964 8950 
10.7925 10133.93646 174.0474009 9950 
10.8075 11521.79411 181.9564667 10350 
10.8225 11715.47025 185.5057572 9650 
10.8375 10023.52843 168.0256499 9650 
10.8525 10923.14552 176.2282777 10000 
10.8675 9915.214838 167.1006156 9400 
10.8825 9422.111154 162.1274628 9150 
10.8975 13142.22372 194.4882901 11150 
10.9125 10380.3632 172.2641401 9250 
10.9275 9905.967056 165.2619419 9250 
10.9425 11155.82369 179.5296258 9150 
10.9575 11286.64344 178.0863384 9950 
10.9725 13260.82652 192.3507337 10700 
10.9875 9534.393948 161.1345211 9200 
11.0025 9474.201322 159.5752061 10200 
11.0175 8910.261832 155.8509665 9550 
11.0325 10846.47203 172.3715241 10000 
11.0475 10457.93744 168.8298304 9800 
11.0625 9209.105283 156.3171322 9550 
11.0775 10264.31303 167.127017 10150 
11.0925 12401.7333 181.4753319 10750 
11.1075 10669.81963 167.0582733 10600 
11.1225 9616.887537 156.5525099 11200 
11.1375 9779.04035 156.8875554 10300 
11.1525 9558.71994 156.4314255 10400 
11.1675 8519.778545 146.5725649 9250 
11.1825 9208.791509 154.0288512 9000 
11.1975 10273.3021 161.5018257 9250 
11.2125 10021.76049 160.9042603 9850 
11.2275 12722.78986 180.9078907 11050 
11.2425 9252.560549 151.8939807 9400 
11.2575 10273.19363 159.2357603 9600 
11.2725 11387.92059 170.1184199 11350 
11.2875 8550.296115 145.9390117 9000 
11.3025 7317.40103 130.5673924 10200 
11.3175 8455.272881 139.6488269 10350 
11.3325 9871.506317 154.3963725 10150 
11.3475 10288.83216 157.0415398 11200 
11.3625 8917.249912 147.6458723 9150 
11.3775 8338.743028 139.6409695 9450 
11.3925 8062.814862 137.601912 9000 
11.4075 8829.892593 145.4246388 9850 
11.4225 7250.719004 129.4343819 9450 
11.4375 6979.105551 124.5417159 9600 
11.4525 9954.550863 151.4669349 10350 
11.4675 7314.146853 129.1556043 8750 
11.4825 7990.65241 134.0228115 9250 
11.4975 9490.916755 148.8752141 10050 
11.5125 9293.751407 144.2360719 9800 
11.5275 8413.804022 137.4888389 9550 
11.5425 8150.398291 135.5098951 9150 
11.5575 9696.877027 146.4108971 10300 
11.5725 8783.041134 137.7200573 10400 
11.5875 8343.829464 133.6436202 10150 
11.6025 9705.988725 145.6726022 11150 
11.6175 8121.615035 130.391817 9950 
11.6325 8500.890112 136.022396 9900 
11.6475 7260.503774 123.6300475 9200 
11.6625 9051.56803 139.6401651 9750 
11.6775 8087.569386 130.3673487 9950 
11.6925 7468.664772 124.1032285 10450 
11.7075 6957.524689 120.8287083 9350 
11.7225 8035.386502 130.9615725 8900 
11.7375 8812.53783 135.0774243 10650 
11.7525 8600.168844 134.0054439 9850 
11.7675 9823.678674 143.0755504 10800 
11.7825 8833.737212 134.8535485 9900 
11.7975 6483.485216 113.7306281 8600 
11.8125 8914.080333 134.5739405 10100 
11.8275 6829.235764 115.9308066 9250 
11.8425 7473.173899 119.7551528 9600 
11.8575 7540.874071 121.0800267 9950 
11.8725 9156.402094 136.4649152 11100 
11.8875 7392.978338 118.2505631 9950 
11.9025 6917.999672 116.4810448 9450 
11.9175 7018.267466 118.1972795 9300 
11.9325 7429.938008 119.0848745 9150 
11.9475 7711.964877 121.8464068 10400 
11.9625 7058.482224 116.1615639 9350 
11.9775 6825.706965 115.9422141 9150 
11.9925 6949.223518 114.794171 9100 
12.0075 7604.505894 122.1513431 9900 
12.0225 7031.309807 112.8335831 9950 
12.0375 6883.989842 111.7525313 9450 
12.0525 6243.862328 106.396395 8750 
12.0675 6947.281564 110.6297009 9650 
12.0825 6344.296799 105.7610267 9200 
12.0975 7108.034548 112.7432838 11650 
12.1125 6966.840824 113.3677669 9350 
12.1275 7008.224197 114.0328984 9950 
12.1425 7152.513355 112.817911 9300 
12.1575 7884.15487 117.6782452 10750 
12.1725 6124.516967 103.4817997 9950 
12.1875 7380.523753 113.6643112 10250 
12.2025 5417.536953 95.94613479 8900 
12.2175 6317.274809 103.7748632 9900 
12.2325 6654.141762 106.8332639 10650 
12.2475 5164.571665 94.41122241 8150 
12.2625 6827.815532 108.7334123 10800 
12.2775 6766.736217 107.5278029 9250 
12.2925 6861.59853 108.1999701 10700 
12.3075 6501.576397 102.4928179 11250 
12.3225 6509.623594 105.9083889 9300 
12.3375 6917.366957 107.1363799 10850 
12.3525 6351.118139 99.99734335 9950 
12.3675 6454.530255 100.114072 10250 
12.3825 6874.889975 105.7313833 11000 
12.3975 7504.414828 111.0567407 11100 
12.4125 5745.195675 95.37132577 9250 
12.4275 7063.712135 106.7443236 10300 
12.4425 6858.472748 104.995422 9700 
12.4575 7359.017791 107.0209899 11050 
12.4725 5240.657176 90.44965833 8400 
12.4875 5355.606762 91.34497888 9700 
12.5025 6069.309343 97.37277082 9250 
12.5175 5312.133156 89.46281756 9300 
12.5325 6069.538072 98.47921854 10050 
12.5475 4846.404815 84.68277497 9350 
12.5625 7485.89154 106.3053985 10750 
12.5775 6731.566257 102.0873758 10100 
12.5925 6293.33778 97.0263138 11450 
12.6075 6102.242531 94.54782544 9350 
12.6225 6507.313872 99.95545637 10500 
12.6375 6451.421356 96.46175335 10550 
12.6525 5679.711719 91.29161088 10300 
12.6675 5470.454751 90.25364342 10600 
12.6825 6377.821818 98.00603076 9750 
12.6975 5438.233855 88.17032689 9500 
12.7125 6408.674712 96.8589971 9850 
12.7275 5666.242843 89.58582858 9750 
12.7425 6021.290198 93.48929532 9850 
12.7575 4572.051257 80.08766806 8950 
12.7725 6030.427611 90.60118392 10900 
12.7875 5722.836276 87.35737182 10650 
12.8025 4666.569404 79.62532329 9450 
12.8175 5960.640139 91.59734262 9800 
12.8325 4756.938888 81.48572677 9450 
12.8475 4762.197306 80.67772422 9550 
12.8625 5076.737873 84.09436435 9450 
12.8775 4774.048899 79.87463478 10350 
12.8925 5268.732192 84.14583787 9900 
12.9075 4474.759125 76.48824698 8500 
12.9225 4495.583133 76.37445663 10300 
12.9375 4947.080278 81.54235133 9000 
12.9525 4932.955069 81.37499593 10150 
12.9675 5908.771782 90.4685607 10500 
12.9825 3910.112536 67.84435869 10500 
12.9975 5490.639915 84.42028583 10650 
13.0125 4243.94875 72.2435476 10550 
13.0275 6358.081067 92.15512334 9500 
13.0425 5244.384113 84.72829461 9800 
13.0575 5071.763481 79.09675912 10500 
13.0725 5906.483964 85.60610859 10550 
13.0875 4860.430102 78.5687415 9650 
13.1025 4089.577309 70.11113237 9900 
13.1175 4433.629139 72.92612621 9700 
13.1325 4079.910319 71.57028449 9550 
13.1475 5387.370485 82.75352378 9750 
13.1625 3855.447224 68.58392299 9650 
13.1775 4627.825594 74.26470612 9200 
13.1925 5001.723364 76.98742154 10050 
13.2075 5316.456437 81.2031722 9900 
13.2225 3878.464557 67.44306282 9550 
13.2375 3821.89121 66.96232646 9450 
13.2525 4920.271738 76.0728711 10200 
13.2675 4676.311344 75.47274138 10150 
13.2825 5197.469687 79.19891835 9650 
13.2975 4838.65635 76.28043413 11000 
13.3125 4483.145675 72.98399906 9050 
13.3275 4704.288208 72.61163158 10050 
13.3425 5197.742746 77.66744146 10250 
13.3575 4499.471209 71.43093591 10600 
13.3725 4551.765883 71.61180193 10200 
13.3875 4295.368116 69.9259486 9450 
13.4025 4033.043022 66.57949995 9450 
13.4175 4291.233119 68.96795862 9800 
13.4325 4592.083302 73.08946048 9250 
13.4475 4606.660288 70.1183707 10950 
13.4625 3637.171971 63.45143517 9650 
13.4775 4977.442692 74.85050902 9900 
13.4925 4485.643066 70.71307037 10050 
13.5075 4761.09412 72.09255447 10150 
13.5225 3956.213231 65.90008515 8950 
13.5375 4572.807475 69.96366578 9250 
13.5525 4309.435258 66.58032444 10800 
13.5675 4414.794469 69.52065668 10350 
13.5825 4429.039758 70.37657548 9550 
13.5975 3828.004844 63.47649971 9300 
13.6125 3767.905857 62.20994823 9400 
13.6275 3451.077652 59.19029954 9550 
13.6425 4068.773745 62.99538264 10200 
13.6575 4502.139626 67.63716815 10650 
13.6725 4137.164247 65.23037658 10400 
13.6875 3768.733475 62.49421637 9450 
13.7025 3637.820314 60.81638998 9250 
13.7175 3617.716119 61.36061526 8050 
13.7325 3632.274989 60.66350958 9750 
13.7475 3904.04517 62.95439215 9950 
13.7625 4318.569147 65.81234055 9000 
13.7775 3677.744799 59.91760763 9300 
13.7925 4326.056634 65.07150723 10650 
13.8075 4621.128924 68.03258264 10300 
13.8225 3993.488838 62.43429676 10600 
13.8375 4313.053835 63.09611975 11200 
13.8525 4044.968084 62.34595548 9500 
13.8675 4731.450802 67.59153897 11300 
13.8825 3365.400725 55.57710219 8900 
13.8975 3470.147258 56.70825321 9750 
13.9125 3253.003043 53.59123216 9850 
13.9275 2731.300786 50.16895301 8350 
13.9425 3639.367165 57.91050809 9650 
13.9575 3426.025173 56.43675576 9400 
13.9725 4383.376765 65.10815405 10150 
13.9875 3960.831723 61.24883318 10250 
14.0025 3920.078772 60.81165601 9750 
14.0175 3256.64989 54.00864694 9350 
14.0325 3742.993456 59.40976929 9300 
14.0475 3987.948112 59.88574551 10150 
14.0625 3294.403688 54.29290321 9400 
14.0775 3878.18235 58.56327123 10500 
14.0925 3321.892028 52.87711075 10750 
14.1075 3579.679628 56.18144325 8650 
14.1225 3990.724743 58.82007892 10650 
14.1375 3860.603674 58.3942672 9850 
14.1525 3520.103506 55.62877083 9200 
14.1675 3342.692163 54.65117346 9700 
14.1825 3447.295703 53.85652859 9500 
14.1975 3327.945722 54.88302269 9400 
14.2125 3197.447595 51.04559703 9600 
14.2275 3013.326327 49.91612977 9250 
14.2425 2785.99925 47.98830586 8500 
14.2575 3244.956119 50.16325913 10000 
14.2725 3159.048735 49.67642357 10150 
14.2875 2813.773784 48.58081748 9000 
14.3025 3018.658492 50.77337074 8450 
14.3175 3135.445828 50.35574635 9300 
14.3325 4007.054092 57.55810458 10850 
14.3475 3033.375569 49.0604558 9150 
14.3625 3452.310942 51.57515491 10400 
14.3775 3120.654296 50.2826496 9700 
14.3925 2723.399119 46.32464971 8900 
14.4075 2958.279136 46.87814104 9150 
14.4225 3927.061213 56.83786314 11050 
14.4375 2940.558959 47.36353542 9900 
14.4525 3742.219029 54.39992998 10450 
14.4675 3687.471277 53.45964134 10250 
14.4825 3448.456122 51.34515294 10350 
14.4975 3426.269217 51.69278111 9300 
14.5125 3504.402429 51.51645997 10350 
14.5275 3354.442086 50.4886332 9950 
14.5425 3736.818549 53.73527849 10450 
14.5575 3419.094007 50.96898004 10600 
14.5725 3499.973158 51.0539854 10100 
14.5875 3412.768578 50.53265552 11050 
14.6025 3001.970124 47.68044127 8700 
14.6175 3356.691986 50.42786013 8800 
14.6325 3383.381346 49.78447876 10100 
14.6475 2894.32846 46.46507199 9400 
14.6625 2575.736918 43.21719582 8450 
14.6775 2899.187989 44.98520626 10200 
14.6925 3109.475932 47.57671866 9400 
14.7075 2343.159399 40.7390358 7750 
14.7225 2367.549788 40.36729856 9350 
14.7375 3041.541889 46.01929183 10550 
14.7525 2240.025082 37.65718081 8450 
14.7675 2548.363873 41.48744576 9300 
14.7825 2853.838662 43.99664541 9000 
14.7975 3071.922802 46.95706437 8650 
14.8125 2630.09374 40.80815483 10000 
14.8275 2831.492147 43.40542261 9400 
14.8425 2555.532915 41.62429179 9300 
14.8575 2343.418341 39.39941784 7850 
14.8725 2836.355341 44.69942531 8850 
14.8875 2446.953244 40.35217564 9150 
14.9025 2617.241247 41.45205362 8700 
14.9175 2672.920279 41.33979948 8700 
14.9325 2540.415556 40.74321457 8950 
14.9475 2696.131493 42.05342552 9050 
14.9625 2382.429833 38.9731198 8850 
14.9775 2677.041038 41.36687099 9500 
14.9925 2515.835577 39.93702198 8250 
15.0075 2281.332511 37.94774718 7950 
15.0225 2806.560373 41.89616526 8900 
15.0375 2290.89946 37.93466761 8250 
15.0525 2165.969182 37.75205995 7700 
15.0675 2626.937019 39.52069841 9550 
15.0825 2578.381561 39.60463737 9300 
15.0975 2188.406529 36.98050715 8550 
15.1125 2591.217341 39.60158486 8450 
15.1275 2708.016107 40.88112914 9650 
15.1425 2098.90587 35.67734998 7750 
15.1575 2497.131938 38.7524821 9300 
15.1725 2366.497349 37.21452401 8700 
15.1875 2503.265797 38.65721497 8800 
15.2025 2157.27814 35.3135882 8300 
15.2175 2193.933637 36.07960615 8200 
15.2325 2746.373304 40.12015509 9400 
15.2475 2648.807849 39.30599431 8350 
15.2625 2502.595086 38.49533471 8250 
15.2775 2465.184258 38.50137706 8150 
15.2925 2334.884852 36.57589752 8800 
15.3075 2311.137429 36.74672159 7800 
15.3225 2364.665121 37.06456812 7750 
15.3375 2418.325971 37.51304222 8250 
15.3525 2197.710229 35.14744312 7850 
15.3675 2324.42012 35.71008925 8300 
15.3825 2005.199916 33.30874058 7200 
15.3975 2508.30344 37.42956673 9050 
15.4125 2675.481116 39.47064045 8850 
15.4275 2474.978699 37.16021743 8700 
15.4425 1894.230483 32.3501309 7650 
15.4575 1999.000436 32.47840902 8050 
15.4725 2716.679101 39.00386419 9150 
15.4875 2719.536981 39.13466614 9000 
15.5025 1665.566633 29.02700905 7150 
15.5175 2111.737741 33.87138563 8500 
15.5325 2084.658899 32.45524558 8750 
15.5475 2138.238659 33.68352333 7850 
15.5625 2028.840745 32.13067987 7150 
15.5775 2199.252708 34.12846652 7700 
15.5925 2161.488326 33.79993969 8000 
15.6075 1940.579445 32.13917175 7200 
15.6225 2033.73676 31.64891548 7800 
15.6375 2429.497979 35.57111808 7950 
15.6525 1850.146118 30.21709115 7150 
15.6675 1869.671067 30.89452288 6400 
15.6825 1947.401631 31.01929119 6850 
15.6975 2414.778545 35.12423407 8050 
15.7125 1911.842376 30.87961506 6750 
15.7275 1932.247083 30.68430992 8050 
15.7425 1696.461145 29.45160525 7050 
15.7575 2200.346163 33.43642192 7250 
15.7725 2171.346746 32.45368529 7900 
15.7875 2037.008155 31.06807489 7750 
15.8025 2171.210534 32.33088869 7700 
15.8175 2181.862145 33.06161172 7400 
15.8325 1594.806069 26.52505449 6900 
15.8475 1597.292264 27.93726608 6400 
15.8625 2213.73664 32.21499478 8250 
15.8775 1910.680346 30.27208284 6700 
15.8925 1931.615405 29.82194217 6900 
15.9075 2166.070316 32.36180575 7700 
15.9225 1893.076623 30.00409346 6600 
15.9375 1872.980205 29.64647879 6850 
15.9525 2101.615355 31.55915508 7350 
15.9675 1972.041117 30.28415424 7050 
15.9825 1516.493982 26.22142818 5650 
15.9975 2036.631822 31.34647366 6500 
16.0125 2043.295541 30.44729432 7950 
16.0275 1877.359261 28.44872706 8100 
16.0425 2115.070645 30.93147354 8150 
16.0575 1794.263431 28.78818421 6750 
16.0725 1490.33998 25.12963426 6100 
16.0875 1726.871988 27.5387941 6650 
16.1025 1885.402412 28.6750994 6750 
16.1175 1871.860566 28.41722804 7900 
16.1325 2406.846895 32.44560701 8350 
16.1475 1723.535372 27.10191183 7150 
16.1625 1836.096336 28.33678456 6700 
16.1775 1661.413006 26.80028706 6350 
16.1925 1540.978529 25.67864224 6250 
16.2075 1654.514481 26.15407908 6200 
16.2225 1772.244535 27.51260769 6900 
16.2375 1725.010449 26.42019333 6900 
16.2525 1825.308559 27.98553467 6800 
16.2675 1701.749044 26.73625488 6250 
16.2825 1811.298781 28.26448747 6400 
16.2975 1584.71032 25.02129505 6700 
16.3125 1695.494972 26.10694712 6750 
16.3275 1523.437091 24.99375367 6050 
16.3425 1683.629081 26.10816687 6050 
16.3575 1875.222759 27.63307031 7100 
16.3725 1634.503923 25.27362332 6400 
16.3875 1230.297229 21.95309412 5650 
16.4025 1837.553108 27.0424961 7000 
16.4175 1602.717854 25.5417927 5500 
16.4325 1581.954867 24.5011762 6700 
16.4475 1453.891391 23.28424022 6100 
16.4625 1499.937942 23.67725179 5800 
16.4775 1424.809207 23.86274985 5800 
16.4925 2065.7192 28.33016678 7450 
16.5075 1571.446952 24.46454208 5700 
16.5225 1796.951078 26.18093551 6650 
16.5375 1397.37334 22.61236467 5650 
16.5525 1314.037824 22.10097963 5450 
16.5675 1747.106495 25.75365459 6400 
16.5825 1337.514652 22.20666898 5500 
16.5975 1591.760934 24.30123726 5750 
16.6125 1327.275811 22.08607855 5400 
16.6275 1443.318384 22.94233925 5600 
16.6425 1490.780031 23.39480175 5650 
16.6575 1731.814272 25.61137342 6250 
16.6725 1524.516871 23.65341909 5450 
16.6875 1744.757351 25.80666932 6200 
16.7025 1371.422133 21.81336619 5550 
16.7175 1452.671981 22.81216406 5900 
16.7325 1598.053845 23.76363522 6200 
16.7475 1539.913899 23.63782142 5600 
16.7625 1212.962051 20.7758678 4800 
16.7775 1493.440139 22.89263752 5700 
16.7925 1458.660839 22.6241218 5600 
16.8075 1451.84138 22.55586766 5400 
16.8225 1397.135593 21.92623296 5250 
16.8375 1279.730417 20.82358433 5000 
16.8525 1275.112917 20.41152559 5300 
16.8675 1465.360916 21.98717977 5750 
16.8825 1453.56462 22.25507355 5550 
16.8975 1294.46951 20.96058312 4950 
16.9125 1472.937769 22.44485667 5450 
16.9275 1565.681065 23.30094974 5800 
16.9425 1259.669597 19.95901831 5300 
16.9575 1619.962751 23.40317033 5800 
16.9725 1155.068889 19.61446665 4750 
16.9875 1263.58163 20.23878785 5050 
17.0025 1353.968539 20.86403261 5400 
17.0175 1220.014165 20.48252405 4550 
17.0325 1158.964127 19.36914365 4750 
17.0475 1188.925671 19.19061747 4750 
17.0625 1193.780083 19.61589748 4550 
17.0775 1358.845332 21.13170685 4900 
17.0925 1259.388932 19.80203473 5300 
17.1075 1051.527158 18.2166164 4350 
17.1225 1385.511604 21.12436013 4950 
17.1375 1330.872327 20.55752889 5000 
17.1525 1162.853522 19.21540169 4450 
17.1675 1224.891805 19.4935168 4900 
17.1825 1250.783348 19.91171243 4800 
17.1975 1418.15156 21.14816023 5300 
17.2125 1215.412568 19.37750023 5000 
17.2275 1230.409959 19.16647681 5200 
17.2425 1092.794599 18.20071782 4400 
17.2575 1095.454208 18.51088288 4350 
17.2725 1410.509942 20.94904084 5350 
17.2875 1291.816097 20.07548145 4850 
17.3025 1360.048521 20.47202871 5150 
17.3175 1184.796593 19.23153809 4450 
17.3325 1085.792395 18.04070992 4650 
17.3475 993.1707764 16.85938353 4150 
17.3625 1133.859408 18.5435343 4400 
17.3775 1220.427817 18.99616772 4950 
17.3925 1008.340262 17.31294463 4050 
17.4075 1079.252573 17.61110375 4500 
17.4225 1164.380958 18.15202119 4850 
17.4375 1191.013766 18.66444516 4750 
17.4525 1265.709668 19.479875 4950 
17.4675 985.1659726 16.53692102 4300 
17.4825 860.022602 15.57906315 3550 
17.4975 882.6746989 16.04591968 3550 
17.5125 812.4379083 15.14334531 3400 
17.5275 1055.956096 17.71720573 3950 
17.5425 1075.338987 17.63383125 4250 
17.5575 991.6335399 16.43721969 4100 
17.5725 903.1091857 15.84420825 3750 
17.5875 1010.978536 16.71821454 4350 
17.6025 1056.016134 17.02545047 4500 
17.6175 859.4074022 15.34498702 3550 
17.6325 755.6966045 14.38020465 3200 
17.6475 896.0030672 15.34533388 3900 
17.6625 884.8947034 15.19668216 3900 
17.6775 728.2005873 13.66345901 3350 
17.6925 880.5653417 15.48499472 3650 
17.7075 835.0238844 14.88571716 3550 
17.7225 1055.30823 17.01334711 4250 
17.7375 820.1806746 14.64713126 3550 
17.7525 859.4457875 15.24125789 3550 
17.7675 931.584319 15.57531779 4100 
17.7825 977.7983712 16.08124583 4200 
17.7975 1155.945287 17.75477773 4650 
17.8125 776.0902235 13.94328324 3500 
17.8275 996.2630851 16.35160589 4000 
17.8425 690.2090894 13.32338071 3150 
17.8575 748.5078603 13.62959221 3600 
17.8725 864.4365165 14.66346595 4150 
17.8875 873.9122615 14.88078158 3750 
17.9025 494.8160354 11.07900357 2250 
17.9175 775.0611403 13.92114332 3350 
17.9325 657.653197 12.76398713 3000 
17.9475 632.8084921 12.48598969 2900 
17.9625 623.5847223 12.41688662 2750 
17.9775 749.8473093 13.40541946 3600 
17.9925 760.2979316 13.5977585 3400 
