# Format: McCode with text headers
# URL: http://www.mccode.org
# Creator: McStas 2.5 - Dec. 12, 2018
# Instrument: ESS_HEIMDAL.instr
# Ncount: 250000
# Trace: no
# Gravitation: no
# Seed: 1565866651
# Directory: TauScan/30
# Nodes: 4
# Param: lmax=4
# Param: lmin=0.5
# Param: T=200
# Param: tau=300
# Param: use_CoFe2O4=1
# Param: use_CoFe=1
# Param: use_magn=1
# Date: Wed Aug 14 15:27:24 2019 (1565789244)
# type: array_2d(40, 40)
# Source: ESS_HEIMDAL (ESS_HEIMDAL.instr)
# component: psd_source
# position: 0 0 0.01
# title: PSD monitor
# Ncount: 1000000
# filename: PSD_source.dat
# statistics: X0=-0.005187; dX=4.99805; Y0=-0.0027315; dY=5.01058;
# signal: Min=0; Max=6.50303e+06; Mean=2.13803e+06;
# values: 3.42084e+09 3.42084e+06 1e+06
# xvar: X 
# yvar: Y 
# xlabel: X position [cm]
# ylabel: Y position [cm]
# zvar: I
# zlabel: Signal per bin
# xylimits: -15 15 -15 15
# variables: I I_err N
# Data [psd_source/PSD_source.dat] I:
0 0 0 0 0 0 0 0 0 0 0 0 0 0 0 0 0 0 0 0 0 0 0 0 0 0 0 0 0 0 0 0 0 0 0 0 0 0 0 0 
0 0 0 0 0 0 0 0 0 0 0 0 0 0 0 0 0 0 0 0 0 0 0 0 0 0 0 0 0 0 0 0 0 0 0 0 0 0 0 0 
0 0 0 0 0 0 0 0 0 0 0 0 0 0 0 0 0 0 0 0 0 0 0 0 0 0 0 0 0 0 0 0 0 0 0 0 0 0 0 0 
0 0 0 0 0 0 0 0 0 0 0 0 0 0 0 0 0 0 0 0 0 0 0 0 0 0 0 0 0 0 0 0 0 0 0 0 0 0 0 0 
0 0 0 0 0 0 0 0 0 0 0 0 0 0 0 0 0 0 0 0 0 0 0 0 0 0 0 0 0 0 0 0 0 0 0 0 0 0 0 0 
0 0 0 0 0 0 0 0 0 0 0 0 0 0 0 0 0 0 0 0 0 0 0 0 0 0 0 0 0 0 0 0 0 0 0 0 0 0 0 0 
0 0 0 0 0 0 0 0 0 0 0 0 0 0 0 0 0 550755.5622 1498328.882 1987509.346 1932775.833 1618058.366 574701.4627 0 0 0 0 0 0 0 0 0 0 0 0 0 0 0 0 0 
0 0 0 0 0 0 0 0 0 0 0 0 0 0 944152.4323 3359267.15 5131263.566 5983053.409 6034366.21 6208829.222 6198566.651 6000157.703 6044628.558 5141526.082 3612409.409 831264.6568 0 0 0 0 0 0 0 0 0 0 0 0 0 0 
0 0 0 0 0 0 0 0 0 0 0 0 632855.8317 3855289.236 6058311.93 6263562.805 6030945.745 6191725.542 6294350.933 5945424.973 6349084.411 6270405.111 6410659.432 6287509 6030945.541 5935161.596 4091327.46 537072.229 0 0 0 0 0 0 0 0 0 0 0 0 
0 0 0 0 0 0 0 0 0 0 0 1710421.1 5668335.799 5907795.177 6249879.755 6256721.772 5979633.737 6270405.591 5805171.067 6304614.192 6089101.082 6095942.754 6417501.841 6092521.547 6273825.991 6260142.38 5945424.49 5723069.282 1730946.181 0 0 0 0 0 0 0 0 0 0 0 
0 0 0 0 0 0 0 0 0 0 2182497.367 6041207.727 6379871.634 6071996.241 6243038.722 6150676.261 6048051.213 5914638.463 6249881.314 6150676.934 6331981.557 6219093.74 6236197.784 5979634.391 6181463.851 6102784.144 6349084.533 6164358.533 6126728.855 2254335.024 0 0 0 0 0 0 0 0 0 0 
0 0 0 0 0 0 0 0 0 1782258.825 6037786.845 6160937.709 6236196.754 6198567.948 6099363.868 6239618.794 6427765.412 6024106.063 6030947.854 6164360.804 6034368.767 6061735.438 5979635.096 6133572.852 6335402.349 6284089.362 6263563.983 6089100.513 6448288.524 6222512.419 1737787.854 0 0 0 0 0 0 0 0 0 
0 0 0 0 0 0 0 0 502863.8045 5685440.075 5921478.643 5965950.216 5972792.393 5818854.816 6164360.364 5969372.604 6236198.658 5986477.231 6280669.923 6314878.414 5842801.905 5972793.923 5979635.564 6287511.325 5928322.468 6154097.909 5887271.735 6017263.308 5928320.935 6041208.202 5767540.214 530230.5397 0 0 0 0 0 0 0 0 
0 0 0 0 0 0 0 0 3954493.701 6249879.392 6366188.676 6044629.992 6414081.61 6328561.004 6154098.232 5859905.973 6157519.686 5873589.78 6068578.074 6229357.77 6236199.479 6126732.428 6136994.781 6184886.437 6355928.429 6082260.575 6113047.791 6195147.625 6263563.993 5873587.292 6249879.441 3793714.127 0 0 0 0 0 0 0 0 
0 0 0 0 0 0 0 903102.3459 6123307.919 6424342.768 6071996.58 6054892.936 6249881.482 6294352.909 5931743.794 5952269.167 6417504.269 6030948.985 6078840.922 6065157.591 5962532.239 6181466.266 6195149.545 6037790.487 6321720.369 6071998.425 5976214.417 6290931.595 6219093.397 5948846.213 5894112.153 6000157.605 831264.6617 0 0 0 0 0 0 0 
0 0 0 0 0 0 0 3458471.538 6044628.881 6184884.093 6013842.562 6438027.66 6140414.765 5945427.115 5900956.482 6284091.372 6071999.24 5972794.911 6215675.029 6256725.217 5770965.283 6034370.266 6024107.629 6431187.896 6349087.446 5955689.998 6184886.204 6174623.211 5989897.221 5918058.931 6030946.158 6071995.624 3331900.398 0 0 0 0 0 0 0 
0 0 0 0 0 0 0 5336514.05 5993316.48 5979633.749 6130151.455 6058314.278 5989897.909 6212253.201 6352508.192 6229358.089 6078841.164 6113049.816 6212254.428 6020687.169 6270408.865 6373034.14 6297775.432 6246462.578 6174624.596 6201991.04 6119890.408 6338823.986 6116468.637 5959109.295 6195146.884 6263563.045 5189417.847 0 0 0 0 0 0 0 
0 0 0 0 0 0 557597.2769 6338821.024 6078837.724 6188305.382 6020684.654 6270406.802 6082260.869 6379874.747 6318299.939 6174624.793 6191729.239 6095945.783 6174625.316 6352509.323 5979637.244 6294354.909 6157520.983 6184887.546 6013845.082 6140416.028 5931744.158 6048052.432 6037789.419 6082259.832 5955688.033 5897533.053 6260141.633 502863.8067 0 0 0 0 0 0 
0 0 0 0 0 0 1447016.265 6030945.332 6003579.29 6260143.205 6143835.137 6164360.761 6499603.993 6143836.613 6095945.166 6113049.68 6503026.26 5818857.443 5959112.225 6113050.307 6058316.785 6256725.737 6092525.057 6448292.742 5993320.123 6078840.944 6133574.1 6116469.454 6219094.26 5918059.44 6130151.156 6349084.426 6205408.301 1512012.265 0 0 0 0 0 0 
0 0 0 0 0 0 2001192.707 6246458.452 5972791.777 6164359.65 6232777.153 6061735.499 6113048.661 6232778.631 6099366.065 6037791.171 6034370.565 5996741.444 6123312.836 6379876.293 6229359.099 6154100.442 6181467.085 5935166.06 5928324.14 6089103.536 6311458.054 5863327.011 6277248.66 6150676.88 5907796.4 5979633.457 6136991.502 1973825.966 0 0 0 0 0 0 
0 0 0 0 0 0 1912250.813 5942003.457 6212250.767 6020684.239 6075418.349 5938585.132 6133573.732 6181465.969 6321720.97 6082262.155 5928324.377 6236200.612 5965953.964 6167783.887 6164363.04 6318301.019 6054895.81 6383296.756 6321721.301 5918061.288 6140415.838 6119890.339 6106206.482 5914638.675 6308035.076 5921479.138 5969370.22 1867779.857 0 0 0 0 0 0 
0 0 0 0 0 0 1405966.161 6208829.116 5781224.513 6140413.694 6048051.521 6181464.974 6171202.942 5924902.57 5839381.822 5928324.059 6195150.216 5835961.686 6065158.423 5993320.722 6318301.025 6106208.551 5894116.046 6178045.99 6106207.994 6246462.319 6082261.413 6075419.309 6455132.519 6030947.312 6109626.094 6041208.567 5965949.316 1423070.365 0 0 0 0 0 0 
0 0 0 0 0 0 523388.8584 6266983.324 6188304.689 5955688.049 6013842.946 6212252.425 6017264.837 5989898.511 6020686.454 6085682.817 6219096.018 6157520.965 5965953.769 6198571.307 5976216.385 6174625.323 6130154.223 6386717.396 5996740.863 5890694.353 5983056.83 6290932.379 5989897.59 6034368.032 6181463.686 6171200.495 5942003.304 578122.3276 0 0 0 0 0 0 
0 0 0 0 0 0 0 5271518.073 6037787.421 5859904.258 6256722.675 5900955.482 6225936.135 5976214.962 6290932.962 6044632.515 6171203.997 6318300.522 6071999.792 6085683.251 6287513.107 5955691.066 6167783.361 6058316.115 6013844.915 6198570.193 5989898.322 5993318.768 6119889.499 6109626.416 6308034.715 5959108.038 5240730.453 0 0 0 0 0 0 0 
0 0 0 0 0 0 0 3352425.473 6188304.277 6263563.497 6277247.462 6424344.287 5989897.661 6034369.053 6054894.461 6024107.185 6054895.023 6308037.718 6150678.97 6167783.284 5959111.734 6225937.585 6239620.787 6078840.936 5965952.818 6058315.312 6191727.864 6099364.685 6109626.708 5945425.684 6000158.588 6119887.398 3417421.447 0 0 0 0 0 0 0 
0 0 0 0 0 0 0 940731.6202 6095941.192 6061733.456 6027525.618 6048051.244 6058314.261 6424344.986 6133573.58 6113048.823 6280670.494 6044632.364 6113049.364 6150678.76 6236199.844 6157520.403 6010423.958 6071998.901 6130153.057 6225936.358 6037789.623 6037789.17 6010421.933 6109625.863 6150675.382 5900953.206 851789.7131 0 0 0 0 0 0 0 
0 0 0 0 0 0 0 0 3886076.832 6027524.655 6123308.847 5815433.535 6198568.47 6071997.677 6095943.917 6386715.999 6260144.99 6106207.216 6099365.678 6102786.551 6041211.374 6119890.69 6051473.719 6109627.884 6184886.17 6215673.476 6037789.273 6236197.722 6232776.322 6157517.307 5924899.412 3868972.618 0 0 0 0 0 0 0 0 
0 0 0 0 0 0 0 0 619172.4342 5521239.594 6294350.618 6198567.522 6143834.59 6321718.811 5959109.761 6273827.751 6208831.938 6058314.968 5935164.694 6116469.532 5986477.399 6024106.652 6147256.902 6123310.824 6229356.737 6263564.853 6126730.667 5918058.876 6133571.522 6331979.838 5528081.305 554176.4413 0 0 0 0 0 0 0 0 
0 0 0 0 0 0 0 0 0 1754892.097 6150674.701 5863324.476 6277246.889 6106205.124 6246460.079 5931742.825 6287510.848 5938584.951 6123310.632 6150677.482 6246461.071 6260144.382 6277248.533 6119889.497 6178043.583 6010421.926 6109626.07 5907795.821 6109625.076 5965949.212 1676212.684 0 0 0 0 0 0 0 0 0 
0 0 0 0 0 0 0 0 0 0 2250914.191 5883848.95 6273825.482 5952266.749 5969371.343 6232776.558 5959109.264 6000159.537 6113047.592 6243039.689 6379873.465 6239618.811 6160939.2 6058313.685 6071996.871 6089100.844 6048050.27 6366188.273 6082257.869 2185918.22 0 0 0 0 0 0 0 0 0 0 
0 0 0 0 0 0 0 0 0 0 0 1710421.122 5866744.727 6253300.273 6092521.02 6082258.799 6383293.335 5924900.49 6078838.48 5948846.524 6007000.881 6150676.223 6328559.976 6373030.637 6280667.723 6308034.072 6075416.413 5705965.078 1659108.457 0 0 0 0 0 0 0 0 0 0 0 
0 0 0 0 0 0 0 0 0 0 0 0 519967.9748 3879235.09 5777802.828 6010420.488 6345663.283 6188304.603 6236196.616 6102783.821 6136992.274 6236196.619 5873587.089 6349084.106 6099362.246 6099362.068 3978439.589 537072.2165 0 0 0 0 0 0 0 0 0 0 0 0 
0 0 0 0 0 0 0 0 0 0 0 0 0 0 964677.4842 3301112.804 5456243.477 6113045.371 6369608.773 6133570.606 6229354.223 6116466.37 6041207.766 5428876.811 3400317.257 848368.8895 0 0 0 0 0 0 0 0 0 0 0 0 0 0 
0 0 0 0 0 0 0 0 0 0 0 0 0 0 0 0 0 608909.8967 1594112.434 1929355.033 2004613.576 1512012.286 636276.6265 0 0 0 0 0 0 0 0 0 0 0 0 0 0 0 0 0 
0 0 0 0 0 0 0 0 0 0 0 0 0 0 0 0 0 0 0 0 0 0 0 0 0 0 0 0 0 0 0 0 0 0 0 0 0 0 0 0 
0 0 0 0 0 0 0 0 0 0 0 0 0 0 0 0 0 0 0 0 0 0 0 0 0 0 0 0 0 0 0 0 0 0 0 0 0 0 0 0 
0 0 0 0 0 0 0 0 0 0 0 0 0 0 0 0 0 0 0 0 0 0 0 0 0 0 0 0 0 0 0 0 0 0 0 0 0 0 0 0 
0 0 0 0 0 0 0 0 0 0 0 0 0 0 0 0 0 0 0 0 0 0 0 0 0 0 0 0 0 0 0 0 0 0 0 0 0 0 0 0 
0 0 0 0 0 0 0 0 0 0 0 0 0 0 0 0 0 0 0 0 0 0 0 0 0 0 0 0 0 0 0 0 0 0 0 0 0 0 0 0 
0 0 0 0 0 0 0 0 0 0 0 0 0 0 0 0 0 0 0 0 0 0 0 0 0 0 0 0 0 0 0 0 0 0 0 0 0 0 0 0 
# Errors [psd_source/PSD_source.dat] I_err:
0 0 0 0 0 0 0 0 0 0 0 0 0 0 0 0 0 0 0 0 0 0 0 0 0 0 0 0 0 0 0 0 0 0 0 0 0 0 0 0 
0 0 0 0 0 0 0 0 0 0 0 0 0 0 0 0 0 0 0 0 0 0 0 0 0 0 0 0 0 0 0 0 0 0 0 0 0 0 0 0 
0 0 0 0 0 0 0 0 0 0 0 0 0 0 0 0 0 0 0 0 0 0 0 0 0 0 0 0 0 0 0 0 0 0 0 0 0 0 0 0 
0 0 0 0 0 0 0 0 0 0 0 0 0 0 0 0 0 0 0 0 0 0 0 0 0 0 0 0 0 0 0 0 0 0 0 0 0 0 0 0 
0 0 0 0 0 0 0 0 0 0 0 0 0 0 0 0 0 0 0 0 0 0 0 0 0 0 0 0 0 0 0 0 0 0 0 0 0 0 0 0 
0 0 0 0 0 0 0 0 0 0 0 0 0 0 0 0 0 0 0 0 0 0 0 0 0 0 0 0 0 0 0 0 0 0 0 0 0 0 0 0 
0 0 0 0 0 0 0 0 0 0 0 0 0 0 0 0 0 43405.61899 71592.92326 82455.78171 81312.49041 74398.40294 44339.18046 0 0 0 0 0 0 0 0 0 0 0 0 0 0 0 0 0 
0 0 0 0 0 0 0 0 0 0 0 0 0 0 56831.298 107198.5224 132488.6556 143063.2132 143675.386 145737.5284 145617.0333 143267.562 143797.5027 132621.0778 111164.215 53325.65259 0 0 0 0 0 0 0 0 0 0 0 0 0 0 
0 0 0 0 0 0 0 0 0 0 0 0 46528.48612 114840.4823 143960.1697 146378.4905 143634.6649 145536.662 146737.8127 142612.6392 147374.4221 146458.4277 148087.3332 146658.0365 143634.66 142489.4822 118303.7881 42863.0302 0 0 0 0 0 0 0 0 0 0 0 0 
0 0 0 0 0 0 0 0 0 0 0 76492.35699 139249.7154 142160.6044 146218.5215 146298.5394 143022.3367 146458.439 140920.4758 146857.4042 144325.5371 144406.5958 148166.3509 144366.0634 146498.3736 146338.5225 142612.6276 139920.3984 76949.94372 0 0 0 0 0 0 0 0 0 0 0 
0 0 0 0 0 0 0 0 0 0 86405.89819 143756.8075 147731.301 144122.6753 146138.4828 145053.4374 143838.2298 142242.9356 146218.5579 145053.4533 147175.809 145857.9695 146058.4025 143022.3524 145416.0212 144487.6023 147374.4249 145214.6716 144770.7645 87816.42459 0 0 0 0 0 0 0 0 0 0 
0 0 0 0 0 0 0 0 0 78082.17678 143716.0996 145174.3738 146058.3784 145617.0637 144447.1146 146098.4608 148284.7975 143553.2178 143634.7151 145214.7251 143675.4468 144000.871 143022.3692 144851.6289 147215.5582 146618.1631 146378.5181 144325.5236 148521.3144 145898.0282 77101.8682 0 0 0 0 0 0 0 0 0 
0 0 0 0 0 0 0 0 41475.50756 139459.6518 142325.1445 142858.5983 142940.5009 141086.4691 145214.7147 142899.5866 146058.423 143104.1771 146578.2835 146976.9209 141376.501 142940.5376 143022.3804 146658.0907 142407.3935 145093.7882 141913.4789 143471.6511 142407.3567 143756.8188 140462.9697 42589.14182 0 0 0 0 0 0 0 0 
0 0 0 0 0 0 0 0 116308.6383 146218.513 147572.8006 143797.5368 148126.8698 147136.0547 145093.7958 141583.2789 145134.1308 141748.4974 144082.1352 145978.2999 146058.4422 144770.8489 144892.0425 145456.2935 147453.8592 144244.4606 144609.0639 145576.8891 146378.5183 141748.4374 146218.5141 113919.699 0 0 0 0 0 0 0 0 
0 0 0 0 0 0 0 55582.10713 144730.3404 148245.2922 144122.6834 143919.5641 146218.5619 146737.8588 142448.4861 142694.7313 148166.4069 143634.742 144203.9194 144041.5287 142817.7039 145416.078 145576.9342 143716.1862 147056.5247 144122.7272 142981.457 146697.968 145857.9615 142653.6706 141995.8843 143267.5597 53325.65291 0 0 0 0 0 0 0 
0 0 0 0 0 0 0 108769.8747 143797.5104 145456.2384 143430.8655 148403.119 144932.399 142612.6905 142078.336 146618.21 144122.7465 142940.5612 145817.8991 146298.6199 140504.7221 143675.4825 143553.2551 148324.2885 147374.4926 142735.7293 145456.288 145335.5498 143145.0378 142284.055 143634.6747 144122.6607 106760.9752 0 0 0 0 0 0 0 
0 0 0 0 0 0 0 135112.4465 143185.8693 143022.337 144811.2165 143960.2255 143145.0542 145777.7445 147414.1871 145978.3074 144203.9251 144609.1118 145777.7733 143512.4994 146458.5155 147652.1644 146777.7669 146178.5858 145335.5824 145657.2923 144689.9861 147255.3163 144649.5197 142776.6788 145576.8717 146378.4961 133237.3084 0 0 0 0 0 0 0 
0 0 0 0 0 0 43674.3894 147255.2475 144203.8436 145496.469 143512.4395 146458.4673 144244.4675 147731.3731 147016.7409 145335.5871 145536.7489 144406.6675 145335.5994 147414.2133 143022.4206 146737.9054 145134.1614 145456.3196 143430.9256 144932.4288 142448.4948 143838.2588 143716.1608 144244.4429 142735.6822 142037.0857 146338.5051 41475.50774 0 0 0 0 0 0 
0 0 0 0 0 0 70356.3384 143634.655 143308.4142 146338.5418 144972.7534 145214.7241 149111.142 144972.7882 144406.6529 144609.1086 149150.4092 141086.5328 142776.749 144609.1234 143960.2851 146298.6321 144366.1465 148521.4116 143185.9563 144203.9199 144851.6583 144649.539 145857.9817 142284.0673 144811.2095 147374.4225 145697.3729 71919.08929 0 0 0 0 0 0 
0 0 0 0 0 0 82739.13544 146178.4892 142940.4862 145214.6979 146018.3421 144000.8725 144609.0845 146018.3767 144447.1667 143716.2025 143675.4897 143226.8254 144730.4566 147731.4089 145978.3311 145093.8479 145416.0973 142489.5894 142407.4336 144325.5953 146937.1172 141624.6037 146538.3504 145053.452 142160.6338 143022.33 144891.9651 82171.45013 0 0 0 0 0 0 
0 0 0 0 0 0 80879.59172 142571.5893 145777.6874 143512.4296 144163.2976 142530.6042 144851.6496 145416.071 147056.5386 144244.498 142407.4393 146058.4687 142858.6881 145255.0649 145214.7778 147016.766 143919.6324 147771.001 147056.5463 142284.1117 144932.4243 144689.9844 144528.1274 142242.9407 146897.2417 142325.1564 142899.5295 79933.59876 0 0 0 0 0 0 
0 0 0 0 0 0 69351.19633 145737.5259 140629.5164 144932.3737 143838.2371 145416.0476 145295.2986 142366.3233 141335.1269 142407.4317 145576.95 141293.7392 144041.5484 143185.9706 147016.7661 144528.1764 141995.9781 145375.849 144528.1632 146178.5797 144244.4804 144163.3204 148600.1379 143634.7022 144568.5766 143756.8275 142858.5768 69771.76498 0 0 0 0 0 0 
0 0 0 0 0 0 42313.48131 146418.4498 145496.4527 142735.6826 143430.8746 145777.7263 143471.6876 143145.0686 143512.4824 144285.0517 145858.0229 145134.161 142858.6834 145617.1426 142981.5041 145335.5996 144811.2819 147810.5866 143226.8116 141954.7456 143063.295 146697.9863 143145.0466 143675.4293 145416.0173 145295.241 142571.5857 44470.94828 0 0 0 0 0 0 
0 0 0 0 0 0 0 134287.1264 143716.1133 141583.2375 146298.5605 142078.3119 145938.194 142981.4701 146697.9999 143797.5969 145295.3235 147016.7545 144122.7596 144285.062 146658.1323 142735.7549 145255.0525 143960.2692 143430.9216 145617.1165 143145.0641 143185.924 144689.9646 144568.5843 146897.2333 142776.6487 133894.4083 0 0 0 0 0 0 0 
0 0 0 0 0 0 0 107089.3035 145496.4431 146378.5067 146538.3224 148245.3273 143145.0483 143675.4536 143919.6004 143553.2445 143919.6137 146897.3033 145053.5013 145255.0507 142776.7373 145938.2279 146098.5075 144203.9197 142858.6606 143960.2501 145536.7166 144447.134 144568.5912 142612.6562 143267.5832 144689.9149 108122.4297 0 0 0 0 0 0 0 
0 0 0 0 0 0 0 56728.25114 144406.5588 144000.8239 143593.9403 143838.2305 143960.2251 148245.3434 144851.6461 144609.0883 146578.2968 143797.5933 144609.1011 145053.4963 146058.4507 145134.1478 143390.1194 144122.7385 144811.2544 145938.1992 143716.1657 143716.1549 143390.071 144568.5712 145053.4167 142078.2571 53979.97976 0 0 0 0 0 0 0 
0 0 0 0 0 0 0 0 115298.1177 143593.9173 144730.3623 141044.9807 145617.076 144122.7094 144406.6233 147810.5543 146338.5836 144528.1448 144447.1575 144487.6593 143756.8943 144689.9927 143878.9418 144568.619 145456.2872 145817.8626 143716.1574 146058.401 146018.3226 145134.0748 142366.2474 115044.1007 0 0 0 0 0 0 0 0 
0 0 0 0 0 0 0 0 46022.72459 137431.0386 146737.8054 145617.0537 144972.7404 147056.4884 142776.69 146498.4148 145737.5921 143960.2419 142489.5566 144649.5409 143104.1811 143553.2318 145013.1294 144730.4091 145978.2757 146378.5384 144770.8073 142284.0537 144851.5975 147175.7691 137516.1622 43540.21329 0 0 0 0 0 0 0 0 
0 0 0 0 0 0 0 0 0 77480.37884 145053.4006 141624.5425 146538.3091 144528.0953 146178.5273 142448.4628 146658.0796 142530.5999 144730.4045 145053.4662 146178.5505 146338.5693 146538.3474 144689.9645 145375.7923 143390.0709 144568.5761 142160.6199 144568.5526 142858.5743 75723.57035 0 0 0 0 0 0 0 0 0 
0 0 0 0 0 0 0 0 0 0 87749.77112 141872.1961 146498.3618 142694.6733 142899.5564 146018.3282 142776.6781 143267.6058 144609.0592 146138.5054 147731.3434 146098.4612 145174.4089 143960.2114 144122.6903 144325.5315 143838.2074 147572.7912 144244.3964 86473.58834 0 0 0 0 0 0 0 0 0 0 
0 0 0 0 0 0 0 0 0 0 0 76492.35796 141665.8362 146258.5244 144366.0509 144244.4184 147770.9218 142366.2733 144203.8615 142653.678 143349.2549 145053.4365 147136.0308 147652.0832 146578.2321 146897.2184 144163.2517 139711.156 75336.23425 0 0 0 0 0 0 0 0 0 0 0 
0 0 0 0 0 0 0 0 0 0 0 0 42174.97191 115196.5764 140587.8833 143390.0366 147334.708 145496.4507 146058.3752 144487.5946 144891.9833 146058.3752 141748.4325 147374.415 144447.0762 144447.072 116660.2521 42863.0292 0 0 0 0 0 0 0 0 0 0 0 0 
0 0 0 0 0 0 0 0 0 0 0 0 0 0 57445.70821 106266.5811 136619.7223 144609.0067 147612.4267 144851.5758 145978.2168 144649.4661 143756.8084 136276.6734 107851.5143 53871.47836 0 0 0 0 0 0 0 0 0 0 0 0 0 0 
0 0 0 0 0 0 0 0 0 0 0 0 0 0 0 0 0 45639.72633 73845.83249 81240.50239 82809.82356 71919.09028 46654.06581 0 0 0 0 0 0 0 0 0 0 0 0 0 0 0 0 0 
0 0 0 0 0 0 0 0 0 0 0 0 0 0 0 0 0 0 0 0 0 0 0 0 0 0 0 0 0 0 0 0 0 0 0 0 0 0 0 0 
0 0 0 0 0 0 0 0 0 0 0 0 0 0 0 0 0 0 0 0 0 0 0 0 0 0 0 0 0 0 0 0 0 0 0 0 0 0 0 0 
0 0 0 0 0 0 0 0 0 0 0 0 0 0 0 0 0 0 0 0 0 0 0 0 0 0 0 0 0 0 0 0 0 0 0 0 0 0 0 0 
0 0 0 0 0 0 0 0 0 0 0 0 0 0 0 0 0 0 0 0 0 0 0 0 0 0 0 0 0 0 0 0 0 0 0 0 0 0 0 0 
0 0 0 0 0 0 0 0 0 0 0 0 0 0 0 0 0 0 0 0 0 0 0 0 0 0 0 0 0 0 0 0 0 0 0 0 0 0 0 0 
0 0 0 0 0 0 0 0 0 0 0 0 0 0 0 0 0 0 0 0 0 0 0 0 0 0 0 0 0 0 0 0 0 0 0 0 0 0 0 0 
# Events [psd_source/PSD_source.dat] N:
0 0 0 0 0 0 0 0 0 0 0 0 0 0 0 0 0 0 0 0 0 0 0 0 0 0 0 0 0 0 0 0 0 0 0 0 0 0 0 0 
0 0 0 0 0 0 0 0 0 0 0 0 0 0 0 0 0 0 0 0 0 0 0 0 0 0 0 0 0 0 0 0 0 0 0 0 0 0 0 0 
0 0 0 0 0 0 0 0 0 0 0 0 0 0 0 0 0 0 0 0 0 0 0 0 0 0 0 0 0 0 0 0 0 0 0 0 0 0 0 0 
0 0 0 0 0 0 0 0 0 0 0 0 0 0 0 0 0 0 0 0 0 0 0 0 0 0 0 0 0 0 0 0 0 0 0 0 0 0 0 0 
0 0 0 0 0 0 0 0 0 0 0 0 0 0 0 0 0 0 0 0 0 0 0 0 0 0 0 0 0 0 0 0 0 0 0 0 0 0 0 0 
0 0 0 0 0 0 0 0 0 0 0 0 0 0 0 0 0 0 0 0 0 0 0 0 0 0 0 0 0 0 0 0 0 0 0 0 0 0 0 0 
0 0 0 0 0 0 0 0 0 0 0 0 0 0 0 0 0 161 438 581 565 473 168 0 0 0 0 0 0 0 0 0 0 0 0 0 0 0 0 0 
0 0 0 0 0 0 0 0 0 0 0 0 0 0 276 982 1500 1749 1764 1815 1812 1754 1767 1503 1056 243 0 0 0 0 0 0 0 0 0 0 0 0 0 0 
0 0 0 0 0 0 0 0 0 0 0 0 185 1127 1771 1831 1763 1810 1840 1738 1856 1833 1874 1838 1763 1735 1196 157 0 0 0 0 0 0 0 0 0 0 0 0 
0 0 0 0 0 0 0 0 0 0 0 500 1657 1727 1827 1829 1748 1833 1697 1843 1780 1782 1876 1781 1834 1830 1738 1673 506 0 0 0 0 0 0 0 0 0 0 0 
0 0 0 0 0 0 0 0 0 0 638 1766 1865 1775 1825 1798 1768 1729 1827 1798 1851 1818 1823 1748 1807 1784 1856 1802 1791 659 0 0 0 0 0 0 0 0 0 0 
0 0 0 0 0 0 0 0 0 521 1765 1801 1823 1812 1783 1824 1879 1761 1763 1802 1764 1772 1748 1793 1852 1837 1831 1780 1885 1819 508 0 0 0 0 0 0 0 0 0 
0 0 0 0 0 0 0 0 147 1662 1731 1744 1746 1701 1802 1745 1823 1750 1836 1846 1708 1746 1748 1838 1733 1799 1721 1759 1733 1766 1686 155 0 0 0 0 0 0 0 0 
0 0 0 0 0 0 0 0 1156 1827 1861 1767 1875 1850 1799 1713 1800 1717 1774 1821 1823 1791 1794 1808 1858 1778 1787 1811 1831 1717 1827 1109 0 0 0 0 0 0 0 0 
0 0 0 0 0 0 0 264 1790 1878 1775 1770 1827 1840 1734 1740 1876 1763 1777 1773 1743 1807 1811 1765 1848 1775 1747 1839 1818 1739 1723 1754 243 0 0 0 0 0 0 0 
0 0 0 0 0 0 0 1011 1767 1808 1758 1882 1795 1738 1725 1837 1775 1746 1817 1829 1687 1764 1761 1880 1856 1741 1808 1805 1751 1730 1763 1775 974 0 0 0 0 0 0 0 
0 0 0 0 0 0 0 1560 1752 1748 1792 1771 1751 1816 1857 1821 1777 1787 1816 1760 1833 1863 1841 1826 1805 1813 1789 1853 1788 1742 1811 1831 1517 0 0 0 0 0 0 0 
0 0 0 0 0 0 163 1853 1777 1809 1760 1833 1778 1865 1847 1805 1810 1782 1805 1857 1748 1840 1800 1808 1758 1795 1734 1768 1765 1778 1741 1724 1830 147 0 0 0 0 0 0 
0 0 0 0 0 0 423 1763 1755 1830 1796 1802 1900 1796 1782 1787 1901 1701 1742 1787 1771 1829 1781 1885 1752 1777 1793 1788 1818 1730 1792 1856 1814 442 0 0 0 0 0 0 
0 0 0 0 0 0 585 1826 1746 1802 1822 1772 1787 1822 1783 1765 1764 1753 1790 1865 1821 1799 1807 1735 1733 1780 1845 1714 1835 1798 1727 1748 1794 577 0 0 0 0 0 0 
0 0 0 0 0 0 559 1737 1816 1760 1776 1736 1793 1807 1848 1778 1733 1823 1744 1803 1802 1847 1770 1866 1848 1730 1795 1789 1785 1729 1844 1731 1745 546 0 0 0 0 0 0 
0 0 0 0 0 0 411 1815 1690 1795 1768 1807 1804 1732 1707 1733 1811 1706 1773 1752 1847 1785 1723 1806 1785 1826 1778 1776 1887 1763 1786 1766 1744 416 0 0 0 0 0 0 
0 0 0 0 0 0 153 1832 1809 1741 1758 1816 1759 1751 1760 1779 1818 1800 1744 1812 1747 1805 1792 1867 1753 1722 1749 1839 1751 1764 1807 1804 1737 169 0 0 0 0 0 0 
0 0 0 0 0 0 0 1541 1765 1713 1829 1725 1820 1747 1839 1767 1804 1847 1775 1779 1838 1741 1803 1771 1758 1812 1751 1752 1789 1786 1844 1742 1532 0 0 0 0 0 0 0 
0 0 0 0 0 0 0 980 1809 1831 1835 1878 1751 1764 1770 1761 1770 1844 1798 1803 1742 1820 1824 1777 1744 1771 1810 1783 1786 1738 1754 1789 999 0 0 0 0 0 0 0 
0 0 0 0 0 0 0 275 1782 1772 1762 1768 1771 1878 1793 1787 1836 1767 1787 1798 1823 1800 1757 1775 1792 1820 1765 1765 1757 1786 1798 1725 249 0 0 0 0 0 0 0 
0 0 0 0 0 0 0 0 1136 1762 1790 1700 1812 1775 1782 1867 1830 1785 1783 1784 1766 1789 1769 1786 1808 1817 1765 1823 1822 1800 1732 1131 0 0 0 0 0 0 0 0 
0 0 0 0 0 0 0 0 181 1614 1840 1812 1796 1848 1742 1834 1815 1771 1735 1788 1750 1761 1797 1790 1821 1831 1791 1730 1793 1851 1616 162 0 0 0 0 0 0 0 0 
0 0 0 0 0 0 0 0 0 513 1798 1714 1835 1785 1826 1734 1838 1736 1790 1798 1826 1830 1835 1789 1806 1757 1786 1727 1786 1744 490 0 0 0 0 0 0 0 0 0 
0 0 0 0 0 0 0 0 0 0 658 1720 1834 1740 1745 1822 1742 1754 1787 1825 1865 1824 1801 1771 1775 1780 1768 1861 1778 639 0 0 0 0 0 0 0 0 0 0 
0 0 0 0 0 0 0 0 0 0 0 500 1715 1828 1781 1778 1866 1732 1777 1739 1756 1798 1850 1863 1836 1844 1776 1668 485 0 0 0 0 0 0 0 0 0 0 0 
0 0 0 0 0 0 0 0 0 0 0 0 152 1134 1689 1757 1855 1809 1823 1784 1794 1823 1717 1856 1783 1783 1163 157 0 0 0 0 0 0 0 0 0 0 0 0 
0 0 0 0 0 0 0 0 0 0 0 0 0 0 282 965 1595 1787 1862 1793 1821 1788 1766 1587 994 248 0 0 0 0 0 0 0 0 0 0 0 0 0 0 
0 0 0 0 0 0 0 0 0 0 0 0 0 0 0 0 0 178 466 564 586 442 186 0 0 0 0 0 0 0 0 0 0 0 0 0 0 0 0 0 
0 0 0 0 0 0 0 0 0 0 0 0 0 0 0 0 0 0 0 0 0 0 0 0 0 0 0 0 0 0 0 0 0 0 0 0 0 0 0 0 
0 0 0 0 0 0 0 0 0 0 0 0 0 0 0 0 0 0 0 0 0 0 0 0 0 0 0 0 0 0 0 0 0 0 0 0 0 0 0 0 
0 0 0 0 0 0 0 0 0 0 0 0 0 0 0 0 0 0 0 0 0 0 0 0 0 0 0 0 0 0 0 0 0 0 0 0 0 0 0 0 
0 0 0 0 0 0 0 0 0 0 0 0 0 0 0 0 0 0 0 0 0 0 0 0 0 0 0 0 0 0 0 0 0 0 0 0 0 0 0 0 
0 0 0 0 0 0 0 0 0 0 0 0 0 0 0 0 0 0 0 0 0 0 0 0 0 0 0 0 0 0 0 0 0 0 0 0 0 0 0 0 
0 0 0 0 0 0 0 0 0 0 0 0 0 0 0 0 0 0 0 0 0 0 0 0 0 0 0 0 0 0 0 0 0 0 0 0 0 0 0 0 
