# Format: McCode with text headers
# URL: http://www.mccode.org
# Creator: McStas 2.4.1 - Jun. 26, 2017
# Instrument: MAGiC_elearning.instr
# Ncount: 2500000
# Trace: no
# Gravitation: no
# Seed: 1563291423
# Directory: MAGiC_HR/2
# Nodes: 40
# Param: spectrum=0
# Param: high_res=1
# Param: coll_set=0.3
# Param: sample_rot=20
# Date: Tue Jul 16 10:21:55 2019 (1563265315)
# type: array_1d(101)
# Source: MAGiC_half_polarized (MAGiC_elearning.instr)
# component: L_out
# position: -0.034 -0.674259 159.42
# title: Wavelength monitor
# Ncount: 100000000
# filename: L_out.txt
# statistics: X0=1.43521; dX=0.352264;
# signal: Min=0; Max=2.51096e+07; Mean=4.29901e+06;
# values: 4.342e+08 1.12623e+06 291110
# xvar: L
# yvar: (I,I_err)
# xlabel: Wavelength [AA]
# ylabel: Intensity
# xlimits: 0.2 6
# variables: L I I_err N
0.2287128713 0 0 0 
0.2861386139 0 0 0 
0.3435643564 3.74445995e-132 4.000448705e-132 7 
0.400990099 9.127379524e-17 6.397711211e-17 1246 
0.4584158416 482.6771004 133.6878737 5539 
0.5158415842 62308.87432 4298.362258 9796 
0.5732673267 331183.2655 12193.76658 10050 
0.6306930693 989368.2606 24901.04347 10070 
0.6881188119 2294361.195 47228.69012 9942 
0.7455445545 4207880.322 78024.81768 9969 
0.802970297 6965920.523 118192.1554 10080 
0.8603960396 9571139.814 156371.5343 9889 
0.9178217822 12669994.11 198491.1818 9857 
0.9752475248 15862713 235720.8982 10041 
1.032673267 18265849 263255.0949 10126 
1.09009901 20478426.96 284597.5887 9980 
1.147524752 22271049.92 298836.3436 10039 
1.204950495 22897129.22 301301.3671 9916 
1.262376238 24121979.78 306733.1779 10065 
1.31980198 25109555.29 307029.4999 10214 
1.377227723 23740379.77 289667.2636 10043 
1.434653465 23506905.31 279803.9076 10098 
1.492079208 22873079.94 266689.1068 10131 
1.54950495 22111061.72 252722.5986 10074 
1.606930693 20998672.19 237287.0197 9935 
1.664356436 20058138.58 222729.4315 9945 
1.721782178 19312456.82 209349.122 10046 
1.779207921 17954472.22 192904.2326 10000 
1.836633663 16777804.18 178450.9158 9942 
1.894059406 15518113.03 164011.8656 9877 
1.951485149 14746702.43 152761.6104 10028 
2.008910891 13664790.31 140472.3449 10032 
2.066336634 10869952.56 120764.3376 8343 
2.123762376 5129797.866 77181.25503 4641 
2.181188119 838110.1233 26511.25301 1149 
2.238613861 0 0 0 
2.296039604 0 0 0 
2.353465347 0 0 0 
2.410891089 0 0 0 
2.468316832 0 0 0 
2.525742574 0 0 0 
2.583168317 0 0 0 
2.640594059 0 0 0 
2.698019802 0 0 0 
2.755445545 0 0 0 
2.812871287 0 0 0 
2.87029703 0 0 0 
2.927722772 0 0 0 
2.985148515 0 0 0 
3.042574257 0 0 0 
3.1 0 0 0 
3.157425743 0 0 0 
3.214851485 0 0 0 
3.272277228 0 0 0 
3.32970297 0 0 0 
3.387128713 0 0 0 
3.444554455 0 0 0 
3.501980198 0 0 0 
3.559405941 0 0 0 
3.616831683 0 0 0 
3.674257426 0 0 0 
3.731683168 0 0 0 
3.789108911 0 0 0 
3.846534653 0 0 0 
3.903960396 0 0 0 
3.961386139 0 0 0 
4.018811881 0 0 0 
4.076237624 0 0 0 
4.133663366 0 0 0 
4.191089109 0 0 0 
4.248514851 0 0 0 
4.305940594 0 0 0 
4.363366337 0 0 0 
4.420792079 0 0 0 
4.478217822 0 0 0 
4.535643564 0 0 0 
4.593069307 0 0 0 
4.65049505 0 0 0 
4.707920792 0 0 0 
4.765346535 0 0 0 
4.822772277 0 0 0 
4.88019802 0 0 0 
4.937623762 0 0 0 
4.995049505 0 0 0 
5.052475248 0 0 0 
5.10990099 0 0 0 
5.167326733 0 0 0 
5.224752475 0 0 0 
5.282178218 0 0 0 
5.33960396 0 0 0 
5.397029703 0 0 0 
5.454455446 0 0 0 
5.511881188 0 0 0 
5.569306931 0 0 0 
5.626732673 0 0 0 
5.684158416 0 0 0 
5.741584158 0 0 0 
5.799009901 0 0 0 
5.856435644 0 0 0 
5.913861386 0 0 0 
5.971287129 0 0 0 
