# Format: McCode with text headers
# URL: http://www.mccode.org
# Creator: McStas 2.4.1 - Jun. 26, 2017
# Instrument: MAGiC_elearning.instr
# Ncount: 2500000
# Trace: no
# Gravitation: no
# Seed: 1563294073
# Directory: MAGiC_HR/31
# Nodes: 40
# Param: spectrum=0
# Param: high_res=1
# Param: coll_set=0.3
# Param: sample_rot=310
# Date: Tue Jul 16 10:41:57 2019 (1563266517)
# type: array_1d(101)
# Source: MAGiC_half_polarized (MAGiC_elearning.instr)
# component: L_out
# position: -0.034 -0.674259 159.42
# title: Wavelength monitor
# Ncount: 100000000
# filename: L_out.txt
# statistics: X0=1.43443; dX=0.353421;
# signal: Min=0; Max=2.39978e+07; Mean=4.30448e+06;
# values: 4.34752e+08 1.1271e+06 290835
# xvar: L
# yvar: (I,I_err)
# xlabel: Wavelength [AA]
# ylabel: Intensity
# xlimits: 0.2 6
# variables: L I I_err N
0.2287128713 0 0 0 
0.2861386139 0 0 0 
0.3435643564 4.35030773e-141 4.859435654e-141 4 
0.400990099 4.975716022e-18 3.484270877e-18 1225 
0.4584158416 895.0127257 226.6605456 5520 
0.5158415842 57204.29339 4023.906663 9641 
0.5732673267 331503.5338 12274.99741 9938 
0.6306930693 953012.5721 24388.74239 9950 
0.6881188119 2314646.535 47273.65318 9897 
0.7455445545 4196354.51 78223.89961 9925 
0.802970297 6900553.392 117939.362 10108 
0.8603960396 9772491.062 158893.9074 9940 
0.9178217822 13126957.06 201105.047 10065 
0.9752475248 16066043.87 237780.5603 9988 
1.032673267 18540556.14 265917.1666 9991 
1.09009901 21017386.44 288725.4189 10151 
1.147524752 22579302.85 300791.7266 10025 
1.204950495 22978649.33 302718.2415 9938 
1.262376238 23997823.54 306043.1986 9983 
1.31980198 23783397.58 297697.7113 9978 
1.377227723 23684386.71 289739.6477 9971 
1.434653465 22982294.67 276912.2403 9857 
1.492079208 22607794.9 265441.5333 9911 
1.54950495 22426986.9 255053.7283 10192 
1.606930693 21068584.4 237399.2699 9985 
1.664356436 20057137.12 222226.5059 10049 
1.721782178 19245486.94 208728.7164 10139 
1.779207921 17953380.98 193034.0222 9991 
1.836633663 17102881.16 180226.2459 10151 
1.894059406 15843839.33 165658.6823 10062 
1.951485149 14612247.06 151955.5094 9965 
2.008910891 13586591.8 139828.5724 10021 
2.066336634 10858277.21 120717.6167 8336 
2.123762376 5231814.794 77988.20217 4728 
2.181188119 873506.4726 26980.97287 1210 
2.238613861 0 0 0 
2.296039604 0 0 0 
2.353465347 0 0 0 
2.410891089 0 0 0 
2.468316832 0 0 0 
2.525742574 0 0 0 
2.583168317 0 0 0 
2.640594059 0 0 0 
2.698019802 0 0 0 
2.755445545 0 0 0 
2.812871287 0 0 0 
2.87029703 0 0 0 
2.927722772 0 0 0 
2.985148515 0 0 0 
3.042574257 0 0 0 
3.1 0 0 0 
3.157425743 0 0 0 
3.214851485 0 0 0 
3.272277228 0 0 0 
3.32970297 0 0 0 
3.387128713 0 0 0 
3.444554455 0 0 0 
3.501980198 0 0 0 
3.559405941 0 0 0 
3.616831683 0 0 0 
3.674257426 0 0 0 
3.731683168 0 0 0 
3.789108911 0 0 0 
3.846534653 0 0 0 
3.903960396 0 0 0 
3.961386139 0 0 0 
4.018811881 0 0 0 
4.076237624 0 0 0 
4.133663366 0 0 0 
4.191089109 0 0 0 
4.248514851 0 0 0 
4.305940594 0 0 0 
4.363366337 0 0 0 
4.420792079 0 0 0 
4.478217822 0 0 0 
4.535643564 0 0 0 
4.593069307 0 0 0 
4.65049505 0 0 0 
4.707920792 0 0 0 
4.765346535 0 0 0 
4.822772277 0 0 0 
4.88019802 0 0 0 
4.937623762 0 0 0 
4.995049505 0 0 0 
5.052475248 0 0 0 
5.10990099 0 0 0 
5.167326733 0 0 0 
5.224752475 0 0 0 
5.282178218 0 0 0 
5.33960396 0 0 0 
5.397029703 0 0 0 
5.454455446 0 0 0 
5.511881188 0 0 0 
5.569306931 0 0 0 
5.626732673 0 0 0 
5.684158416 0 0 0 
5.741584158 0 0 0 
5.799009901 0 0 0 
5.856435644 0 0 0 
5.913861386 0 0 0 
5.971287129 0 0 0 
