# Format: McCode with text headers
# URL: http://www.mccode.org
# Creator: McStas 2.5 - Dec. 12, 2018
# Instrument: ESS_HEIMDAL.instr
# Ncount: 250000
# Trace: no
# Gravitation: no
# Seed: 1565866258
# Directory: TauScan/8
# Nodes: 4
# Param: lmax=4
# Param: lmin=0.5
# Param: T=200
# Param: tau=80
# Param: use_CoFe2O4=1
# Param: use_CoFe=1
# Param: use_magn=1
# Date: Wed Aug 14 15:23:51 2019 (1565789031)
# type: array_2d(40, 40)
# Source: ESS_HEIMDAL (ESS_HEIMDAL.instr)
# component: psd_source
# position: 0 0 0.01
# title: PSD monitor
# Ncount: 1000000
# filename: PSD_source.dat
# statistics: X0=-0.0037785; dX=5.00909; Y0=-0.003717; dY=5.00526;
# signal: Min=0; Max=6.66722e+06; Mean=2.13803e+06;
# values: 3.42084e+09 3.42084e+06 1e+06
# xvar: X 
# yvar: Y 
# xlabel: X position [cm]
# ylabel: Y position [cm]
# zvar: I
# zlabel: Signal per bin
# xylimits: -15 15 -15 15
# variables: I I_err N
# Data [psd_source/PSD_source.dat] I:
0 0 0 0 0 0 0 0 0 0 0 0 0 0 0 0 0 0 0 0 0 0 0 0 0 0 0 0 0 0 0 0 0 0 0 0 0 0 0 0 
0 0 0 0 0 0 0 0 0 0 0 0 0 0 0 0 0 0 0 0 0 0 0 0 0 0 0 0 0 0 0 0 0 0 0 0 0 0 0 0 
0 0 0 0 0 0 0 0 0 0 0 0 0 0 0 0 0 0 0 0 0 0 0 0 0 0 0 0 0 0 0 0 0 0 0 0 0 0 0 0 
0 0 0 0 0 0 0 0 0 0 0 0 0 0 0 0 0 0 0 0 0 0 0 0 0 0 0 0 0 0 0 0 0 0 0 0 0 0 0 0 
0 0 0 0 0 0 0 0 0 0 0 0 0 0 0 0 0 0 0 0 0 0 0 0 0 0 0 0 0 0 0 0 0 0 0 0 0 0 0 0 
0 0 0 0 0 0 0 0 0 0 0 0 0 0 0 0 0 0 0 0 0 0 0 0 0 0 0 0 0 0 0 0 0 0 0 0 0 0 0 0 
0 0 0 0 0 0 0 0 0 0 0 0 0 0 0 0 0 591805.6787 1494908.028 1884884.054 1943038.38 1628320.927 561018.1184 0 0 0 0 0 0 0 0 0 0 0 0 0 0 0 0 0 
0 0 0 0 0 0 0 0 0 0 0 0 0 0 909944.0214 3390054.691 5387826.657 6219091.522 6441446.334 5983053.617 5911215.878 6034366.161 5976211.729 5497293.629 3390054.719 1046777.72 0 0 0 0 0 0 0 0 0 0 0 0 0 0 
0 0 0 0 0 0 0 0 0 0 0 0 506284.6312 3776609.887 6184883.104 6376450.584 6044629.109 6308034.217 6208829.937 5832537.193 5959108.412 6195146.436 6229354.832 6308034.003 6263562.782 6027524.308 3961335.44 547334.7679 0 0 0 0 0 0 0 0 0 0 0 0 
0 0 0 0 0 0 0 0 0 0 0 1809625.591 5596498.208 5812011.504 5969370.739 6136992.312 6044629.759 6133571.835 5945425.625 6082259.415 6171201.385 6349085.138 6160938.695 6065154.855 6468814.067 5948845.678 6260141.953 5647810.834 1669371.067 0 0 0 0 0 0 0 0 0 0 0 
0 0 0 0 0 0 0 0 0 0 2240651.679 5942003.264 6174621.081 6095942.117 6044629.827 6075417.751 6034367.807 6116468.241 6294352.227 6222514.63 5853063.479 5959109.628 6273827.09 6195147.539 6301193.304 6119888.411 5979633.469 6513284.542 6290929.197 2182497.374 0 0 0 0 0 0 0 0 0 0 
0 0 0 0 0 0 0 0 0 1655687.659 6065153.678 6003579.053 6116467.311 5955688.089 6048051.237 6140414.31 6212252.266 6236198.308 6184885.785 6164360.842 6160940.026 6164360.73 6058314.49 6041210.044 6123310.088 6106205.567 6044630.036 6311455.365 6171200.351 6030945.178 1809625.528 0 0 0 0 0 0 0 0 0 
0 0 0 0 0 0 0 0 578122.3269 5565710.565 6499601.112 6061733.815 6136992.809 6311456.295 6147256.148 6564599.37 6164360.924 6126731.824 6082261.009 5853064.498 6007002.484 5983056.572 5938585.403 6071998.148 6256723.471 6150677.016 6030947.066 6123309.441 5729911.962 6099362.549 5640969.059 588384.8526 0 0 0 0 0 0 0 0 
0 0 0 0 0 0 0 0 3875814.348 6338821.342 6133571.399 6243038.903 6294352.103 6219093.932 6075418.908 6188306.999 5965952.412 6195149.207 6126732.428 6071998.96 6290933.002 6201990.97 5859906.416 6338824.421 6191727.864 6314877.994 6034368.386 6243039.428 6201988.856 6263563.395 6178041.71 3858710.07 0 0 0 0 0 0 0 0 
0 0 0 0 0 0 0 950994.1304 6243037.427 6099362.704 5890691.918 5986476.004 6106206.052 6075418.891 6089102.649 6085682.068 6037790.47 6225937.123 6311458.378 6410662.896 6075420.199 6071999.255 6164361.915 6109628.24 6126732.259 6082260.87 6065156.333 5996739.07 6095943.039 5894112.703 5887270.484 5996736.784 889418.9779 0 0 0 0 0 0 0 
0 0 0 0 0 0 0 3335321.239 5989895.361 6071996.248 5955688.219 5931742.847 6509865.939 6171202.801 6027527.736 6020686.308 6061736.699 6164362.257 6201991.634 6095945.537 5866748.899 5907798.965 5965953.223 6150678.697 5866748.349 6232778.39 6444870.387 6095943.827 6089101.648 6068576.037 6239617.558 6287508.642 3260062.695 0 0 0 0 0 0 0 
0 0 0 0 0 0 0 5305726.505 6280667.271 6160938.464 5928321.701 6160939.599 6249882.07 6181465.607 6311458.07 6037790.825 6236200.07 6119891.475 6215675.307 5942007.755 6065158.156 6113049.965 6068578.851 6013845.136 6164362.063 6417504.229 6078840.263 6058314.771 5719650.748 5904375.791 6037788.099 5952266.34 5295463.942 0 0 0 0 0 0 0 
0 0 0 0 0 0 581543.177 5924899.07 6195146.395 6195147.048 6475656.846 6383294.658 6164361.13 6390137.296 6184887.006 5969374.097 6123312.332 6037791.407 6201992.108 5935166.244 6181467.071 6277250.676 5948849.436 6325142.187 6068578.587 6208832.902 6044632.025 6314878.277 6109627.141 6136993.342 6232776.334 6051470.995 6181462.239 629434.9629 0 0 0 0 0 0 
0 0 0 0 0 0 1409386.995 6393554.639 6116467.117 6075417.663 5794909.108 6106206.408 6311457.563 6479079.389 6058315.87 6085682.924 6188308.522 6215675.472 6277250.811 6095946.089 6068579.319 5993320.658 5962532.931 6249883.727 6171204.044 6297775 6095944.795 6420924.581 6054893.755 6109626.72 5856483.685 6256721.668 6157516.5 1484645.531 0 0 0 0 0 0 
0 0 0 0 0 0 1953300.911 5969370.205 6400397.116 5938583.986 6181464.483 6157519.128 6102786.124 6092524.015 6178045.501 5805173.718 5924903.522 6041212.44 6136996.228 5924903.888 5839382.749 5757282.406 6082262.574 6167783.518 6191729.192 6119891.141 6044632.189 6270407.496 5866747.391 6379873.422 6020684.233 6215671.631 6342242.033 1929355.021 0 0 0 0 0 0 
0 0 0 0 0 0 1949880.079 6263562.673 6263563.419 6205409.771 6195147.854 6195148.421 6191728.067 6266987.082 6130153.674 6294354.53 6174625.219 6143837.788 6181467.201 6136996.283 6479080.795 6102787.773 5945428.77 6044633.098 6229358.473 5675181.329 6099365.698 6102786.131 6119889.845 6178043.627 6461973.02 6058312.839 5918057.587 1871200.701 0 0 0 0 0 0 
0 0 0 0 0 0 1433332.888 6239616.705 6273825.873 6126730.296 6099364.175 6150677.393 5853064.437 6243041.106 5983057.3 6236200.107 6123312.473 6109629.274 6113050.25 6092525.225 6328563.539 6195150.532 6058316.6 5955691.067 6362771.358 5993319.828 5873589.9 6065156.789 6178044.14 6044630.676 5965950.69 5894112.319 6010420.262 1566745.739 0 0 0 0 0 0 
0 0 0 0 0 0 639697.4851 6260141.653 5993316.636 6376451.744 6431185.891 6222514.999 6181465.342 6065157.066 5989898.862 6119891.246 6178045.893 6024108.027 6167783.646 6051474.985 5883853.54 6154100.264 6184887.741 6017266.142 6362771.246 6191728.684 6041211.162 6229357.173 6212252.471 6513286.13 5979633.94 6184883.827 6667221.883 649960.0077 0 0 0 0 0 0 
0 0 0 0 0 0 0 5452822.704 6065154.171 6133571.7 6123309.787 6239619.03 6000160.435 6034369.266 5979636.14 5842802.659 6225937.509 6256725.313 5942007.668 5918061.865 6301196.479 5808594.75 6167783.316 6205412.436 6280670.734 5996740.385 5989898.32 6119889.995 6010422.486 5976213.494 6328559.78 6106204.272 5274938.883 0 0 0 0 0 0 0 
0 0 0 0 0 0 0 3249800.18 6167779.22 6188304.892 6181463.896 6212252.006 6078839.617 6280669.821 5921481.53 6150678.416 6065157.59 6030949.327 6232779.267 6024107.811 5965953.418 5873590.573 6215674.916 6102786.832 5753860.469 5952269.133 6232778.046 6198569.118 6195147.786 6136992.9 6222513.372 6215670.985 3290850.284 0 0 0 0 0 0 0 
0 0 0 0 0 0 0 954414.9815 6123307.929 5880428.777 5877008.522 6362768.806 6352506.827 6260144.467 6044631.643 6201990.785 6191728.493 6095945.006 6181466.308 6024107.548 5983057.303 6123311.938 6349087.55 5801752.176 6136994.755 6126731.935 6287511.159 6027526.645 5976213.501 5914637.784 6219092.182 6133570.462 923627.394 0 0 0 0 0 0 0 
0 0 0 0 0 0 0 0 3865551.741 5993316.262 5931741.623 6256722.298 5976213.574 6020685.006 5883851.635 6188307.029 6154098.854 6082261.298 6113049.037 5842802.448 6355929.036 6287512.118 6178044.953 6054894.389 5832539.255 6119889.88 6099364.426 6222514.328 6386714.4 6013841.901 6277246.163 3759505.664 0 0 0 0 0 0 0 0 
0 0 0 0 0 0 0 0 578122.3548 5640969.104 6263562.946 6290930.286 6119888.632 5996738.655 5921480.477 6335402.91 6051473.062 6102785.923 6034369.195 6130152.921 6188307.235 6037790.064 6150677.774 6030948.056 6082260.492 6284089.921 6321718.819 6219093.072 6102783.941 6201987.779 5610181.477 578122.3294 0 0 0 0 0 0 0 0 
0 0 0 0 0 0 0 0 0 1628320.907 6273825.003 6201987.901 5962529.346 6178042.91 6184884.987 6123310.022 6232777.365 6119889.662 6102785.568 6212252.674 6212252.668 6256723.589 5856484.673 6215673.053 5924901.085 6160939.113 6082259.251 6167779.947 5959108.009 6239616.597 1696737.751 0 0 0 0 0 0 0 0 0 
0 0 0 0 0 0 0 0 0 0 2168813.975 6044628.549 6113045.948 6020683.616 6321718.031 6130151.256 6041209.537 5870167.579 6373031.649 6205410.417 6048051.577 6106205.843 6054893.076 6024105.332 6345664.319 6184884.398 5969370.93 6379871.607 6006999.268 2261176.761 0 0 0 0 0 0 0 0 0 0 
0 0 0 0 0 0 0 0 0 0 0 1580429.136 5579393.904 6143833.248 6277246.471 6277246.838 6133571.658 6266984.631 6133571.993 6147255.447 6119888.706 5986475.761 5996738.116 5931741.993 6188304.931 6082258.534 6126729.159 5918057.303 1621479.217 0 0 0 0 0 0 0 0 0 0 0 
0 0 0 0 0 0 0 0 0 0 0 0 588384.8665 3937389.476 6133570.543 6147254.149 6167779.412 6304613.399 5774382.792 6321717.725 6191725.732 6126729.608 5979633.23 6266983.882 6297771.254 5914636.535 3807397.538 619172.4233 0 0 0 0 0 0 0 0 0 0 0 0 
0 0 0 0 0 0 0 0 0 0 0 0 0 0 858631.3903 3307954.457 5274938.916 6188303.939 5835957.272 6280666.871 6249879.289 6071995.466 6126728.816 5360459.961 3184804.229 807318.7806 0 0 0 0 0 0 0 0 0 0 0 0 0 0 
0 0 0 0 0 0 0 0 0 0 0 0 0 0 0 0 0 523388.8334 1470962.165 1984088.459 1912250.814 1340970.158 516547.1624 0 0 0 0 0 0 0 0 0 0 0 0 0 0 0 0 0 
0 0 0 0 0 0 0 0 0 0 0 0 0 0 0 0 0 0 0 0 0 0 0 0 0 0 0 0 0 0 0 0 0 0 0 0 0 0 0 0 
0 0 0 0 0 0 0 0 0 0 0 0 0 0 0 0 0 0 0 0 0 0 0 0 0 0 0 0 0 0 0 0 0 0 0 0 0 0 0 0 
0 0 0 0 0 0 0 0 0 0 0 0 0 0 0 0 0 0 0 0 0 0 0 0 0 0 0 0 0 0 0 0 0 0 0 0 0 0 0 0 
0 0 0 0 0 0 0 0 0 0 0 0 0 0 0 0 0 0 0 0 0 0 0 0 0 0 0 0 0 0 0 0 0 0 0 0 0 0 0 0 
0 0 0 0 0 0 0 0 0 0 0 0 0 0 0 0 0 0 0 0 0 0 0 0 0 0 0 0 0 0 0 0 0 0 0 0 0 0 0 0 
0 0 0 0 0 0 0 0 0 0 0 0 0 0 0 0 0 0 0 0 0 0 0 0 0 0 0 0 0 0 0 0 0 0 0 0 0 0 0 0 
# Errors [psd_source/PSD_source.dat] I_err:
0 0 0 0 0 0 0 0 0 0 0 0 0 0 0 0 0 0 0 0 0 0 0 0 0 0 0 0 0 0 0 0 0 0 0 0 0 0 0 0 
0 0 0 0 0 0 0 0 0 0 0 0 0 0 0 0 0 0 0 0 0 0 0 0 0 0 0 0 0 0 0 0 0 0 0 0 0 0 0 0 
0 0 0 0 0 0 0 0 0 0 0 0 0 0 0 0 0 0 0 0 0 0 0 0 0 0 0 0 0 0 0 0 0 0 0 0 0 0 0 0 
0 0 0 0 0 0 0 0 0 0 0 0 0 0 0 0 0 0 0 0 0 0 0 0 0 0 0 0 0 0 0 0 0 0 0 0 0 0 0 0 
0 0 0 0 0 0 0 0 0 0 0 0 0 0 0 0 0 0 0 0 0 0 0 0 0 0 0 0 0 0 0 0 0 0 0 0 0 0 0 0 
0 0 0 0 0 0 0 0 0 0 0 0 0 0 0 0 0 0 0 0 0 0 0 0 0 0 0 0 0 0 0 0 0 0 0 0 0 0 0 0 
0 0 0 0 0 0 0 0 0 0 0 0 0 0 0 0 0 44994.15256 71511.14892 80298.76039 81528.07935 74633.96732 43808.15502 0 0 0 0 0 0 0 0 0 0 0 0 0 0 0 0 0 
0 0 0 0 0 0 0 0 0 0 0 0 0 0 55792.24763 107688.6363 135760.4709 145857.9175 148442.4907 143063.2181 142201.7533 143675.3848 142981.3927 137132.6904 107688.6372 59840.29931 0 0 0 0 0 0 0 0 0 0 0 0 0 0 
0 0 0 0 0 0 0 0 0 0 0 0 41616.34033 113662.6008 145456.2151 147691.6847 143797.5158 146897.2217 145737.5451 141252.234 142776.6577 145576.8612 145978.2311 146897.2168 146378.49 143593.9091 116409.2094 43270.61273 0 0 0 0 0 0 0 0 0 0 0 0 
0 0 0 0 0 0 0 0 0 0 0 78679.37351 138364.5132 141003.462 142899.542 144891.9842 143797.5313 144851.6048 142612.6548 144244.433 145295.262 147374.439 145174.397 144041.4637 148757.5113 142653.6578 146338.5126 138997.3772 75568.87749 0 0 0 0 0 0 0 0 0 0 0 
0 0 0 0 0 0 0 0 0 0 87549.50569 142571.5847 145335.4997 144406.5807 143797.5329 144163.2834 143675.424 144649.5103 146737.8429 145898.08 141500.5831 142776.6868 146498.3993 145576.8871 146817.5559 144689.9388 143022.3303 149267.9538 146697.9121 86405.89848 0 0 0 0 0 0 0 0 0 0 
0 0 0 0 0 0 0 0 0 75258.52995 144041.4358 143308.4086 144649.4883 142735.6836 143838.2304 144932.3882 145777.7225 146058.4148 145456.2782 145214.726 145174.4284 145214.7233 143960.2305 143756.8626 144730.3917 144528.1057 143797.5379 146937.0546 145295.2376 143634.6513 78679.37078 0 0 0 0 0 0 0 0 0 
0 0 0 0 0 0 0 0 44470.94822 137983.3998 149111.0759 144000.8325 144891.9959 146937.0762 145013.1116 149854.8279 145214.7279 144770.8346 144244.4708 141500.6077 143349.2931 143063.2888 142530.6107 144122.7206 146298.5791 145053.4552 143634.6963 144730.3764 140004.0321 144447.0834 138913.1597 44863.92442 0 0 0 0 0 0 0 0 
0 0 0 0 0 0 0 0 115145.776 147255.2549 144851.5945 146138.487 146737.84 145857.974 144163.3108 145496.507 142858.6509 145576.9263 144770.8489 144122.7399 146698.0008 145657.2907 141583.2896 147255.3264 145536.7166 146976.9111 143675.4378 146138.4993 145657.241 146378.5043 145375.7482 114891.4204 0 0 0 0 0 0 0 0 
0 0 0 0 0 0 0 57036.83765 146138.4525 144447.0871 141954.6869 143104.1478 144528.1172 144163.3104 144325.5743 144285.0339 143716.1858 145938.2171 146937.1247 148087.4132 144163.3415 144122.7469 145214.7513 144568.6274 144770.8449 144244.4675 144041.4988 143226.7688 144406.6025 141995.8975 141913.4487 143226.7141 55159.42343 0 0 0 0 0 0 0 
0 0 0 0 0 0 0 106815.7665 143144.9933 144122.6755 142735.6867 142448.4633 149228.8014 145295.2953 143593.9907 143512.4789 144000.901 145214.7593 145657.3063 144406.6617 141665.937 142160.6955 142858.6703 145053.4949 141665.9237 146018.3711 148481.976 144406.6212 144325.5505 144082.0869 146098.4319 146658.0281 105603.7893 0 0 0 0 0 0 0 
0 0 0 0 0 0 0 134722.1362 146578.2216 145174.3916 142407.375 145174.4183 146218.5756 145416.0625 146937.1176 143716.1943 146058.456 144690.0113 145817.9056 142571.6924 144041.5421 144609.1153 144082.1537 143430.9269 145214.7547 148166.406 144203.9038 143960.2372 139878.6314 142119.4752 143716.1294 142694.6635 134591.7801 0 0 0 0 0 0 0 
0 0 0 0 0 0 44602.32563 142366.2392 145576.8602 145576.8756 148836.1817 147770.9525 145214.7328 147850.1445 145456.3069 142899.6224 144730.4447 143716.2082 145657.3174 142489.5938 145416.097 146538.3975 142653.7479 147096.3299 144082.1474 145737.6147 143797.5852 146976.9177 144568.6014 144892.0085 146018.3229 143878.8771 145415.9833 46402.5611 0 0 0 0 0 0 
0 0 0 0 0 0 69435.51354 147889.6327 144649.4838 144163.2813 140795.8732 144528.1257 146937.1057 148875.5278 143960.2633 144285.0542 145496.5428 145817.9095 146538.4006 144406.6748 144082.1648 143185.9691 142817.7205 146218.6144 145295.3246 146777.7569 144406.6441 148205.8794 143919.5836 144568.5915 141541.9119 146298.5369 145134.0557 71265.26599 0 0 0 0 0 0 
0 0 0 0 0 0 81743.09902 142899.5292 147968.7575 142530.5767 145416.0361 145134.1177 144487.6492 144366.1218 145375.8375 140920.5402 142366.3462 143756.9197 144892.0767 142366.355 141335.1493 140338.0621 144244.508 145255.0562 145536.7478 144690.0034 143797.5891 146458.4835 141665.9005 147731.3424 143512.4294 145817.8194 147294.9803 81240.50186 0 0 0 0 0 0 
0 0 0 0 0 0 81671.48919 146378.4874 146378.5049 145697.4074 145576.8945 145576.9078 145536.7214 146418.5376 144811.2689 146737.8966 145335.5971 144972.8159 145416.1 144892.078 148875.5601 144487.6882 142612.7303 143797.6107 145978.3164 139333.8217 144447.158 144487.6493 144689.9727 145375.7934 148678.8391 143960.1913 142284.0227 80006.76462 0 0 0 0 0 0 
0 0 0 0 0 0 70022.89375 146098.4119 146498.3709 144770.7985 144447.1219 145053.4641 141500.6062 146138.5386 143063.3062 146058.4569 144730.4481 144568.6519 144609.1221 144366.1505 147136.1136 145576.9574 143960.2807 142735.755 147533.2282 143185.9493 141748.5003 144041.5097 145375.8054 143797.5531 142858.6097 141995.8883 143390.0312 73209.22058 0 0 0 0 0 0 
0 0 0 0 0 0 46779.31307 146338.5055 143185.873 147691.7115 148324.2422 145898.0887 145416.0563 144041.5162 143145.077 144690.0059 145375.8467 143553.2645 145255.0592 143878.9719 141872.3068 145093.8437 145456.3242 143471.7187 147533.2256 145536.7359 143756.8893 145978.2859 145777.7274 149267.9901 143022.3416 145456.2321 151021.5728 47153.05491 0 0 0 0 0 0 
0 0 0 0 0 0 0 136576.8898 144041.4475 144851.6017 144730.3846 146098.4663 143267.6273 143675.4587 143022.3942 141376.5193 145938.2262 146298.6222 142571.6903 142284.1256 146817.6298 140962.0591 145255.0514 145697.47 146578.3024 143226.8002 143145.064 144689.9763 143390.0842 142981.435 147136.0262 144528.0751 134330.6899 0 0 0 0 0 0 0 
0 0 0 0 0 0 0 105437.4407 145254.955 145496.4575 145416.0223 145777.7165 144203.8885 146578.2811 142325.2139 145053.4882 144041.5287 143634.7502 146018.3916 143553.2594 142858.675 141748.5166 145817.8964 144487.6659 140296.3364 142694.7305 146018.363 145617.0912 145576.8929 144891.9981 145898.0506 145817.8042 106101.2716 0 0 0 0 0 0 0 
0 0 0 0 0 0 0 57139.33034 144730.3406 141830.9644 141789.7186 147533.169 147414.1554 146338.5713 143797.5761 145657.2863 145536.7314 144406.6491 145416.079 143553.2531 143063.3063 144730.4354 147374.495 140878.9966 144892.0419 144770.8372 146658.0869 143593.9647 142981.4351 142242.9192 145857.933 144851.5724 56210.17316 0 0 0 0 0 0 0 
0 0 0 0 0 0 0 0 114993.229 143185.8641 142448.434 146298.5517 142981.4369 143512.4479 141872.2609 145496.5078 145093.8105 144244.4777 144609.0934 141376.5142 147453.8732 146658.1092 145375.8245 143919.5987 141252.2839 144689.9736 144447.1278 145898.073 147810.5173 143430.8497 146538.2921 113404.9202 0 0 0 0 0 0 0 0 
0 0 0 0 0 0 0 0 44470.95037 138913.1608 146378.4938 146697.9375 144689.9441 143226.7588 142325.1886 147215.5713 143878.9262 144487.6444 143675.457 144811.2511 145496.5126 143716.1762 145053.4731 143634.7199 144244.4586 146618.1761 147056.4886 145857.9539 144487.5975 145657.2157 138533.5572 44470.94841 0 0 0 0 0 0 0 0 
0 0 0 0 0 0 0 0 0 74633.9664 146498.3506 145657.2186 142817.6347 145375.7765 145456.2594 144730.3901 146018.347 144689.9684 144487.636 145777.7321 145777.732 146298.5818 141541.9358 145817.8527 142366.2876 145174.4069 144244.4292 145254.9721 142776.648 146098.4094 76185.77405 0 0 0 0 0 0 0 0 0 
0 0 0 0 0 0 0 0 0 0 86134.60649 143797.5025 144609.0203 143512.4147 147056.4702 144811.2118 143756.8506 141707.1807 147652.1067 145697.4226 143838.2385 144528.1123 143919.5675 143553.2003 147334.732 145456.2455 142899.5465 147731.3004 143349.2164 87949.58279 0 0 0 0 0 0 0 0 0 0 
0 0 0 0 0 0 0 0 0 0 0 73528.21786 138152.9119 144972.7088 146538.2993 146538.3079 144851.6007 146418.4803 144851.6086 145013.095 144689.9458 143104.142 143226.746 142448.4428 145496.4584 144244.4122 144770.7716 142284.0159 74477.00707 0 0 0 0 0 0 0 0 0 0 0 
0 0 0 0 0 0 0 0 0 0 0 0 44863.92547 116056.8328 144851.5743 145013.0644 145254.9595 146857.3858 140546.2781 147056.4631 145536.6665 144770.7822 143022.3246 146418.4628 146777.6696 142242.8892 114124.9611 46022.72378 0 0 0 0 0 0 0 0 0 0 0 0 
0 0 0 0 0 0 0 0 0 0 0 0 0 0 54196.33279 106376.6439 134330.6908 145496.4351 141293.6324 146578.2122 146218.5106 144122.657 144770.7635 135415.2445 104377.7428 52551.97643 0 0 0 0 0 0 0 0 0 0 0 0 0 0 
0 0 0 0 0 0 0 0 0 0 0 0 0 0 0 0 0 42313.47928 70936.09458 82384.78906 80879.59178 67729.22085 42036.01191 0 0 0 0 0 0 0 0 0 0 0 0 0 0 0 0 0 
0 0 0 0 0 0 0 0 0 0 0 0 0 0 0 0 0 0 0 0 0 0 0 0 0 0 0 0 0 0 0 0 0 0 0 0 0 0 0 0 
0 0 0 0 0 0 0 0 0 0 0 0 0 0 0 0 0 0 0 0 0 0 0 0 0 0 0 0 0 0 0 0 0 0 0 0 0 0 0 0 
0 0 0 0 0 0 0 0 0 0 0 0 0 0 0 0 0 0 0 0 0 0 0 0 0 0 0 0 0 0 0 0 0 0 0 0 0 0 0 0 
0 0 0 0 0 0 0 0 0 0 0 0 0 0 0 0 0 0 0 0 0 0 0 0 0 0 0 0 0 0 0 0 0 0 0 0 0 0 0 0 
0 0 0 0 0 0 0 0 0 0 0 0 0 0 0 0 0 0 0 0 0 0 0 0 0 0 0 0 0 0 0 0 0 0 0 0 0 0 0 0 
0 0 0 0 0 0 0 0 0 0 0 0 0 0 0 0 0 0 0 0 0 0 0 0 0 0 0 0 0 0 0 0 0 0 0 0 0 0 0 0 
# Events [psd_source/PSD_source.dat] N:
0 0 0 0 0 0 0 0 0 0 0 0 0 0 0 0 0 0 0 0 0 0 0 0 0 0 0 0 0 0 0 0 0 0 0 0 0 0 0 0 
0 0 0 0 0 0 0 0 0 0 0 0 0 0 0 0 0 0 0 0 0 0 0 0 0 0 0 0 0 0 0 0 0 0 0 0 0 0 0 0 
0 0 0 0 0 0 0 0 0 0 0 0 0 0 0 0 0 0 0 0 0 0 0 0 0 0 0 0 0 0 0 0 0 0 0 0 0 0 0 0 
0 0 0 0 0 0 0 0 0 0 0 0 0 0 0 0 0 0 0 0 0 0 0 0 0 0 0 0 0 0 0 0 0 0 0 0 0 0 0 0 
0 0 0 0 0 0 0 0 0 0 0 0 0 0 0 0 0 0 0 0 0 0 0 0 0 0 0 0 0 0 0 0 0 0 0 0 0 0 0 0 
0 0 0 0 0 0 0 0 0 0 0 0 0 0 0 0 0 0 0 0 0 0 0 0 0 0 0 0 0 0 0 0 0 0 0 0 0 0 0 0 
0 0 0 0 0 0 0 0 0 0 0 0 0 0 0 0 0 173 437 551 568 476 164 0 0 0 0 0 0 0 0 0 0 0 0 0 0 0 0 0 
0 0 0 0 0 0 0 0 0 0 0 0 0 0 266 991 1575 1818 1883 1749 1728 1764 1747 1607 991 306 0 0 0 0 0 0 0 0 0 0 0 0 0 0 
0 0 0 0 0 0 0 0 0 0 0 0 148 1104 1808 1864 1767 1844 1815 1705 1742 1811 1821 1844 1831 1762 1158 160 0 0 0 0 0 0 0 0 0 0 0 0 
0 0 0 0 0 0 0 0 0 0 0 529 1636 1699 1745 1794 1767 1793 1738 1778 1804 1856 1801 1773 1891 1739 1830 1651 488 0 0 0 0 0 0 0 0 0 0 0 
0 0 0 0 0 0 0 0 0 0 655 1737 1805 1782 1767 1776 1764 1788 1840 1819 1711 1742 1834 1811 1842 1789 1748 1904 1839 638 0 0 0 0 0 0 0 0 0 0 
0 0 0 0 0 0 0 0 0 484 1773 1755 1788 1741 1768 1795 1816 1823 1808 1802 1801 1802 1771 1766 1790 1785 1767 1845 1804 1763 529 0 0 0 0 0 0 0 0 0 
0 0 0 0 0 0 0 0 169 1627 1900 1772 1794 1845 1797 1919 1802 1791 1778 1711 1756 1749 1736 1775 1829 1798 1763 1790 1675 1783 1649 172 0 0 0 0 0 0 0 0 
0 0 0 0 0 0 0 0 1133 1853 1793 1825 1840 1818 1776 1809 1744 1811 1791 1775 1839 1813 1713 1853 1810 1846 1764 1825 1813 1831 1806 1128 0 0 0 0 0 0 0 0 
0 0 0 0 0 0 0 278 1825 1783 1722 1750 1785 1776 1780 1779 1765 1820 1845 1874 1776 1775 1802 1786 1791 1778 1773 1753 1782 1723 1721 1753 260 0 0 0 0 0 0 0 
0 0 0 0 0 0 0 975 1751 1775 1741 1734 1903 1804 1762 1760 1772 1802 1813 1782 1715 1727 1744 1798 1715 1822 1884 1782 1780 1774 1824 1838 953 0 0 0 0 0 0 0 
0 0 0 0 0 0 0 1551 1836 1801 1733 1801 1827 1807 1845 1765 1823 1789 1817 1737 1773 1787 1774 1758 1802 1876 1777 1771 1672 1726 1765 1740 1548 0 0 0 0 0 0 0 
0 0 0 0 0 0 170 1732 1811 1811 1893 1866 1802 1868 1808 1745 1790 1765 1813 1735 1807 1835 1739 1849 1774 1815 1767 1846 1786 1794 1822 1769 1807 184 0 0 0 0 0 0 
0 0 0 0 0 0 412 1869 1788 1776 1694 1785 1845 1894 1771 1779 1809 1817 1835 1782 1774 1752 1743 1827 1804 1841 1782 1877 1770 1786 1712 1829 1800 434 0 0 0 0 0 0 
0 0 0 0 0 0 571 1745 1871 1736 1807 1800 1784 1781 1806 1697 1732 1766 1794 1732 1707 1683 1778 1803 1810 1789 1767 1833 1715 1865 1760 1817 1854 564 0 0 0 0 0 0 
0 0 0 0 0 0 570 1831 1831 1814 1811 1811 1810 1832 1792 1840 1805 1796 1807 1794 1894 1784 1738 1767 1821 1659 1783 1784 1789 1806 1889 1771 1730 547 0 0 0 0 0 0 
0 0 0 0 0 0 419 1824 1834 1791 1783 1798 1711 1825 1749 1823 1790 1786 1787 1781 1850 1811 1771 1741 1860 1752 1717 1773 1806 1767 1744 1723 1757 458 0 0 0 0 0 0 
0 0 0 0 0 0 187 1830 1752 1864 1880 1819 1807 1773 1751 1789 1806 1761 1803 1769 1720 1799 1808 1759 1860 1810 1766 1821 1816 1904 1748 1808 1949 190 0 0 0 0 0 0 
0 0 0 0 0 0 0 1594 1773 1793 1790 1824 1754 1764 1748 1708 1820 1829 1737 1730 1842 1698 1803 1814 1836 1753 1751 1789 1757 1747 1850 1785 1542 0 0 0 0 0 0 0 
0 0 0 0 0 0 0 950 1803 1809 1807 1816 1777 1836 1731 1798 1773 1763 1822 1761 1744 1717 1817 1784 1682 1740 1822 1812 1811 1794 1819 1817 962 0 0 0 0 0 0 0 
0 0 0 0 0 0 0 279 1790 1719 1718 1860 1857 1830 1767 1813 1810 1782 1807 1761 1749 1790 1856 1696 1794 1791 1838 1762 1747 1729 1818 1793 270 0 0 0 0 0 0 0 
0 0 0 0 0 0 0 0 1130 1752 1734 1829 1747 1760 1720 1809 1799 1778 1787 1708 1858 1838 1806 1770 1705 1789 1783 1819 1867 1758 1835 1099 0 0 0 0 0 0 0 0 
0 0 0 0 0 0 0 0 169 1649 1831 1839 1789 1753 1731 1852 1769 1784 1764 1792 1809 1765 1798 1763 1778 1837 1848 1818 1784 1813 1640 169 0 0 0 0 0 0 0 0 
0 0 0 0 0 0 0 0 0 476 1834 1813 1743 1806 1808 1790 1822 1789 1784 1816 1816 1829 1712 1817 1732 1801 1778 1803 1742 1824 496 0 0 0 0 0 0 0 0 0 
0 0 0 0 0 0 0 0 0 0 634 1767 1787 1760 1848 1792 1766 1716 1863 1814 1768 1785 1770 1761 1855 1808 1745 1865 1756 661 0 0 0 0 0 0 0 0 0 0 
0 0 0 0 0 0 0 0 0 0 0 462 1631 1796 1835 1835 1793 1832 1793 1797 1789 1750 1753 1734 1809 1778 1791 1730 474 0 0 0 0 0 0 0 0 0 0 0 
0 0 0 0 0 0 0 0 0 0 0 0 172 1151 1793 1797 1803 1843 1688 1848 1810 1791 1748 1832 1841 1729 1113 181 0 0 0 0 0 0 0 0 0 0 0 0 
0 0 0 0 0 0 0 0 0 0 0 0 0 0 251 967 1542 1809 1706 1836 1827 1775 1791 1567 931 236 0 0 0 0 0 0 0 0 0 0 0 0 0 0 
0 0 0 0 0 0 0 0 0 0 0 0 0 0 0 0 0 153 430 580 559 392 151 0 0 0 0 0 0 0 0 0 0 0 0 0 0 0 0 0 
0 0 0 0 0 0 0 0 0 0 0 0 0 0 0 0 0 0 0 0 0 0 0 0 0 0 0 0 0 0 0 0 0 0 0 0 0 0 0 0 
0 0 0 0 0 0 0 0 0 0 0 0 0 0 0 0 0 0 0 0 0 0 0 0 0 0 0 0 0 0 0 0 0 0 0 0 0 0 0 0 
0 0 0 0 0 0 0 0 0 0 0 0 0 0 0 0 0 0 0 0 0 0 0 0 0 0 0 0 0 0 0 0 0 0 0 0 0 0 0 0 
0 0 0 0 0 0 0 0 0 0 0 0 0 0 0 0 0 0 0 0 0 0 0 0 0 0 0 0 0 0 0 0 0 0 0 0 0 0 0 0 
0 0 0 0 0 0 0 0 0 0 0 0 0 0 0 0 0 0 0 0 0 0 0 0 0 0 0 0 0 0 0 0 0 0 0 0 0 0 0 0 
0 0 0 0 0 0 0 0 0 0 0 0 0 0 0 0 0 0 0 0 0 0 0 0 0 0 0 0 0 0 0 0 0 0 0 0 0 0 0 0 
