# Format: McCode with text headers
# URL: http://www.mccode.org
# Creator: McStas 2.4.1 - Jun. 26, 2017
# Instrument: MAGiC_elearning.instr
# Ncount: 2500000
# Trace: no
# Gravitation: no
# Seed: 1563294346
# Directory: MAGiC_HR/34
# Nodes: 40
# Param: spectrum=0
# Param: high_res=1
# Param: coll_set=0.3
# Param: sample_rot=340
# Date: Tue Jul 16 10:44:01 2019 (1563266641)
# type: array_1d(101)
# Source: MAGiC_half_polarized (MAGiC_elearning.instr)
# component: L_out
# position: -0.034 -0.674259 159.42
# title: Wavelength monitor
# Ncount: 100000000
# filename: L_out.txt
# statistics: X0=1.43476; dX=0.352784;
# signal: Min=0; Max=2.42018e+07; Mean=4.30175e+06;
# values: 4.34476e+08 1.12605e+06 291692
# xvar: L
# yvar: (I,I_err)
# xlabel: Wavelength [AA]
# ylabel: Intensity
# xlimits: 0.2 6
# variables: L I I_err N
0.2287128713 0 0 0 
0.2861386139 0 0 0 
0.3435643564 9.059385372e-126 9.549430659e-126 9 
0.400990099 7.47800302e-19 6.035689956e-19 1242 
0.4584158416 932.5309429 445.0582681 5540 
0.5158415842 58628.98851 4123.786306 9645 
0.5732673267 359619.8152 12910.88595 9951 
0.6306930693 982994.293 24890.68139 9939 
0.6881188119 2397263.237 48316.92932 10123 
0.7455445545 4202694.197 78210.13497 9874 
0.802970297 6564177.089 115085.4234 9908 
0.8603960396 9715572.158 158700.9043 10079 
0.9178217822 13218618.89 202684.1903 10229 
0.9752475248 16435982.7 240147.0041 10132 
1.032673267 18621684.51 265846.3898 10195 
1.09009901 20398043.34 284492.042 9912 
1.147524752 21993688.59 296896.3331 9972 
1.204950495 22620424.82 299792.7472 9913 
1.262376238 23795937.78 303709.1039 10134 
1.31980198 23938315.17 298646.3634 10095 
1.377227723 24201770.93 292899.1427 10176 
1.434653465 23342880.05 278883.9259 9993 
1.492079208 22960131.94 267472.8884 10070 
1.54950495 22404522.33 254569.3793 10232 
1.606930693 21186165.44 237972.0074 10097 
1.664356436 20194511.79 223193.0188 10054 
1.721782178 19363986.96 209371.615 10152 
1.779207921 18026405.09 193427.5466 9995 
1.836633663 16730369.12 178163.4947 9922 
1.894059406 15970278.75 166341.4727 10117 
1.951485149 14547330.1 151409.9891 9976 
2.008910891 13345757.39 138989.2717 9763 
2.066336634 10906173.86 120789.2837 8410 
2.123762376 5179443.71 77498.67899 4696 
2.181188119 811983.4283 25854.27213 1147 
2.238613861 0 0 0 
2.296039604 0 0 0 
2.353465347 0 0 0 
2.410891089 0 0 0 
2.468316832 0 0 0 
2.525742574 0 0 0 
2.583168317 0 0 0 
2.640594059 0 0 0 
2.698019802 0 0 0 
2.755445545 0 0 0 
2.812871287 0 0 0 
2.87029703 0 0 0 
2.927722772 0 0 0 
2.985148515 0 0 0 
3.042574257 0 0 0 
3.1 0 0 0 
3.157425743 0 0 0 
3.214851485 0 0 0 
3.272277228 0 0 0 
3.32970297 0 0 0 
3.387128713 0 0 0 
3.444554455 0 0 0 
3.501980198 0 0 0 
3.559405941 0 0 0 
3.616831683 0 0 0 
3.674257426 0 0 0 
3.731683168 0 0 0 
3.789108911 0 0 0 
3.846534653 0 0 0 
3.903960396 0 0 0 
3.961386139 0 0 0 
4.018811881 0 0 0 
4.076237624 0 0 0 
4.133663366 0 0 0 
4.191089109 0 0 0 
4.248514851 0 0 0 
4.305940594 0 0 0 
4.363366337 0 0 0 
4.420792079 0 0 0 
4.478217822 0 0 0 
4.535643564 0 0 0 
4.593069307 0 0 0 
4.65049505 0 0 0 
4.707920792 0 0 0 
4.765346535 0 0 0 
4.822772277 0 0 0 
4.88019802 0 0 0 
4.937623762 0 0 0 
4.995049505 0 0 0 
5.052475248 0 0 0 
5.10990099 0 0 0 
5.167326733 0 0 0 
5.224752475 0 0 0 
5.282178218 0 0 0 
5.33960396 0 0 0 
5.397029703 0 0 0 
5.454455446 0 0 0 
5.511881188 0 0 0 
5.569306931 0 0 0 
5.626732673 0 0 0 
5.684158416 0 0 0 
5.741584158 0 0 0 
5.799009901 0 0 0 
5.856435644 0 0 0 
5.913861386 0 0 0 
5.971287129 0 0 0 
