# Format: McCode with text headers
# URL: http://www.mccode.org
# Creator: McStas 2.4.1 - Jun. 26, 2017
# Instrument: MAGiC_elearning.instr
# Ncount: 2500000
# Trace: no
# Gravitation: no
# Seed: 1563291970
# Directory: MAGiC_HR/8
# Nodes: 40
# Param: spectrum=0
# Param: high_res=1
# Param: coll_set=0.3
# Param: sample_rot=80
# Date: Tue Jul 16 10:26:05 2019 (1563265565)
# type: array_1d(101)
# Source: MAGiC_half_polarized (MAGiC_elearning.instr)
# component: L_out
# position: -0.034 -0.674259 159.42
# title: Wavelength monitor
# Ncount: 100000000
# filename: L_out.txt
# statistics: X0=1.43627; dX=0.352842;
# signal: Min=0; Max=2.44557e+07; Mean=4.29631e+06;
# values: 4.33928e+08 1.12532e+06 291813
# xvar: L
# yvar: (I,I_err)
# xlabel: Wavelength [AA]
# ylabel: Intensity
# xlimits: 0.2 6
# variables: L I I_err N
0.2287128713 0 0 0 
0.2861386139 0 0 0 
0.3435643564 2.506306314e-122 2.706989595e-122 6 
0.400990099 5.714055876e-17 4.710153178e-17 1261 
0.4584158416 834.9636866 196.6828084 5648 
0.5158415842 59004.93716 4045.960706 9837 
0.5732673267 345091.8737 12613.32772 10035 
0.6306930693 1013371.329 25382.70868 10040 
0.6881188119 2305158.295 47353.69603 10044 
0.7455445545 4278135.242 78732.08079 10088 
0.802970297 6808464.026 117316.9603 10009 
0.8603960396 9760219.46 158962.5447 10020 
0.9178217822 12790460.55 198498.6708 10173 
0.9752475248 15765386.27 235730.573 9894 
1.032673267 18661646.14 266331.7409 10166 
1.09009901 19928706.32 280779.8447 9816 
1.147524752 21714743.52 295836.0835 9907 
1.204950495 23107191.62 303155.5745 9978 
1.262376238 23716669.85 303390.5741 10002 
1.31980198 23927493.27 298542.0011 10115 
1.377227723 24455650.96 294479.3975 10247 
1.434653465 23808121 282119.178 10105 
1.492079208 22594920.62 265182.0134 9950 
1.54950495 22328369.96 254086.5644 10129 
1.606930693 21030421.64 237814.1955 9940 
1.664356436 20619585.96 225681.2931 10237 
1.721782178 19396951.1 209778.4201 10092 
1.779207921 17463613.08 190161.8083 9791 
1.836633663 16892713.68 179049.1938 9991 
1.894059406 15792521.33 165709.0614 9950 
1.951485149 14656681.8 152313.9697 9961 
2.008910891 13682712.99 140539.7658 10051 
2.066336634 10819986.81 120457.69 8315 
2.123762376 5360261.075 78875.95493 4865 
2.181188119 842484.9279 26590.03069 1150 
2.238613861 0 0 0 
2.296039604 0 0 0 
2.353465347 0 0 0 
2.410891089 0 0 0 
2.468316832 0 0 0 
2.525742574 0 0 0 
2.583168317 0 0 0 
2.640594059 0 0 0 
2.698019802 0 0 0 
2.755445545 0 0 0 
2.812871287 0 0 0 
2.87029703 0 0 0 
2.927722772 0 0 0 
2.985148515 0 0 0 
3.042574257 0 0 0 
3.1 0 0 0 
3.157425743 0 0 0 
3.214851485 0 0 0 
3.272277228 0 0 0 
3.32970297 0 0 0 
3.387128713 0 0 0 
3.444554455 0 0 0 
3.501980198 0 0 0 
3.559405941 0 0 0 
3.616831683 0 0 0 
3.674257426 0 0 0 
3.731683168 0 0 0 
3.789108911 0 0 0 
3.846534653 0 0 0 
3.903960396 0 0 0 
3.961386139 0 0 0 
4.018811881 0 0 0 
4.076237624 0 0 0 
4.133663366 0 0 0 
4.191089109 0 0 0 
4.248514851 0 0 0 
4.305940594 0 0 0 
4.363366337 0 0 0 
4.420792079 0 0 0 
4.478217822 0 0 0 
4.535643564 0 0 0 
4.593069307 0 0 0 
4.65049505 0 0 0 
4.707920792 0 0 0 
4.765346535 0 0 0 
4.822772277 0 0 0 
4.88019802 0 0 0 
4.937623762 0 0 0 
4.995049505 0 0 0 
5.052475248 0 0 0 
5.10990099 0 0 0 
5.167326733 0 0 0 
5.224752475 0 0 0 
5.282178218 0 0 0 
5.33960396 0 0 0 
5.397029703 0 0 0 
5.454455446 0 0 0 
5.511881188 0 0 0 
5.569306931 0 0 0 
5.626732673 0 0 0 
5.684158416 0 0 0 
5.741584158 0 0 0 
5.799009901 0 0 0 
5.856435644 0 0 0 
5.913861386 0 0 0 
5.971287129 0 0 0 
