# Format: McCode with text headers
# URL: http://www.mccode.org
# Creator: McStas 2.4.1 - Jun. 26, 2017
# Instrument: MAGiC_elearning.instr
# Ncount: 2500000
# Trace: no
# Gravitation: no
# Seed: 1563293342
# Directory: MAGiC_HR/23
# Nodes: 40
# Param: spectrum=0
# Param: high_res=1
# Param: coll_set=0.3
# Param: sample_rot=230
# Date: Tue Jul 16 10:36:28 2019 (1563266188)
# type: array_1d(101)
# Source: MAGiC_half_polarized (MAGiC_elearning.instr)
# component: L_out
# position: -0.034 -0.674259 159.42
# title: Wavelength monitor
# Ncount: 100000000
# filename: L_out.txt
# statistics: X0=1.4347; dX=0.352268;
# signal: Min=0; Max=2.45987e+07; Mean=4.2983e+06;
# values: 4.34128e+08 1.12697e+06 290836
# xvar: L
# yvar: (I,I_err)
# xlabel: Wavelength [AA]
# ylabel: Intensity
# xlimits: 0.2 6
# variables: L I I_err N
0.2287128713 0 0 0 
0.2861386139 0 0 0 
0.3435643564 1.907880795e-114 2.203030981e-114 3 
0.400990099 1.389565484e-18 8.934805005e-19 1261 
0.4584158416 998.0974578 342.9156012 5708 
0.5158415842 56961.99034 4022.431126 9667 
0.5732673267 296794.5683 11419.52958 9812 
0.6306930693 997968.1641 24997.09432 10016 
0.6881188119 2340127.667 47834.40845 9822 
0.7455445545 4418258.162 80203.3125 10160 
0.802970297 6638671.437 115519.8913 9971 
0.8603960396 9806390.399 159236.4814 10118 
0.9178217822 12654117.5 197359.0722 9941 
0.9752475248 15468053.16 232515.2707 9909 
1.032673267 18576761.4 265997.8817 10110 
1.09009901 20800933.99 287497.3876 10052 
1.147524752 22057116.93 297498.852 10145 
1.204950495 23667753.77 307871.1663 10041 
1.262376238 23892023.54 305142.6296 9922 
1.31980198 24598652.49 303766.1648 10101 
1.377227723 23618267.14 289172.7321 9998 
1.434653465 23617970.28 280968.4594 10022 
1.492079208 22600120.17 265222.1284 9962 
1.54950495 21880185.17 251281.0293 9952 
1.606930693 21280325.03 238794.0109 10088 
1.664356436 20241016.35 223406.4704 10006 
1.721782178 19303465 208947.6791 10223 
1.779207921 18132221.28 193882.2069 10128 
1.836633663 16534924.11 177291.6905 9782 
1.894059406 15835421.89 165893.0107 10020 
1.951485149 14525701.5 151454.5219 9903 
2.008910891 13609772.05 140362.88 9955 
2.066336634 10568957.88 119054.2344 8119 
2.123762376 5245590.639 78052.88293 4750 
2.181188119 862969.9732 27002.02798 1169 
2.238613861 0 0 0 
2.296039604 0 0 0 
2.353465347 0 0 0 
2.410891089 0 0 0 
2.468316832 0 0 0 
2.525742574 0 0 0 
2.583168317 0 0 0 
2.640594059 0 0 0 
2.698019802 0 0 0 
2.755445545 0 0 0 
2.812871287 0 0 0 
2.87029703 0 0 0 
2.927722772 0 0 0 
2.985148515 0 0 0 
3.042574257 0 0 0 
3.1 0 0 0 
3.157425743 0 0 0 
3.214851485 0 0 0 
3.272277228 0 0 0 
3.32970297 0 0 0 
3.387128713 0 0 0 
3.444554455 0 0 0 
3.501980198 0 0 0 
3.559405941 0 0 0 
3.616831683 0 0 0 
3.674257426 0 0 0 
3.731683168 0 0 0 
3.789108911 0 0 0 
3.846534653 0 0 0 
3.903960396 0 0 0 
3.961386139 0 0 0 
4.018811881 0 0 0 
4.076237624 0 0 0 
4.133663366 0 0 0 
4.191089109 0 0 0 
4.248514851 0 0 0 
4.305940594 0 0 0 
4.363366337 0 0 0 
4.420792079 0 0 0 
4.478217822 0 0 0 
4.535643564 0 0 0 
4.593069307 0 0 0 
4.65049505 0 0 0 
4.707920792 0 0 0 
4.765346535 0 0 0 
4.822772277 0 0 0 
4.88019802 0 0 0 
4.937623762 0 0 0 
4.995049505 0 0 0 
5.052475248 0 0 0 
5.10990099 0 0 0 
5.167326733 0 0 0 
5.224752475 0 0 0 
5.282178218 0 0 0 
5.33960396 0 0 0 
5.397029703 0 0 0 
5.454455446 0 0 0 
5.511881188 0 0 0 
5.569306931 0 0 0 
5.626732673 0 0 0 
5.684158416 0 0 0 
5.741584158 0 0 0 
5.799009901 0 0 0 
5.856435644 0 0 0 
5.913861386 0 0 0 
5.971287129 0 0 0 
