# Format: McCode with text headers
# URL: http://www.mccode.org
# Creator: McStas 2.5 - Dec. 12, 2018
# Instrument: ESS_HEIMDAL.instr
# Ncount: 25000
# Trace: no
# Gravitation: no
# Seed: 1565850427
# Directory: TemperatureScan/2
# Nodes: 4
# Param: lmax=4
# Param: lmin=0.5
# Param: T=50
# Param: tau=0
# Param: use_CoFe2O4=1
# Param: use_CoFe=1
# Param: use_magn=1
# Date: Wed Aug 14 12:13:16 2019 (1565777596)
# type: array_2d(40, 40)
# Source: ESS_HEIMDAL (ESS_HEIMDAL.instr)
# component: psd_source
# position: 0 0 0.01
# title: PSD monitor
# Ncount: 100000
# filename: PSD_source.dat
# statistics: X0=-0.0010425; dX=4.99772; Y0=0.00192; dY=5.0183;
# signal: Min=0; Max=7.49165e+06; Mean=2.13803e+06;
# values: 3.42084e+09 1.08177e+07 100000
# xvar: X 
# yvar: Y 
# xlabel: X position [cm]
# ylabel: Y position [cm]
# zvar: I
# zlabel: Signal per bin
# xylimits: -15 15 -15 15
# variables: I I_err N
# Data [psd_source/PSD_source.dat] I:
0 0 0 0 0 0 0 0 0 0 0 0 0 0 0 0 0 0 0 0 0 0 0 0 0 0 0 0 0 0 0 0 0 0 0 0 0 0 0 0 
0 0 0 0 0 0 0 0 0 0 0 0 0 0 0 0 0 0 0 0 0 0 0 0 0 0 0 0 0 0 0 0 0 0 0 0 0 0 0 0 
0 0 0 0 0 0 0 0 0 0 0 0 0 0 0 0 0 0 0 0 0 0 0 0 0 0 0 0 0 0 0 0 0 0 0 0 0 0 0 0 
0 0 0 0 0 0 0 0 0 0 0 0 0 0 0 0 0 0 0 0 0 0 0 0 0 0 0 0 0 0 0 0 0 0 0 0 0 0 0 0 
0 0 0 0 0 0 0 0 0 0 0 0 0 0 0 0 0 0 0 0 0 0 0 0 0 0 0 0 0 0 0 0 0 0 0 0 0 0 0 0 
0 0 0 0 0 0 0 0 0 0 0 0 0 0 0 0 0 0 0 0 0 0 0 0 0 0 0 0 0 0 0 0 0 0 0 0 0 0 0 0 
0 0 0 0 0 0 0 0 0 0 0 0 0 0 0 0 0 547334.7477 1539379.071 1778838.086 1881463.243 1470962.073 478917.9446 0 0 0 0 0 0 0 0 0 0 0 0 0 0 0 0 0 
0 0 0 0 0 0 0 0 0 0 0 0 0 0 889419.0214 3660301.207 5199680.317 6636434.455 6533809.103 5336514.35 6636434.689 6978518.509 5439139.165 4754970.846 3352425.369 855210.6813 0 0 0 0 0 0 0 0 0 0 0 0 0 0 
0 0 0 0 0 0 0 0 0 0 0 0 615751.6783 4241844.406 5507556.189 5712807.147 5883849.312 6875894.246 6739060.625 7286395.56 6773268.949 5781224.337 6260142.307 6362767.263 5644390.283 6807476.652 3728717.95 923627.5387 0 0 0 0 0 0 0 0 0 0 0 0 
0 0 0 0 0 0 0 0 0 0 0 1847254.688 4994429.733 6191725.025 6054891.754 6157517.254 5986475.166 6431185.421 5883850.238 5028639.728 5712808.209 6294351.404 6773269.191 6362768.335 5918058.352 6499601.273 7252186.447 5233889.054 1881463.1 0 0 0 0 0 0 0 0 0 0 0 
0 0 0 0 0 0 0 0 0 0 2565631.731 5473348.099 6910102.142 6328559.701 5541765.855 7149562.823 5986476.23 6260143.767 4960223.287 6123310.16 5268099.347 5952267.854 5952267.853 6328560.181 6089101.172 6704852.545 6328559.416 6054891.502 5439139.438 1915671.681 0 0 0 0 0 0 0 0 0 0 
0 0 0 0 0 0 0 0 0 1470962.306 6294350.209 5610182.038 5815433.238 6054892.632 6807478.59 6431186.036 6636437.051 6225935.77 5883851.59 5918059.999 5952268.55 5781226.018 6191727.443 5712809.174 6191726.863 5678600.057 6157517.8 6157517.518 5986474.902 5541764.745 1744629.513 0 0 0 0 0 0 0 0 0 
0 0 0 0 0 0 0 0 547334.7522 5918057.209 6431184.247 6568018.447 5678599.876 6499602.778 6773270.489 6465394.887 5781226.263 6191727.848 6773271.644 6157519.615 7115355.943 6396978.773 6020685.709 6465395.243 5918059.843 5952268.129 5610183.437 5883850.412 6533810.16 6020683.164 5815431.948 581543.2016 0 0 0 0 0 0 0 0 
0 0 0 0 0 0 0 0 3899760.217 6739059.87 5233889.773 6807477.969 6533811.091 6191727.262 5849643.161 5644392.779 5370725.499 5712810.155 5747018.689 5747018.697 5541767.983 6636438.167 5781226.918 5439142.334 6362769.975 6807479.454 5883851.255 6020684.733 7389021.374 5712807.85 5781224.212 4344469.688 0 0 0 0 0 0 0 0 
0 0 0 0 0 0 0 684168.4441 5918057.431 6157516.963 5678599.565 5952267.507 5986476.568 5747017.867 6089102.563 6089102.865 6568021.278 5918061.118 6157520.396 6362771.052 7115356.821 5404934.604 7320607.433 6704855.203 6294353.716 6020685.799 6704854.147 6123310.357 6123309.726 5165473.146 6670643.493 5610181.459 1026252.671 0 0 0 0 0 0 0 
0 0 0 0 0 0 0 4344469.686 5678598.713 6704852.127 5370723.984 5952267.801 6294352.734 6191727.919 6260145.142 6260145.471 5918061.26 5815436.019 5849644.564 5678602.437 7046940.443 7081148.912 6533813.441 5952269.634 5439142.803 6396978.877 6807479.823 5439141.818 6123310.152 6568019.199 6225934.298 6807476.747 4070802.285 0 0 0 0 0 0 0 
0 0 0 0 0 0 0 5268097.284 6191725.294 5883850.134 6020684.51 5712808.99 6054893.935 6568021.038 5404934.363 6636438.623 5644393.903 6089103.905 6054895.557 6807481.511 6670647.736 6636439.162 5781227.864 5610185.421 5952269.633 6089103.149 5883852.209 5986477.064 5473350.021 6396977.217 5883850.15 5610182.09 5439139.249 0 0 0 0 0 0 0 
0 0 0 0 0 0 444709.4881 6362766.864 6636435.082 6910103.233 6294352.107 5918059.865 6533812.263 5575976.312 5370725.955 6225937.455 6499605.223 5747019.589 6294354.966 6294354.965 5404935.296 5849645.104 6396980.132 5678602.536 6294354.34 6739063.811 6020686.134 5541767.492 6020685.212 5404932.872 6328559.959 5883849.694 5678598.488 615751.6114 0 0 0 0 0 0 
0 0 0 0 0 0 1505170.558 5610181.656 6875894.214 6431185.382 6704853.424 6739062.53 6636437.778 6054894.699 6499604.853 5302309.502 6944315.259 5302309.83 6157521.224 6465397.334 6807481.862 5439143.748 6636439.425 6294354.709 5883853.096 6123311.88 6841688.923 5952268.922 5815434.708 6089101.669 6020684.213 6362767.791 6191725.032 1505170.577 0 0 0 0 0 0 
0 0 0 0 0 0 2086713.778 6054891.237 6157517.285 5815433.658 6225935.459 6123310.668 6089102.764 5507559.575 5986478.189 5918061.624 5815436.505 5404935.259 6089104.402 6362772.082 5918062.188 6431188.933 6431188.747 6704856.199 5199684.181 6157520.431 5644393.397 6875896.851 6260144.433 6123310.182 6191726.396 5473348.713 5883849.167 2394589.586 0 0 0 0 0 0 
0 0 0 0 0 0 2326172.725 6568017.672 6225934.193 7046937.216 5439141.443 6602228.882 6875896.918 5678601.805 5952269.724 5507560.22 6157520.935 6157521.152 5781228.325 5986479.112 5678603.058 6328563.551 5233893.021 6054895.678 6328563.001 5815435.913 5952269.362 5986477.426 5233891.246 5883851.14 5302307.127 6225934.113 5644390.19 2018296.95 0 0 0 0 0 0 
0 0 0 0 0 0 1368336.916 6020682.765 6020683.488 6157517.908 5199682.323 6431186.636 4754973.428 5233891.977 5815435.932 5712810.836 6089104.033 5165476.052 5883853.62 6191729.779 6294355.115 5575977.544 6054895.774 6157520.969 6499605.131 6465396.321 6054894.67 6465395.522 6054893.774 5781225.762 5473349.263 5986475.128 4891804.77 1607795.853 0 0 0 0 0 0 
0 0 0 0 0 0 410501.074 6396975.348 5028638.961 5781224.991 5986476.2 5883851.369 6841688.344 6191728.275 5849644.237 6568021.941 6089103.938 5849645.016 6260146.538 6602231.038 6944315.53 6841690.113 6225937.94 6328563.038 6362771.274 6465396.312 5849643.81 6396978.545 5849642.987 6670644.986 6123309.343 6089100.285 5849640.514 273667.3838 0 0 0 0 0 0 
0 0 0 0 0 0 0 5712806.69 5507556.686 7012728.338 6396977.277 6260144.123 7046938.766 6328561.891 5370725.834 5747019.008 5918061.47 6020687 5644394.126 6191729.424 6157521.013 6089103.987 5644394.112 7081148.807 5678602.102 6465396.009 6054894.372 6910104.972 5849642.818 7252188.102 5781224.807 5610182.047 5370722.491 0 0 0 0 0 0 0 
0 0 0 0 0 0 0 3352425.479 5986474.545 5404931.83 5986475.799 6875895.709 6602228.705 5918060.413 5747018.477 6978522.803 6362771.006 5131267.1 5952270.04 6533813.727 5610185.453 6431188.307 6123312.099 6089103.502 5165475.246 5849643.838 5986477.138 5952268.332 5678600.394 7012728.909 6191725.711 5610181.875 3762926.538 0 0 0 0 0 0 0 
0 0 0 0 0 0 0 957835.8492 5883848.981 5473348.509 5268098.567 6841687.004 5541766.834 5883851.525 6089102.564 6328562.11 5883852.507 5610185.125 5781227.512 5678602.16 7491649.899 5712810.542 5952269.674 6773272.041 6670646.493 4994432.442 5815434.724 5747017.566 6499602.517 6431185.084 5644390.701 5062846.733 752585.3075 0 0 0 0 0 0 0 
0 0 0 0 0 0 0 0 3694509.767 6020682.961 5610182.451 6773269.718 5849642.503 5712809.12 6157519.34 5883851.901 5986477.564 5404934.24 6465396.042 6533812.969 6123311.558 6191728.457 5883852.154 5473350.893 5336516.922 6191727.651 6773270.488 5986476.192 6089100.867 6602226.875 6225933.471 4207636.013 0 0 0 0 0 0 0 0 
0 0 0 0 0 0 0 0 444709.4894 5199680.283 5849640.995 5233889.815 6944311.79 6704853.391 6123310.264 5404933.369 5781226.334 6807479.63 6157519.634 7081147.489 6431187.108 6123310.861 6157519.349 7354814.727 6499603.377 6020684.832 6123309.893 6807478.17 6225934.36 6054891.474 5952265.732 513126.3742 0 0 0 0 0 0 0 0 
0 0 0 0 0 0 0 0 0 1710421.042 6396975.42 5747015.75 5815433.105 6465393.868 6875895.154 6396977.691 6636436.927 5918059.814 7252189.094 6225936.176 6568020.52 5883851.622 5541766.987 6465394.691 6123310.225 5712808.362 5986475.864 7012727.983 6260142.072 7012726.986 1847254.646 0 0 0 0 0 0 0 0 0 
0 0 0 0 0 0 0 0 0 0 2428797.956 6294350.168 5883849.343 6739060.676 6944311.546 6533810.585 5918059.04 6328560.491 6260143.824 5575975.107 5849642.584 6328560.814 6773269.952 6089101.264 6636436.053 6704852.495 6533810.164 6191725.486 6465392.28 2086713.731 0 0 0 0 0 0 0 0 0 0 
0 0 0 0 0 0 0 0 0 0 0 1642004.39 5849640.713 5781223.926 5747015.992 6362767.86 6431184.993 6704852.5 5644391.233 5131264.732 6260143.512 6054892.625 6191726.213 6431184.941 5302306.719 6978519.195 5952266.214 5610181.522 1744629.533 0 0 0 0 0 0 0 0 0 0 0 
0 0 0 0 0 0 0 0 0 0 0 0 239458.9335 3762926.525 6020682.737 6191725.146 5507556.771 6362767.587 6054892.021 6225934.007 6260142.819 6362767.702 5815432.843 5986474.75 6260142.01 5097055.311 4036594.024 786793.6093 0 0 0 0 0 0 0 0 0 0 0 0 
0 0 0 0 0 0 0 0 0 0 0 0 0 0 992044.2583 3044549.741 6191724.829 6773268.327 6362767.146 5986474.284 5473347.969 5473348.14 6225933.153 5302305.68 3899760.376 1026252.685 0 0 0 0 0 0 0 0 0 0 0 0 0 0 
0 0 0 0 0 0 0 0 0 0 0 0 0 0 0 0 0 513126.3329 1505170.518 2291964.464 1778837.97 1470962.066 444709.4564 0 0 0 0 0 0 0 0 0 0 0 0 0 0 0 0 0 
0 0 0 0 0 0 0 0 0 0 0 0 0 0 0 0 0 0 0 0 0 0 0 0 0 0 0 0 0 0 0 0 0 0 0 0 0 0 0 0 
0 0 0 0 0 0 0 0 0 0 0 0 0 0 0 0 0 0 0 0 0 0 0 0 0 0 0 0 0 0 0 0 0 0 0 0 0 0 0 0 
0 0 0 0 0 0 0 0 0 0 0 0 0 0 0 0 0 0 0 0 0 0 0 0 0 0 0 0 0 0 0 0 0 0 0 0 0 0 0 0 
0 0 0 0 0 0 0 0 0 0 0 0 0 0 0 0 0 0 0 0 0 0 0 0 0 0 0 0 0 0 0 0 0 0 0 0 0 0 0 0 
0 0 0 0 0 0 0 0 0 0 0 0 0 0 0 0 0 0 0 0 0 0 0 0 0 0 0 0 0 0 0 0 0 0 0 0 0 0 0 0 
0 0 0 0 0 0 0 0 0 0 0 0 0 0 0 0 0 0 0 0 0 0 0 0 0 0 0 0 0 0 0 0 0 0 0 0 0 0 0 0 
# Errors [psd_source/PSD_source.dat] I_err:
0 0 0 0 0 0 0 0 0 0 0 0 0 0 0 0 0 0 0 0 0 0 0 0 0 0 0 0 0 0 0 0 0 0 0 0 0 0 0 0 
0 0 0 0 0 0 0 0 0 0 0 0 0 0 0 0 0 0 0 0 0 0 0 0 0 0 0 0 0 0 0 0 0 0 0 0 0 0 0 0 
0 0 0 0 0 0 0 0 0 0 0 0 0 0 0 0 0 0 0 0 0 0 0 0 0 0 0 0 0 0 0 0 0 0 0 0 0 0 0 0 
0 0 0 0 0 0 0 0 0 0 0 0 0 0 0 0 0 0 0 0 0 0 0 0 0 0 0 0 0 0 0 0 0 0 0 0 0 0 0 0 
0 0 0 0 0 0 0 0 0 0 0 0 0 0 0 0 0 0 0 0 0 0 0 0 0 0 0 0 0 0 0 0 0 0 0 0 0 0 0 0 
0 0 0 0 0 0 0 0 0 0 0 0 0 0 0 0 0 0 0 0 0 0 0 0 0 0 0 0 0 0 0 0 0 0 0 0 0 0 0 0 
0 0 0 0 0 0 0 0 0 0 0 0 0 0 0 0 0 136833.6869 229477.083 246680.4589 253696.4519 224319.6132 127996.2046 0 0 0 0 0 0 0 0 0 0 0 0 0 0 0 0 0 
0 0 0 0 0 0 0 0 0 0 0 0 0 0 174429.421 353854.6738 421749.7652 476468.2261 472769.8342 427263.0953 476468.2429 488594.0242 431351.794 403311.3633 338646.1017 171042.1363 0 0 0 0 0 0 0 0 0 0 0 0 0 0 
0 0 0 0 0 0 0 0 0 0 0 0 145134.0624 380928.8729 434056.2345 442070.2893 448639.3041 484988.1862 480138.1893 499255.5973 481355.264 444709.5643 462763.0352 466540.7314 439415.1876 482569.2252 357146.4063 177752.2027 0 0 0 0 0 0 0 0 0 0 0 0 
0 0 0 0 0 0 0 0 0 0 0 251379.5228 413341.9458 460227.2966 455113.5337 458954.2384 452534.9863 469042.4034 448639.3747 414755.2143 442070.3715 464025.7419 481355.2812 466540.8099 449941.6446 471530.6359 498082.2101 423134.851 253696.4326 0 0 0 0 0 0 0 0 0 0 0 
0 0 0 0 0 0 0 0 0 0 296253.6341 432706.1605 486193.0901 465284.9629 435402.2462 494545.6015 452535.0667 462763.1431 411924.123 457677.6898 424515.543 451240.2615 451240.2614 465284.9982 456397.4286 478918.0389 465284.9419 455113.5148 431351.8157 255992.3963 0 0 0 0 0 0 0 0 0 0 
0 0 0 0 0 0 0 0 0 224319.6487 464025.6538 438081.6169 446023.3688 455113.5996 482569.3626 469042.4483 476468.4125 461497.0635 448639.4778 449941.7698 451240.3142 444709.6937 460227.4764 442070.4462 460227.4333 440744.842 458954.2791 458954.2581 452534.9663 435402.159 244296.9961 0 0 0 0 0 0 0 0 0 
0 0 0 0 0 0 0 0 136833.688 449941.5577 469042.3178 474005.9023 440744.8279 471530.7451 481355.3734 470288.2773 444709.7125 460227.5064 481355.4555 458954.4144 493361.1672 467793.4175 453826.2609 470288.3031 449941.758 451240.2823 438081.7261 448639.388 472769.9108 453826.069 446023.2699 141044.9439 0 0 0 0 0 0 0 0 
0 0 0 0 0 0 0 0 365246.0088 480138.1354 423134.9091 482569.3186 472769.9782 460227.4629 447333.3929 439415.3819 428630.5581 442070.5221 443392.118 443392.1186 435402.4134 476468.4926 444709.7629 431352.0453 466540.9302 482569.4239 448639.4522 453826.1872 502759.224 442070.3437 444709.5548 385509.3458 0 0 0 0 0 0 0 0 
0 0 0 0 0 0 0 152984.7149 449941.5746 458954.2167 440744.8037 451240.2352 452535.0923 443392.0546 456397.5328 456397.5555 474006.1066 449941.8549 458954.4726 466541.0092 493361.2281 429993.5095 500426.4219 478918.2288 464025.9123 453826.2676 478918.1534 457677.7045 457677.6573 420360.2431 477694.7025 438081.5717 187367.2459 0 0 0 0 0 0 0 
0 0 0 0 0 0 0 385509.3456 440744.7377 478918.0091 428630.4372 451240.2575 464025.8399 460227.5117 462763.2448 462763.2692 449941.8657 446023.5821 447333.5001 440745.0267 490983.6057 492173.8721 472770.1482 451240.3964 431352.0825 467793.4251 482569.45 431352.0044 457677.6892 474005.9566 461496.9544 482569.2319 373169.8336 0 0 0 0 0 0 0 
0 0 0 0 0 0 0 424515.3768 460227.3166 448639.3667 453826.1705 442070.432 455113.6976 474006.0893 429993.4903 476468.5253 439415.4694 456397.6335 455113.8195 482569.5697 477695.0063 476468.5641 444709.8357 438081.881 451240.3964 456397.5767 448639.525 452535.1297 432706.3124 467793.3036 448639.368 438081.6209 431351.8007 0 0 0 0 0 0 0 
0 0 0 0 0 0 123340.2202 466540.7021 476468.2711 486193.1669 464025.7937 449941.7597 472770.0629 436744.1715 428630.5945 461497.1884 471530.9224 443392.1874 464026.0044 464026.0044 429993.5645 447333.5415 467793.5168 440745.0344 464025.9583 480138.4162 453826.2929 435402.3748 453826.2234 429993.3717 465284.9819 448639.3332 440744.7201 145134.0466 0 0 0 0 0 0 
0 0 0 0 0 0 226912.9994 438081.5871 484988.1839 469042.4005 478918.1017 480138.325 476468.4647 455113.755 471530.8956 425891.748 487395.3818 425891.7743 458954.5343 470288.4553 482569.5945 431352.1574 476468.583 464025.9855 448639.5926 457677.8183 483780.4632 451240.3424 446023.4816 456397.4659 453826.1481 466540.77 460227.2971 226913.0022 0 0 0 0 0 0 
0 0 0 0 0 0 267176.3215 455113.4948 458954.2408 446023.4011 461497.0405 457677.7277 456397.5479 434056.5014 452535.2148 449941.8934 446023.6194 429993.5616 456397.6707 466541.0847 449941.9363 469042.6595 469042.6459 478918.3 421750.0787 458954.4752 439415.43 484988.3699 462763.1924 457677.6914 460227.3985 432706.209 448639.293 286208.1981 0 0 0 0 0 0 
0 0 0 0 0 0 282089.8779 474005.8464 461496.9466 490983.3808 431351.9746 475238.8339 484988.3746 440744.9776 451240.4033 434056.5523 458954.5128 458954.529 444709.8712 452535.2845 440745.0749 465285.246 423135.1717 455113.8286 465285.2055 446023.574 451240.3758 452535.1571 423135.0283 448639.4434 425891.5572 461496.9407 439415.1804 262759.882 0 0 0 0 0 0 
0 0 0 0 0 0 216353.0631 453826.039 453826.0934 458954.2872 421749.928 469042.492 403311.5822 423135.0873 446023.5755 442070.5748 456397.643 420360.4795 448639.6325 460227.65 464026.0154 436744.268 455113.8358 458954.5153 471530.9158 470288.3816 455113.7528 470288.3235 455113.6856 444709.674 432706.2525 452534.9834 409073.2654 234521.1284 0 0 0 0 0 0 
0 0 0 0 0 0 118501.4528 467793.167 414755.1511 444709.6147 452535.0644 448639.4609 483780.4223 460227.5382 447333.4752 474006.1544 456397.6359 447333.5348 462763.3481 475238.9892 487395.4008 483780.5473 461497.2244 465285.2083 466541.0254 470288.3809 447333.4425 467793.4008 447333.3796 477694.8094 457677.6286 456397.3621 447333.1905 96756.03144 0 0 0 0 0 0 
0 0 0 0 0 0 0 442070.254 434056.2737 489790.1927 467793.308 462763.1695 490983.4888 465285.1239 428630.5848 443392.1426 449941.8817 453826.3581 439415.4868 460227.6236 458954.5186 456397.6396 439415.4857 492173.8648 440745.0007 470288.3589 455113.7305 486193.2892 447333.3667 498082.3238 444709.6005 438081.6176 428630.318 0 0 0 0 0 0 0 
0 0 0 0 0 0 0 338646.1128 452534.9393 429993.2888 452535.0341 484988.2894 475238.8212 449941.8013 443392.1017 488594.3248 466541.0058 418966.2043 451240.4272 472770.1688 438081.8835 469042.6139 457677.8346 456397.6032 420360.414 447333.4447 452535.1353 451240.2977 440744.8681 489790.2326 460227.3476 438081.6041 358780.968 0 0 0 0 0 0 0 
0 0 0 0 0 0 0 181013.961 448639.2788 432706.1929 424515.4802 483780.3276 435402.3231 448639.4728 456397.5329 465285.14 448639.5477 438081.858 444709.8086 440745.0052 506238.7863 442070.5521 451240.3995 481355.4838 477694.9173 413342.1699 446023.4828 443392.0314 471530.7261 469042.3788 439415.2201 416163.4379 160451.7267 0 0 0 0 0 0 0 
0 0 0 0 0 0 0 0 355504.368 453826.0537 438081.6491 481355.3186 447333.3426 442070.442 458954.3939 448639.5015 452535.1675 429993.4805 470288.3613 472770.114 457677.7942 460227.5517 448639.5207 432706.3814 427263.3012 460227.4918 481355.3734 452535.0638 456397.4057 475238.6895 461496.8931 379389.7627 0 0 0 0 0 0 0 0 
0 0 0 0 0 0 0 0 123340.2205 421749.7624 447333.2272 423134.9125 487395.1383 478918.0994 457677.6975 429993.4112 444709.718 482569.4363 458954.4158 492173.7732 469042.5264 457677.7421 458954.3946 501594.2012 471530.7885 453826.1947 457677.6698 482569.3328 461496.959 455113.5127 451240.1006 132488.6601 0 0 0 0 0 0 0 0 
0 0 0 0 0 0 0 0 0 241890.0635 467793.1722 443391.8912 446023.3587 470288.2032 484988.2502 467793.3383 476468.4036 449941.7558 498082.3919 461497.0936 474006.0519 448639.4802 435402.3351 470288.263 457677.6946 442070.3833 452535.0391 489790.1679 462763.0179 489790.0983 251379.5171 0 0 0 0 0 0 0 0 0 
0 0 0 0 0 0 0 0 0 0 288245.2866 464025.6508 448639.3064 480138.1929 487395.1212 472769.9415 449941.6969 465285.021 462763.1474 436744.0771 447333.3488 465285.0448 481355.3353 456397.4355 476468.3409 478918.0354 472769.911 460227.3309 470288.0876 267176.3154 0 0 0 0 0 0 0 0 0 0 
0 0 0 0 0 0 0 0 0 0 0 237002.9192 447333.2057 444709.5327 443391.9099 466540.7751 469042.3721 478918.0357 439415.2615 418966.0109 462763.1243 455113.5992 460227.3849 469042.3684 425891.5244 488594.0722 451240.1371 438081.5766 244296.9989 0 0 0 0 0 0 0 0 0 0 0 
0 0 0 0 0 0 0 0 0 0 0 0 90506.96961 358780.9668 453826.0368 460227.3056 434056.2804 466540.7551 455113.5538 461496.9328 462763.0731 466540.7635 446023.3385 452534.9548 462763.0133 417567.0412 371598.6001 164057.8084 0 0 0 0 0 0 0 0 0 0 0 0 
0 0 0 0 0 0 0 0 0 0 0 0 0 0 184217.994 322721.6271 460227.282 481355.2198 466540.7227 452534.9196 432706.1502 432706.1637 461496.8695 425891.441 365246.0237 187367.2484 0 0 0 0 0 0 0 0 0 0 0 0 0 0 
0 0 0 0 0 0 0 0 0 0 0 0 0 0 0 0 0 132488.6495 226912.9934 280008.0251 246680.4427 224319.6121 123340.2114 0 0 0 0 0 0 0 0 0 0 0 0 0 0 0 0 0 
0 0 0 0 0 0 0 0 0 0 0 0 0 0 0 0 0 0 0 0 0 0 0 0 0 0 0 0 0 0 0 0 0 0 0 0 0 0 0 0 
0 0 0 0 0 0 0 0 0 0 0 0 0 0 0 0 0 0 0 0 0 0 0 0 0 0 0 0 0 0 0 0 0 0 0 0 0 0 0 0 
0 0 0 0 0 0 0 0 0 0 0 0 0 0 0 0 0 0 0 0 0 0 0 0 0 0 0 0 0 0 0 0 0 0 0 0 0 0 0 0 
0 0 0 0 0 0 0 0 0 0 0 0 0 0 0 0 0 0 0 0 0 0 0 0 0 0 0 0 0 0 0 0 0 0 0 0 0 0 0 0 
0 0 0 0 0 0 0 0 0 0 0 0 0 0 0 0 0 0 0 0 0 0 0 0 0 0 0 0 0 0 0 0 0 0 0 0 0 0 0 0 
0 0 0 0 0 0 0 0 0 0 0 0 0 0 0 0 0 0 0 0 0 0 0 0 0 0 0 0 0 0 0 0 0 0 0 0 0 0 0 0 
# Events [psd_source/PSD_source.dat] N:
0 0 0 0 0 0 0 0 0 0 0 0 0 0 0 0 0 0 0 0 0 0 0 0 0 0 0 0 0 0 0 0 0 0 0 0 0 0 0 0 
0 0 0 0 0 0 0 0 0 0 0 0 0 0 0 0 0 0 0 0 0 0 0 0 0 0 0 0 0 0 0 0 0 0 0 0 0 0 0 0 
0 0 0 0 0 0 0 0 0 0 0 0 0 0 0 0 0 0 0 0 0 0 0 0 0 0 0 0 0 0 0 0 0 0 0 0 0 0 0 0 
0 0 0 0 0 0 0 0 0 0 0 0 0 0 0 0 0 0 0 0 0 0 0 0 0 0 0 0 0 0 0 0 0 0 0 0 0 0 0 0 
0 0 0 0 0 0 0 0 0 0 0 0 0 0 0 0 0 0 0 0 0 0 0 0 0 0 0 0 0 0 0 0 0 0 0 0 0 0 0 0 
0 0 0 0 0 0 0 0 0 0 0 0 0 0 0 0 0 0 0 0 0 0 0 0 0 0 0 0 0 0 0 0 0 0 0 0 0 0 0 0 
0 0 0 0 0 0 0 0 0 0 0 0 0 0 0 0 0 16 45 52 55 43 14 0 0 0 0 0 0 0 0 0 0 0 0 0 0 0 0 0 
0 0 0 0 0 0 0 0 0 0 0 0 0 0 26 107 152 194 191 156 194 204 159 139 98 25 0 0 0 0 0 0 0 0 0 0 0 0 0 0 
0 0 0 0 0 0 0 0 0 0 0 0 18 124 161 167 172 201 197 213 198 169 183 186 165 199 109 27 0 0 0 0 0 0 0 0 0 0 0 0 
0 0 0 0 0 0 0 0 0 0 0 54 146 181 177 180 175 188 172 147 167 184 198 186 173 190 212 153 55 0 0 0 0 0 0 0 0 0 0 0 
0 0 0 0 0 0 0 0 0 0 75 160 202 185 162 209 175 183 145 179 154 174 174 185 178 196 185 177 159 56 0 0 0 0 0 0 0 0 0 0 
0 0 0 0 0 0 0 0 0 43 184 164 170 177 199 188 194 182 172 173 174 169 181 167 181 166 180 180 175 162 51 0 0 0 0 0 0 0 0 0 
0 0 0 0 0 0 0 0 16 173 188 192 166 190 198 189 169 181 198 180 208 187 176 189 173 174 164 172 191 176 170 17 0 0 0 0 0 0 0 0 
0 0 0 0 0 0 0 0 114 197 153 199 191 181 171 165 157 167 168 168 162 194 169 159 186 199 172 176 216 167 169 127 0 0 0 0 0 0 0 0 
0 0 0 0 0 0 0 20 173 180 166 174 175 168 178 178 192 173 180 186 208 158 214 196 184 176 196 179 179 151 195 164 30 0 0 0 0 0 0 0 
0 0 0 0 0 0 0 127 166 196 157 174 184 181 183 183 173 170 171 166 206 207 191 174 159 187 199 159 179 192 182 199 119 0 0 0 0 0 0 0 
0 0 0 0 0 0 0 154 181 172 176 167 177 192 158 194 165 178 177 199 195 194 169 164 174 178 172 175 160 187 172 164 159 0 0 0 0 0 0 0 
0 0 0 0 0 0 13 186 194 202 184 173 191 163 157 182 190 168 184 184 158 171 187 166 184 197 176 162 176 158 185 172 166 18 0 0 0 0 0 0 
0 0 0 0 0 0 44 164 201 188 196 197 194 177 190 155 203 155 180 189 199 159 194 184 172 179 200 174 170 178 176 186 181 44 0 0 0 0 0 0 
0 0 0 0 0 0 61 177 180 170 182 179 178 161 175 173 170 158 178 186 173 188 188 196 152 180 165 201 183 179 181 160 172 70 0 0 0 0 0 0 
0 0 0 0 0 0 68 192 182 206 159 193 201 166 174 161 180 180 169 175 166 185 153 177 185 170 174 175 153 172 155 182 165 59 0 0 0 0 0 0 
0 0 0 0 0 0 40 176 176 180 152 188 139 153 170 167 178 151 172 181 184 163 177 180 190 189 177 189 177 169 160 175 143 47 0 0 0 0 0 0 
0 0 0 0 0 0 12 187 147 169 175 172 200 181 171 192 178 171 183 193 203 200 182 185 186 189 171 187 171 195 179 178 171 8 0 0 0 0 0 0 
0 0 0 0 0 0 0 167 161 205 187 183 206 185 157 168 173 176 165 181 180 178 165 207 166 189 177 202 171 212 169 164 157 0 0 0 0 0 0 0 
0 0 0 0 0 0 0 98 175 158 175 201 193 173 168 204 186 150 174 191 164 188 179 178 151 171 175 174 166 205 181 164 110 0 0 0 0 0 0 0 
0 0 0 0 0 0 0 28 172 160 154 200 162 172 178 185 172 164 169 166 219 167 174 198 195 146 170 168 190 188 165 148 22 0 0 0 0 0 0 0 
0 0 0 0 0 0 0 0 108 176 164 198 171 167 180 172 175 158 189 191 179 181 172 160 156 181 198 175 178 193 182 123 0 0 0 0 0 0 0 0 
0 0 0 0 0 0 0 0 13 152 171 153 203 196 179 158 169 199 180 207 188 179 180 215 190 176 179 199 182 177 174 15 0 0 0 0 0 0 0 0 
0 0 0 0 0 0 0 0 0 50 187 168 170 189 201 187 194 173 212 182 192 172 162 189 179 167 175 205 183 205 54 0 0 0 0 0 0 0 0 0 
0 0 0 0 0 0 0 0 0 0 71 184 172 197 203 191 173 185 183 163 171 185 198 178 194 196 191 181 189 61 0 0 0 0 0 0 0 0 0 0 
0 0 0 0 0 0 0 0 0 0 0 48 171 169 168 186 188 196 165 150 183 177 181 188 155 204 174 164 51 0 0 0 0 0 0 0 0 0 0 0 
0 0 0 0 0 0 0 0 0 0 0 0 7 110 176 181 161 186 177 182 183 186 170 175 183 149 118 23 0 0 0 0 0 0 0 0 0 0 0 0 
0 0 0 0 0 0 0 0 0 0 0 0 0 0 29 89 181 198 186 175 160 160 182 155 114 30 0 0 0 0 0 0 0 0 0 0 0 0 0 0 
0 0 0 0 0 0 0 0 0 0 0 0 0 0 0 0 0 15 44 67 52 43 13 0 0 0 0 0 0 0 0 0 0 0 0 0 0 0 0 0 
0 0 0 0 0 0 0 0 0 0 0 0 0 0 0 0 0 0 0 0 0 0 0 0 0 0 0 0 0 0 0 0 0 0 0 0 0 0 0 0 
0 0 0 0 0 0 0 0 0 0 0 0 0 0 0 0 0 0 0 0 0 0 0 0 0 0 0 0 0 0 0 0 0 0 0 0 0 0 0 0 
0 0 0 0 0 0 0 0 0 0 0 0 0 0 0 0 0 0 0 0 0 0 0 0 0 0 0 0 0 0 0 0 0 0 0 0 0 0 0 0 
0 0 0 0 0 0 0 0 0 0 0 0 0 0 0 0 0 0 0 0 0 0 0 0 0 0 0 0 0 0 0 0 0 0 0 0 0 0 0 0 
0 0 0 0 0 0 0 0 0 0 0 0 0 0 0 0 0 0 0 0 0 0 0 0 0 0 0 0 0 0 0 0 0 0 0 0 0 0 0 0 
0 0 0 0 0 0 0 0 0 0 0 0 0 0 0 0 0 0 0 0 0 0 0 0 0 0 0 0 0 0 0 0 0 0 0 0 0 0 0 0 
