# Format: McCode with text headers
# URL: http://www.mccode.org
# Creator: McStas 2.5 - Dec. 12, 2018
# Instrument: ESS_HEIMDAL.instr
# Ncount: 250000
# Trace: no
# Gravitation: no
# Seed: 1565866139
# Directory: TauScan/0
# Nodes: 4
# Param: lmax=4
# Param: lmin=0.5
# Param: T=200
# Param: tau=0
# Param: use_CoFe2O4=1
# Param: use_CoFe=1
# Param: use_magn=1
# Date: Wed Aug 14 15:22:37 2019 (1565788957)
# type: array_2d(40, 40)
# Source: ESS_HEIMDAL (ESS_HEIMDAL.instr)
# component: psd_source
# position: 0 0 0.01
# title: PSD monitor
# Ncount: 1000000
# filename: PSD_source.dat
# statistics: X0=-0.0079515; dX=5.00144; Y0=0.0013305; dY=5.00477;
# signal: Min=0; Max=6.70143e+06; Mean=2.13803e+06;
# values: 3.42084e+09 3.42084e+06 1e+06
# xvar: X 
# yvar: Y 
# xlabel: X position [cm]
# ylabel: Y position [cm]
# zvar: I
# zlabel: Signal per bin
# xylimits: -15 15 -15 15
# variables: I I_err N
# Data [psd_source/PSD_source.dat] I:
0 0 0 0 0 0 0 0 0 0 0 0 0 0 0 0 0 0 0 0 0 0 0 0 0 0 0 0 0 0 0 0 0 0 0 0 0 0 0 0 
0 0 0 0 0 0 0 0 0 0 0 0 0 0 0 0 0 0 0 0 0 0 0 0 0 0 0 0 0 0 0 0 0 0 0 0 0 0 0 0 
0 0 0 0 0 0 0 0 0 0 0 0 0 0 0 0 0 0 0 0 0 0 0 0 0 0 0 0 0 0 0 0 0 0 0 0 0 0 0 0 
0 0 0 0 0 0 0 0 0 0 0 0 0 0 0 0 0 0 0 0 0 0 0 0 0 0 0 0 0 0 0 0 0 0 0 0 0 0 0 0 
0 0 0 0 0 0 0 0 0 0 0 0 0 0 0 0 0 0 0 0 0 0 0 0 0 0 0 0 0 0 0 0 0 0 0 0 0 0 0 0 
0 0 0 0 0 0 0 0 0 0 0 0 0 0 0 0 0 0 0 0 0 0 0 0 0 0 0 0 0 0 0 0 0 0 0 0 0 0 0 0 
0 0 0 0 0 0 0 0 0 0 0 0 0 0 0 0 0 615751.6103 1405966.146 2011455.253 2001192.685 1470962.145 543913.9127 0 0 0 0 0 0 0 0 0 0 0 0 0 0 0 0 0 
0 0 0 0 0 0 0 0 0 0 0 0 0 0 872314.7743 3188225.017 5339934.918 5897532.335 5942003.343 6071995.565 6232775.035 6089099.575 5983053.368 5155209.387 3338742.108 981781.7488 0 0 0 0 0 0 0 0 0 0 0 0 0 0 
0 0 0 0 0 0 0 0 0 0 0 0 561018.1089 3851868.452 6201987.38 6400396.491 6116466.859 6048050.204 6123308.807 6355926.131 6000158.516 6308034.333 5839378.688 6198567.011 6116466.607 6236195.707 3793714.091 581543.1835 0 0 0 0 0 0 0 0 0 0 0 0 
0 0 0 0 0 0 0 0 0 0 0 1676212.694 5805169.609 6236196.04 6184883.916 6082258.794 5873587.678 6222513.866 6140413.713 6349085.207 6154097.105 6109626.132 5719649.903 6195146.837 6256721.791 6000158.232 6376450.581 5569131.397 1635162.61 0 0 0 0 0 0 0 0 0 0 0 
0 0 0 0 0 0 0 0 0 0 2148288.957 5993315.946 6318296.442 6208829.966 5866745.999 6369610.195 6239618.468 5914638.496 6099364.232 6297773.145 6058314.13 5907796.931 6106205.755 5986476.037 6167780.492 6273826.337 5948845.846 6119887.584 6054890.998 2226968.276 0 0 0 0 0 0 0 0 0 0 
0 0 0 0 0 0 0 0 0 1806204.733 6143832.963 6386713.408 5959108.527 5846221.092 6342243.711 6020684.776 5983055.719 6304615.326 6294352.85 5938585.106 5931743.394 5986476.923 6154098.093 6102785.277 6154097.646 5849642.346 6085680.104 6273826.111 6082258.407 5965949.155 1789100.494 0 0 0 0 0 0 0 0 0 
0 0 0 0 0 0 0 0 550755.6071 5620444.056 6126729.277 6054892.154 6280668.277 6017263.789 6075418.462 6201989.97 5962531.081 6318299.134 6102786.062 6140415.458 6396978.781 6171202.984 6174623.709 6212252.728 6092522.995 6157518.694 6174622.552 5931742.208 6212250.927 5924899.559 5586235.59 670485.0638 0 0 0 0 0 0 0 0 
0 0 0 0 0 0 0 0 3865551.812 6099362.378 6178042.349 6701431.937 6325139.68 6119889.473 6201990.065 6284090.671 6092523.668 6164361.548 6116469.888 6160940.877 6116469.926 6071998.863 6167782.452 6266986.681 6020685.652 6191727.49 6362769.377 6075418.119 6116467.737 6013841.857 6010420.429 3694509.693 0 0 0 0 0 0 0 0 
0 0 0 0 0 0 0 903102.342 6290929.235 6160937.891 6184884.402 6000159.391 5976213.977 6178044.209 6266986.527 5866748.076 5921481.806 6304616.522 6431187.958 6078841.034 6106207.757 6287512.464 5993319.695 6171203.411 5979635.907 5955689.716 6270406.947 6130151.955 6219093.386 6061734.048 6092521.043 6229354.035 1002306.768 0 0 0 0 0 0 0 
0 0 0 0 0 0 0 3461892.38 6195145.933 6308034.443 6243039.046 6051472.399 6294352.755 6205411.267 6061736.165 6171203.478 5928323.757 6089103.639 6229358.393 6048053.729 6106208.056 5900957.334 6020686.764 6075420.101 5887273.454 6030948.594 6178044.524 6095943.852 6030947.263 5887271.332 6362767.912 6219091.838 3290850.287 0 0 0 0 0 0 0 
0 0 0 0 0 0 0 5459664.374 6106204.253 5965950.374 6102784.718 5979634.897 6068577.308 6181465.59 6157520.053 6133574.448 6068578.643 6297775.459 6020687.123 6017266.343 6188308.579 5921482.6 6027528.675 6092524.58 6222516.445 6078840.626 6061736.049 6468816.065 6335402.646 6113047.252 5989896.292 5808590.958 5415193.454 0 0 0 0 0 0 0 
0 0 0 0 0 0 540493.0664 6095941.236 5877007.982 5846221.072 6171201.775 6266985.965 6119890.141 6222515.912 6065157.444 6143837.153 6246462.765 6376455.077 6225937.99 6335405.109 6167783.693 6349088.427 6034370.58 6044632.888 6181466.475 6119890.943 6201990.862 6225936.3 6171202.328 6013842.988 5959108.87 5935162.321 5965949.189 530230.5432 0 0 0 0 0 0 
0 0 0 0 0 0 1553062.361 6225933.347 6195146.512 6325139.205 5801750.774 6082260.519 6154098.714 6154099.155 6246462.332 6099366.296 5986478.664 6219096.321 6020687.416 5894116.222 6164362.976 6325142.646 6253304.751 6253304.584 6260146.035 5938586.304 6308037.161 6164361.256 5818855.53 6037788.993 5972792.37 6379872.026 6304612.694 1553062.364 0 0 0 0 0 0 
0 0 0 0 0 0 1826729.752 6054891.282 6051471.161 6236197.362 6133572.656 6085681.416 6034369.229 6345666.505 6290933.367 6034370.329 5993320.423 5894116.095 6136996.218 6154100.494 6331984.448 6130154.531 6065158.343 6140416.747 6338825.526 5965953.132 6140415.832 5911218.848 5900955.837 5976213.86 6167780.493 6068575.37 6133570.653 2021717.765 0 0 0 0 0 0 
0 0 0 0 0 0 2035401.131 6270404.363 6037787.784 6205409.769 5996738.926 6109627.323 6095944.437 6167782.591 6136995.366 6273829.458 6482501.265 6003583.138 5959112.273 6051475.163 6003583.32 6201992.277 6054895.817 6277250.563 5705969.215 6195149.721 5952269.396 6071998.519 6184885.875 6243039.673 6020684.241 5907795.762 5825694.806 2045663.664 0 0 0 0 0 0 
0 0 0 0 0 0 1556483.217 5931740.899 6434605.48 6208830.551 6136993.45 6239619.321 6024106.638 6236199.409 6297774.999 6085682.936 6123312.476 6058316.599 6075420.942 6054895.932 6157521.283 6171204.606 6048054.058 6513288.795 6181466.584 6345666.815 6335403.895 6154098.711 5873589.03 6225935.395 6400397.762 6150675.537 5942003.415 1491487.207 0 0 0 0 0 0 
0 0 0 0 0 0 581543.1767 6136991.283 5972791.594 6212251.273 6130151.658 6037789.42 6198569.596 6089103.001 6229357.984 6024107.609 6318300.501 6034370.566 6270408.996 6373034.396 6020687.35 5921482.797 6260146.326 6184887.553 6181466.463 6198570.386 6130153.121 6048052.406 6071997.832 6037788.875 6191726.21 6297771.671 6078836.979 543913.9024 0 0 0 0 0 0 
0 0 0 0 0 0 0 5233888.79 6113045.96 6239617.826 6106205.56 6181464.681 6116469.117 6150677.99 6065157.241 5822277.579 6270408.5 6369613.17 6154100.1 6321721.564 6048053.934 6130154.151 5962532.653 6003582.587 6191728.809 6184886.818 6294353.459 6140415.038 6164360.439 6024105.322 6308034.656 6325138.204 5134684.375 0 0 0 0 0 0 0 
0 0 0 0 0 0 0 3260062.715 5965949.525 6181463.254 6157517.946 5955688.754 6208831.647 6318299.127 6058315.289 6410662.608 6547496.648 6140416.33 5928324.065 6167783.263 6157520.705 6253304.335 5996740.852 6109628.538 5825698.212 5788068.664 6051473.3 6071997.934 6051472.376 6027525.903 5989896.031 6160937.504 3136912.361 0 0 0 0 0 0 0 
0 0 0 0 0 0 0 988623.3896 5900953.162 6130150.294 6000158.892 6154097.311 6150677.035 5866747.436 6212253.009 6308036.96 6249882.868 6133574.359 6044632.472 5805173.424 6065157.644 6061736.721 6037790.68 6068578.104 5952269.191 6195148.811 6328561.347 5938584.718 6106205.556 6071996.576 6308034.14 5928319.927 1026252.682 0 0 0 0 0 0 0 
0 0 0 0 0 0 0 0 3769768.237 6178041.748 6208829.955 6078838.426 6061734.694 6147256.214 5825697.239 5962531.352 6256724.242 5907798.256 6338824.741 6301195.521 6225936.915 6191728.403 5989898.488 6123311.238 5993318.899 6147256.58 5942005.608 6246460.241 6178042.908 6270405.143 6116466.553 3927126.985 0 0 0 0 0 0 0 0 
0 0 0 0 0 0 0 0 591805.6984 5603339.755 6198566.939 6109625.589 6058313.437 6020684.624 5825696.879 6167781.533 6212252.743 5996739.794 6410662.073 6191728.063 6297774.238 6321720.097 6178044.503 6147256.714 5976214.306 5993318.222 6167780.835 5839379.459 6311455.334 6311454.75 5623864.836 516547.1702 0 0 0 0 0 0 0 0 
0 0 0 0 0 0 0 0 0 1645425.111 6075416.192 5832536.895 6249880.132 6113046.841 6260143.515 6178043.58 6342244.232 5955689.141 6099364.73 6160939.986 6191727.552 6277248.616 5962530.817 6280669.119 6236197.97 5870167.374 6184884.574 6065154.608 6030945.7 5900953.191 1751471.222 0 0 0 0 0 0 0 0 0 
0 0 0 0 0 0 0 0 0 0 2124343.039 6010420.14 5914636.967 5996737.734 6171201.048 6160938.819 6208830.85 6071997.251 6109626.707 6304614.9 6071997.435 6154097.662 6030947.149 6273826.891 6393556.166 6065154.934 6246459.128 5777803.33 6044628.598 2254335.067 0 0 0 0 0 0 0 0 0 0 
0 0 0 0 0 0 0 0 0 0 0 1734367.046 5750436.005 6126729.086 6277246.584 5794907.989 6089100.735 6208830.36 5853062.819 6379872.836 5983054.974 6085680.195 5972792.251 6054892.325 6331980.314 6229354.737 6037787.25 5565710.551 1624900.109 0 0 0 0 0 0 0 0 0 0 0 
0 0 0 0 0 0 0 0 0 0 0 0 561018.1344 3797134.928 6140412.161 5969370.297 6116466.748 6089100.297 6376451.159 6143833.949 5976212.548 6355926.128 6085679.387 6359346.614 6082258.035 5753856.983 4087906.536 519968.014 0 0 0 0 0 0 0 0 0 0 0 0 
0 0 0 0 0 0 0 0 0 0 0 0 0 0 992044.2369 3537150.895 5295463.976 5986474.281 6174620.62 6164358.216 6379871.344 6054891.337 6530388.258 5274938.906 3284008.515 920206.5551 0 0 0 0 0 0 0 0 0 0 0 0 0 0 
0 0 0 0 0 0 0 0 0 0 0 0 0 0 0 0 0 608909.9288 1460699.612 2151709.782 1977246.86 1505170.617 598647.3933 0 0 0 0 0 0 0 0 0 0 0 0 0 0 0 0 0 
0 0 0 0 0 0 0 0 0 0 0 0 0 0 0 0 0 0 0 0 0 0 0 0 0 0 0 0 0 0 0 0 0 0 0 0 0 0 0 0 
0 0 0 0 0 0 0 0 0 0 0 0 0 0 0 0 0 0 0 0 0 0 0 0 0 0 0 0 0 0 0 0 0 0 0 0 0 0 0 0 
0 0 0 0 0 0 0 0 0 0 0 0 0 0 0 0 0 0 0 0 0 0 0 0 0 0 0 0 0 0 0 0 0 0 0 0 0 0 0 0 
0 0 0 0 0 0 0 0 0 0 0 0 0 0 0 0 0 0 0 0 0 0 0 0 0 0 0 0 0 0 0 0 0 0 0 0 0 0 0 0 
0 0 0 0 0 0 0 0 0 0 0 0 0 0 0 0 0 0 0 0 0 0 0 0 0 0 0 0 0 0 0 0 0 0 0 0 0 0 0 0 
0 0 0 0 0 0 0 0 0 0 0 0 0 0 0 0 0 0 0 0 0 0 0 0 0 0 0 0 0 0 0 0 0 0 0 0 0 0 0 0 
# Errors [psd_source/PSD_source.dat] I_err:
0 0 0 0 0 0 0 0 0 0 0 0 0 0 0 0 0 0 0 0 0 0 0 0 0 0 0 0 0 0 0 0 0 0 0 0 0 0 0 0 
0 0 0 0 0 0 0 0 0 0 0 0 0 0 0 0 0 0 0 0 0 0 0 0 0 0 0 0 0 0 0 0 0 0 0 0 0 0 0 0 
0 0 0 0 0 0 0 0 0 0 0 0 0 0 0 0 0 0 0 0 0 0 0 0 0 0 0 0 0 0 0 0 0 0 0 0 0 0 0 0 
0 0 0 0 0 0 0 0 0 0 0 0 0 0 0 0 0 0 0 0 0 0 0 0 0 0 0 0 0 0 0 0 0 0 0 0 0 0 0 0 
0 0 0 0 0 0 0 0 0 0 0 0 0 0 0 0 0 0 0 0 0 0 0 0 0 0 0 0 0 0 0 0 0 0 0 0 0 0 0 0 
0 0 0 0 0 0 0 0 0 0 0 0 0 0 0 0 0 0 0 0 0 0 0 0 0 0 0 0 0 0 0 0 0 0 0 0 0 0 0 0 
0 0 0 0 0 0 0 0 0 0 0 0 0 0 0 0 0 45895.41526 69351.1956 82951.01655 82739.1345 70936.09363 43135.1791 0 0 0 0 0 0 0 0 0 0 0 0 0 0 0 0 0 
0 0 0 0 0 0 0 0 0 0 0 0 0 0 54626.47011 104433.7827 135155.7455 142037.0684 142571.5866 144122.6593 146018.2925 144325.5014 143063.2122 132797.434 106870.5306 57952.74424 0 0 0 0 0 0 0 0 0 0 0 0 0 0 
0 0 0 0 0 0 0 0 0 0 0 0 43808.15428 114789.5231 145657.2064 147968.7431 144649.4777 143838.2058 144730.3614 147453.8058 143267.5815 146897.2244 141335.051 145617.0417 144649.4717 146058.3538 113919.6979 44602.32612 0 0 0 0 0 0 0 0 0 0 0 0 
0 0 0 0 0 0 0 0 0 0 0 75723.57081 140920.4404 146058.3616 145456.2342 144244.4183 141748.4467 145898.0622 144932.3741 147374.4406 145093.7692 144568.5775 139878.6107 145576.8706 146298.5398 143267.5747 147691.6846 138025.7973 74790.59696 0 0 0 0 0 0 0 0 0 0 0 
0 0 0 0 0 0 0 0 0 0 85726.06204 143185.8565 147016.6595 145737.5458 141665.8669 147612.4597 146098.4532 142242.9364 144447.1232 146777.7136 143960.222 142160.6466 144528.1102 143104.1486 145254.9849 146498.3817 142653.6618 144689.9193 143919.5181 87281.76825 0 0 0 0 0 0 0 0 0 0 
0 0 0 0 0 0 0 0 0 78604.97151 144972.7021 147810.4943 142776.6604 141417.8415 147295.0193 143512.4424 143063.2684 146857.4307 146737.8574 142530.6036 142448.4765 143104.1698 145093.7925 144487.6291 145093.782 141459.2198 144284.9874 146498.3764 144244.4091 142858.5729 78231.90238 0 0 0 0 0 0 0 0 0 
0 0 0 0 0 0 0 0 43405.62252 138660.2081 144770.7744 143919.5456 146578.245 143471.6626 144163.3003 145657.2672 142817.6762 147016.7221 144487.6477 144932.4153 147929.2675 145295.2996 145335.5616 145777.7334 144366.0977 145134.1075 145335.5343 142448.448 145777.6911 142366.251 138237.5904 47891.79027 0 0 0 0 0 0 0 0 
0 0 0 0 0 0 0 0 114993.2311 144447.0794 145375.7633 151408.5474 147096.2716 144689.9639 145657.2694 146618.1936 144366.1136 145214.7426 144649.5493 145174.4484 144649.5502 144122.7376 145255.0311 146418.5282 143512.4633 145536.7078 147533.1823 144163.2921 144649.4984 143430.8487 143390.0352 112420.3499 0 0 0 0 0 0 0 0 
0 0 0 0 0 0 0 55582.10689 146697.913 145174.3781 145456.2456 143267.6023 142981.4465 145375.8071 146418.5246 141665.9171 142325.2205 146857.4585 148324.2899 144203.9221 144528.1576 146658.1173 143185.9461 145295.3097 143022.3886 142735.7226 146458.4706 144811.2283 145857.9612 144000.838 144366.0514 145978.2124 58555.38658 0 0 0 0 0 0 0 
0 0 0 0 0 0 0 108823.6546 145576.8494 146897.227 146138.4904 143878.9104 146737.8552 145697.4425 144000.8883 145295.3113 142407.4244 144325.5977 145978.3145 143838.2896 144528.1646 142078.3565 143512.4898 144163.3392 141913.5203 143634.7327 145375.8145 144406.6218 143634.701 141913.4692 147533.1483 145857.9249 106101.2717 0 0 0 0 0 0 0 
0 0 0 0 0 0 0 136662.5444 144528.0746 142858.6021 144487.6159 143022.3645 144082.1171 145416.0621 145134.1395 144851.6666 144082.1487 146777.7676 143512.4983 143471.7235 145496.5442 142325.2396 143594.0131 144366.1352 145898.1226 144203.9124 144000.8855 148757.5572 147215.5651 144609.0512 143145.0156 140961.9671 136104.8241 0 0 0 0 0 0 0 
0 0 0 0 0 0 42999.3196 144406.5598 141789.7056 141417.841 145295.2712 146418.5115 144689.9797 145898.1101 144041.5252 144972.8009 146178.5901 147691.7887 145938.2375 147215.6224 145255.0603 147374.5153 143675.49 143797.6057 145416.0829 144689.9987 145657.2881 145938.1978 145295.2842 143430.8756 142776.6686 142489.4996 142858.5737 42589.14211 0 0 0 0 0 0 
0 0 0 0 0 0 72888.82818 145938.1286 145576.863 147096.2606 140878.9626 144244.4592 145093.8072 145093.8176 146178.58 144447.1721 143104.2114 145858.0301 143512.5053 141995.9823 145214.7762 147096.3406 146258.6291 146258.6252 146338.608 142530.6324 146897.2903 145214.7357 141086.4864 143716.1507 142940.5004 147731.3101 146857.3694 72888.8283 0 0 0 0 0 0 
0 0 0 0 0 0 79050.32753 143919.5248 143878.881 146058.3926 144851.6242 144285.0185 143675.4578 147334.7828 146698.0093 143675.484 143185.9635 141995.9792 144892.0764 145093.8492 147175.8762 144811.2892 144041.5465 144932.4457 147255.3521 142858.6682 144932.4241 142201.8247 142078.3205 142981.4437 145254.985 144082.071 144851.5769 83162.35645 0 0 0 0 0 0 
0 0 0 0 0 0 83443.31103 146458.4103 143716.1219 145697.4074 143226.7653 144568.6057 144406.6356 145255.0344 144892.0563 146498.4546 148914.8482 143308.5061 142776.7502 143878.9762 143308.5104 145657.3214 143919.6326 146538.3948 139711.2573 145576.9384 142694.7368 144122.7294 145456.2803 146138.5051 143512.4296 142160.6184 141169.3468 83653.4081 0 0 0 0 0 0 
0 0 0 0 0 0 72969.05869 142448.4166 148363.656 145737.5595 144892.0111 146098.4731 143553.2315 146058.4406 146777.7569 144285.0545 144730.4481 143960.2806 144163.3591 143919.6353 145134.1685 145295.3378 143838.2975 149268.0512 145416.0855 147334.79 147215.5942 145093.8071 141748.4793 145938.1766 147968.7725 145053.4203 142571.5883 71429.28252 0 0 0 0 0 0 
0 0 0 0 0 0 44602.3256 144891.9599 142940.4818 145777.6992 144811.2213 143716.1608 145617.1025 144325.5826 145978.3049 143553.2546 147016.754 143675.4897 146458.5185 147652.1703 143512.5037 142325.2443 146338.6148 145456.3197 145416.0827 145617.121 144811.2559 143838.2582 144122.7131 143716.1479 145536.6777 146777.6793 144203.8259 43135.17828 0 0 0 0 0 0 
0 0 0 0 0 0 0 133806.9819 144609.0206 146098.4381 144528.1056 145416.0407 144649.5311 145053.4782 144041.5204 141127.9811 146458.5069 147612.5286 145093.8399 147056.5525 143838.2945 144811.2802 142817.7139 143308.4929 145536.7388 145456.3025 146737.8716 144932.4054 145214.7165 143553.2001 146897.232 147096.2373 132532.8102 0 0 0 0 0 0 0 
0 0 0 0 0 0 0 105603.7899 142858.5818 145416.0072 145134.0898 142735.6995 145737.5853 147016.722 143960.2495 148087.4065 149659.5097 144932.4359 142407.4318 145255.0502 145134.1549 146258.6194 143226.8113 144568.6345 141169.4294 140712.7644 143878.9319 144122.7155 143878.9099 143593.947 143145.0093 145174.369 103589.9725 0 0 0 0 0 0 0 
0 0 0 0 0 0 0 58154.31703 142078.2561 144811.1891 143267.5904 145093.7741 145053.4557 141665.9016 145777.74 146897.2856 146218.5943 144851.6645 143797.5958 140920.533 144041.5299 144000.9015 143716.1909 144082.1359 142694.7319 145576.917 147136.0626 142530.5943 144528.1055 144122.6833 146897.2199 142407.3324 59250.72623 0 0 0 0 0 0 0 
0 0 0 0 0 0 0 0 113559.5999 145375.7491 145737.5455 144203.8602 144000.8534 145013.1131 141169.4058 142817.6827 146298.5971 142160.6785 147255.3339 146817.6075 145938.2123 145536.7293 143145.068 144730.4189 143185.9271 145013.1218 142571.6409 146178.5311 145375.7764 146458.4285 144649.4704 115905.4882 0 0 0 0 0 0 0 0 
0 0 0 0 0 0 0 0 44994.15406 138449.0588 145617.04 144568.5647 143960.2055 143512.4388 141169.3971 145255.0095 145777.7338 143226.786 148087.3942 145536.7213 146777.7391 147056.5183 145375.814 145013.1249 142981.4544 143185.9109 145254.993 141335.0697 146937.0539 146937.0403 138702.3974 42036.01256 0 0 0 0 0 0 0 0 
0 0 0 0 0 0 0 0 0 75024.92719 144163.2464 141252.2268 146218.5303 144609.0414 146338.5491 145375.7923 147295.0314 142735.7088 144447.135 145174.4275 145536.7093 146538.3494 142817.6699 146578.2647 146058.4069 141707.1758 145456.2497 144041.4578 143634.6638 142078.2568 77404.82362 0 0 0 0 0 0 0 0 0 
0 0 0 0 0 0 0 0 0 0 85246.94969 143390.0283 142242.8996 143226.7368 145295.254 145174.4 145737.5666 144122.6993 144568.5912 146857.4207 144122.7037 145093.7824 143634.6983 146498.3947 147889.668 144041.4656 146178.505 140587.8956 143797.5037 87816.42628 0 0 0 0 0 0 0 0 0 0 
0 0 0 0 0 0 0 0 0 0 0 77025.94469 140254.5367 144770.7699 146538.302 140795.846 144325.5289 145737.5551 141500.5671 147731.3288 143063.2506 144284.9895 142940.4975 143919.5496 147175.7801 145978.2288 143716.1092 137983.3994 74555.53018 0 0 0 0 0 0 0 0 0 0 0 
0 0 0 0 0 0 0 0 0 0 0 0 43808.15627 113971.0476 144932.3375 142899.5314 144649.475 144325.5185 147691.698 144972.7253 142981.4123 147453.8058 144284.9703 147493.4729 144244.4003 140296.2514 118254.3173 42174.97509 0 0 0 0 0 0 0 0 0 0 0 0 
0 0 0 0 0 0 0 0 0 0 0 0 0 0 58254.84345 110000.1603 134591.7809 143104.1066 145335.4889 145214.6641 147731.2943 143919.5261 149463.8065 134330.6905 105990.9191 56105.98388 0 0 0 0 0 0 0 0 0 0 0 0 0 0 
0 0 0 0 0 0 0 0 0 0 0 0 0 0 0 0 0 45639.72874 70688.2087 85794.28743 82242.62721 71756.19368 45253.4893 0 0 0 0 0 0 0 0 0 0 0 0 0 0 0 0 0 
0 0 0 0 0 0 0 0 0 0 0 0 0 0 0 0 0 0 0 0 0 0 0 0 0 0 0 0 0 0 0 0 0 0 0 0 0 0 0 0 
0 0 0 0 0 0 0 0 0 0 0 0 0 0 0 0 0 0 0 0 0 0 0 0 0 0 0 0 0 0 0 0 0 0 0 0 0 0 0 0 
0 0 0 0 0 0 0 0 0 0 0 0 0 0 0 0 0 0 0 0 0 0 0 0 0 0 0 0 0 0 0 0 0 0 0 0 0 0 0 0 
0 0 0 0 0 0 0 0 0 0 0 0 0 0 0 0 0 0 0 0 0 0 0 0 0 0 0 0 0 0 0 0 0 0 0 0 0 0 0 0 
0 0 0 0 0 0 0 0 0 0 0 0 0 0 0 0 0 0 0 0 0 0 0 0 0 0 0 0 0 0 0 0 0 0 0 0 0 0 0 0 
0 0 0 0 0 0 0 0 0 0 0 0 0 0 0 0 0 0 0 0 0 0 0 0 0 0 0 0 0 0 0 0 0 0 0 0 0 0 0 0 
# Events [psd_source/PSD_source.dat] N:
0 0 0 0 0 0 0 0 0 0 0 0 0 0 0 0 0 0 0 0 0 0 0 0 0 0 0 0 0 0 0 0 0 0 0 0 0 0 0 0 
0 0 0 0 0 0 0 0 0 0 0 0 0 0 0 0 0 0 0 0 0 0 0 0 0 0 0 0 0 0 0 0 0 0 0 0 0 0 0 0 
0 0 0 0 0 0 0 0 0 0 0 0 0 0 0 0 0 0 0 0 0 0 0 0 0 0 0 0 0 0 0 0 0 0 0 0 0 0 0 0 
0 0 0 0 0 0 0 0 0 0 0 0 0 0 0 0 0 0 0 0 0 0 0 0 0 0 0 0 0 0 0 0 0 0 0 0 0 0 0 0 
0 0 0 0 0 0 0 0 0 0 0 0 0 0 0 0 0 0 0 0 0 0 0 0 0 0 0 0 0 0 0 0 0 0 0 0 0 0 0 0 
0 0 0 0 0 0 0 0 0 0 0 0 0 0 0 0 0 0 0 0 0 0 0 0 0 0 0 0 0 0 0 0 0 0 0 0 0 0 0 0 
0 0 0 0 0 0 0 0 0 0 0 0 0 0 0 0 0 180 411 588 585 430 159 0 0 0 0 0 0 0 0 0 0 0 0 0 0 0 0 0 
0 0 0 0 0 0 0 0 0 0 0 0 0 0 255 932 1561 1724 1737 1775 1822 1780 1749 1507 976 287 0 0 0 0 0 0 0 0 0 0 0 0 0 0 
0 0 0 0 0 0 0 0 0 0 0 0 164 1126 1813 1871 1788 1768 1790 1858 1754 1844 1707 1812 1788 1823 1109 170 0 0 0 0 0 0 0 0 0 0 0 0 
0 0 0 0 0 0 0 0 0 0 0 490 1697 1823 1808 1778 1717 1819 1795 1856 1799 1786 1672 1811 1829 1754 1864 1628 478 0 0 0 0 0 0 0 0 0 0 0 
0 0 0 0 0 0 0 0 0 0 628 1752 1847 1815 1715 1862 1824 1729 1783 1841 1771 1727 1785 1750 1803 1834 1739 1789 1770 651 0 0 0 0 0 0 0 0 0 0 
0 0 0 0 0 0 0 0 0 528 1796 1867 1742 1709 1854 1760 1749 1843 1840 1736 1734 1750 1799 1784 1799 1710 1779 1834 1778 1744 523 0 0 0 0 0 0 0 0 0 
0 0 0 0 0 0 0 0 161 1643 1791 1770 1836 1759 1776 1813 1743 1847 1784 1795 1870 1804 1805 1816 1781 1800 1805 1734 1816 1732 1633 196 0 0 0 0 0 0 0 0 
0 0 0 0 0 0 0 0 1130 1783 1806 1959 1849 1789 1813 1837 1781 1802 1788 1801 1788 1775 1803 1832 1760 1810 1860 1776 1788 1758 1757 1080 0 0 0 0 0 0 0 0 
0 0 0 0 0 0 0 264 1839 1801 1808 1754 1747 1806 1832 1715 1731 1843 1880 1777 1785 1838 1752 1804 1748 1741 1833 1792 1818 1772 1781 1821 293 0 0 0 0 0 0 0 
0 0 0 0 0 0 0 1012 1811 1844 1825 1769 1840 1814 1772 1804 1733 1780 1821 1768 1785 1725 1760 1776 1721 1763 1806 1782 1763 1721 1860 1818 962 0 0 0 0 0 0 0 
0 0 0 0 0 0 0 1596 1785 1744 1784 1748 1774 1807 1800 1793 1774 1841 1760 1759 1809 1731 1762 1781 1819 1777 1772 1891 1852 1787 1751 1698 1583 0 0 0 0 0 0 0 
0 0 0 0 0 0 158 1782 1718 1709 1804 1832 1789 1819 1773 1796 1826 1864 1820 1852 1803 1856 1764 1767 1807 1789 1813 1820 1804 1758 1742 1735 1744 155 0 0 0 0 0 0 
0 0 0 0 0 0 454 1820 1811 1849 1696 1778 1799 1799 1826 1783 1750 1818 1760 1723 1802 1849 1828 1828 1830 1736 1844 1802 1701 1765 1746 1865 1843 454 0 0 0 0 0 0 
0 0 0 0 0 0 534 1770 1769 1823 1793 1779 1764 1855 1839 1764 1752 1723 1794 1799 1851 1792 1773 1795 1853 1744 1795 1728 1725 1747 1803 1774 1793 591 0 0 0 0 0 0 
0 0 0 0 0 0 595 1833 1765 1814 1753 1786 1782 1803 1794 1834 1895 1755 1742 1769 1755 1813 1770 1835 1668 1811 1740 1775 1808 1825 1760 1727 1703 598 0 0 0 0 0 0 
0 0 0 0 0 0 455 1734 1881 1815 1794 1824 1761 1823 1841 1779 1790 1771 1776 1770 1800 1804 1768 1904 1807 1855 1852 1799 1717 1820 1871 1798 1737 436 0 0 0 0 0 0 
0 0 0 0 0 0 170 1794 1746 1816 1792 1765 1812 1780 1821 1761 1847 1764 1833 1863 1760 1731 1830 1808 1807 1812 1792 1768 1775 1765 1810 1841 1777 159 0 0 0 0 0 0 
0 0 0 0 0 0 0 1530 1787 1824 1785 1807 1788 1798 1773 1702 1833 1862 1799 1848 1768 1792 1743 1755 1810 1808 1840 1795 1802 1761 1844 1849 1501 0 0 0 0 0 0 0 
0 0 0 0 0 0 0 953 1744 1807 1800 1741 1815 1847 1771 1874 1914 1795 1733 1803 1800 1828 1753 1786 1703 1692 1769 1775 1769 1762 1751 1801 917 0 0 0 0 0 0 0 
0 0 0 0 0 0 0 289 1725 1792 1754 1799 1798 1715 1816 1844 1827 1793 1767 1697 1773 1772 1765 1774 1740 1811 1850 1736 1785 1775 1844 1733 300 0 0 0 0 0 0 0 
0 0 0 0 0 0 0 0 1102 1806 1815 1777 1772 1797 1703 1743 1829 1727 1853 1842 1820 1810 1751 1790 1752 1797 1737 1826 1806 1833 1788 1148 0 0 0 0 0 0 0 0 
0 0 0 0 0 0 0 0 173 1638 1812 1786 1771 1760 1703 1803 1816 1753 1874 1810 1841 1848 1806 1797 1747 1752 1803 1707 1845 1845 1644 151 0 0 0 0 0 0 0 0 
0 0 0 0 0 0 0 0 0 481 1776 1705 1827 1787 1830 1806 1854 1741 1783 1801 1810 1835 1743 1836 1823 1716 1808 1773 1763 1725 512 0 0 0 0 0 0 0 0 0 
0 0 0 0 0 0 0 0 0 0 621 1757 1729 1753 1804 1801 1815 1775 1786 1843 1775 1799 1763 1834 1869 1773 1826 1689 1767 659 0 0 0 0 0 0 0 0 0 0 
0 0 0 0 0 0 0 0 0 0 0 507 1681 1791 1835 1694 1780 1815 1711 1865 1749 1779 1746 1770 1851 1821 1765 1627 475 0 0 0 0 0 0 0 0 0 0 0 
0 0 0 0 0 0 0 0 0 0 0 0 164 1110 1795 1745 1788 1780 1864 1796 1747 1858 1779 1859 1778 1682 1195 152 0 0 0 0 0 0 0 0 0 0 0 0 
0 0 0 0 0 0 0 0 0 0 0 0 0 0 290 1034 1548 1750 1805 1802 1865 1770 1909 1542 960 269 0 0 0 0 0 0 0 0 0 0 0 0 0 0 
0 0 0 0 0 0 0 0 0 0 0 0 0 0 0 0 0 178 427 629 578 440 175 0 0 0 0 0 0 0 0 0 0 0 0 0 0 0 0 0 
0 0 0 0 0 0 0 0 0 0 0 0 0 0 0 0 0 0 0 0 0 0 0 0 0 0 0 0 0 0 0 0 0 0 0 0 0 0 0 0 
0 0 0 0 0 0 0 0 0 0 0 0 0 0 0 0 0 0 0 0 0 0 0 0 0 0 0 0 0 0 0 0 0 0 0 0 0 0 0 0 
0 0 0 0 0 0 0 0 0 0 0 0 0 0 0 0 0 0 0 0 0 0 0 0 0 0 0 0 0 0 0 0 0 0 0 0 0 0 0 0 
0 0 0 0 0 0 0 0 0 0 0 0 0 0 0 0 0 0 0 0 0 0 0 0 0 0 0 0 0 0 0 0 0 0 0 0 0 0 0 0 
0 0 0 0 0 0 0 0 0 0 0 0 0 0 0 0 0 0 0 0 0 0 0 0 0 0 0 0 0 0 0 0 0 0 0 0 0 0 0 0 
0 0 0 0 0 0 0 0 0 0 0 0 0 0 0 0 0 0 0 0 0 0 0 0 0 0 0 0 0 0 0 0 0 0 0 0 0 0 0 0 
