# Format: McCode with text headers
# URL: http://www.mccode.org
# Creator: McStas 2.5 - Dec. 12, 2018
# Instrument: ESS_HEIMDAL.instr
# Ncount: 25000
# Trace: no
# Gravitation: no
# Seed: 1565850628
# Directory: TemperatureScan/24
# Nodes: 4
# Param: lmax=4
# Param: lmin=0.5
# Param: T=490
# Param: tau=0
# Param: use_CoFe2O4=1
# Param: use_CoFe=1
# Param: use_magn=1
# Date: Wed Aug 14 12:14:10 2019 (1565777650)
# type: array_2d(40, 40)
# Source: ESS_HEIMDAL (ESS_HEIMDAL.instr)
# component: psd_source
# position: 0 0 0.01
# title: PSD monitor
# Ncount: 100000
# filename: PSD_source.dat
# statistics: X0=-0.01464; dX=5.00054; Y0=-0.000255002; dY=5.00762;
# signal: Min=0; Max=7.6969e+06; Mean=2.13803e+06;
# values: 3.42084e+09 1.08177e+07 100000
# xvar: X 
# yvar: Y 
# xlabel: X position [cm]
# ylabel: Y position [cm]
# zvar: I
# zlabel: Signal per bin
# xylimits: -15 15 -15 15
# variables: I I_err N
# Data [psd_source/PSD_source.dat] I:
0 0 0 0 0 0 0 0 0 0 0 0 0 0 0 0 0 0 0 0 0 0 0 0 0 0 0 0 0 0 0 0 0 0 0 0 0 0 0 0 
0 0 0 0 0 0 0 0 0 0 0 0 0 0 0 0 0 0 0 0 0 0 0 0 0 0 0 0 0 0 0 0 0 0 0 0 0 0 0 0 
0 0 0 0 0 0 0 0 0 0 0 0 0 0 0 0 0 0 0 0 0 0 0 0 0 0 0 0 0 0 0 0 0 0 0 0 0 0 0 0 
0 0 0 0 0 0 0 0 0 0 0 0 0 0 0 0 0 0 0 0 0 0 0 0 0 0 0 0 0 0 0 0 0 0 0 0 0 0 0 0 
0 0 0 0 0 0 0 0 0 0 0 0 0 0 0 0 0 0 0 0 0 0 0 0 0 0 0 0 0 0 0 0 0 0 0 0 0 0 0 0 
0 0 0 0 0 0 0 0 0 0 0 0 0 0 0 0 0 0 0 0 0 0 0 0 0 0 0 0 0 0 0 0 0 0 0 0 0 0 0 0 
0 0 0 0 0 0 0 0 0 0 0 0 0 0 0 0 0 684168.3912 1607795.995 1607795.882 1710421.076 1436753.736 718376.8637 0 0 0 0 0 0 0 0 0 0 0 0 0 0 0 0 0 
0 0 0 0 0 0 0 0 0 0 0 0 0 0 581543.1473 3523467.422 4686554.196 6157516.378 6260141.914 6294350.113 6225933.768 6020682.745 5370722.541 5028638.275 3215591.772 752585.353 0 0 0 0 0 0 0 0 0 0 0 0 0 0 
0 0 0 0 0 0 0 0 0 0 0 0 410501.068 4310261.089 6260141.712 5473348.172 5918058.12 5815432.827 6670643.703 6294350.995 6089100.565 6431184.72 6431184.261 6191725.37 6465392.419 5644390.02 3660301.333 547334.7773 0 0 0 0 0 0 0 0 0 0 0 0 
0 0 0 0 0 0 0 0 0 0 0 1813046.436 5097055.018 6225933.367 5986474.699 6431184.92 6807477.752 6602227.488 5541766.271 6362768.437 6123309.674 5986475.88 5986475.551 6841686.159 6533810.184 5473348.406 5986474.604 5097055.145 1778837.874 0 0 0 0 0 0 0 0 0 0 0 
0 0 0 0 0 0 0 0 0 0 2018296.882 5678598.243 6499601.127 6191725.703 6568018.816 6739061.364 6328560.412 6260143.859 5849642.684 6157518.403 5952268.03 5678600.524 6260143.729 5952267.564 6225934.851 5302306.83 5918058.188 5747015.864 6054891.022 2428797.91 0 0 0 0 0 0 0 0 0 0 
0 0 0 0 0 0 0 0 0 1402545.336 5678598.263 6465392.905 6054891.993 6773269.707 5986475.831 6089101.572 5610183.835 6020685.133 6191727.592 6807479.422 6602228.803 6225935.855 7457439.677 6396977.879 5815434.225 6978520.632 6157517.895 6362767.709 6123308.366 5849640.554 1813046.371 0 0 0 0 0 0 0 0 0 
0 0 0 0 0 0 0 0 410501.0495 5918057.286 6670643.095 6636435.426 5815433.489 5473349.53 5986476.463 6294352.72 6054893.874 6328561.662 6054894.31 6089102.803 6020685.841 4994432.532 6157519.393 6739062.763 5370724.95 7423231.069 5644391.817 6225934.906 5986475.241 5473348.189 6020682.569 513126.335 0 0 0 0 0 0 0 0 
0 0 0 0 0 0 0 0 3523467.571 6670643.062 6807477.458 5781225.183 6054893.033 6123310.307 6054893.73 6328561.636 5815435.334 6910105.753 7081147.968 6020686.326 6123311.683 5849643.948 6773272.115 7115355.934 6431187.091 6465395.115 6157518.783 6568019.586 6089100.992 6636435.469 5712807.221 3352425.441 0 0 0 0 0 0 0 0 
0 0 0 0 0 0 0 1060461.044 6499600.505 5644390.798 5781224.897 6089101.225 6465394.629 5986476.861 6362770.109 5952269.139 6225936.815 5986477.943 5849644.408 7012731.67 5747019.156 5815435.945 6602229.936 5439142.847 5781227.079 5610184.346 6396978.23 7149563.525 6089101.357 5918058.629 6602226.529 6054891.127 855210.6152 0 0 0 0 0 0 0 
0 0 0 0 0 0 0 3420842.257 6328558.823 5883849.844 7046937.15 6260143.916 5165474.267 5815435.008 5952269.196 6020686.394 7286399.31 6123312.128 5849644.63 6670647.505 5233892.524 5849644.627 6123312.108 5747019.007 6636438.343 5986477.581 6157519.495 5849643.176 5644391.859 6157517.889 6191725.854 5507556.597 3626092.889 0 0 0 0 0 0 0 
0 0 0 0 0 0 0 5541764.634 6362767.47 6260142.885 6157518.155 5439141.608 6362769.835 6396978.753 6362770.705 5952269.739 6089103.635 6396979.975 6875898.364 7252191.439 5781228.06 5918061.711 6089103.853 6089103.713 5131266.937 6362770.646 6191728.111 6636437.436 6362769.347 6089101.372 6841686.242 5541765.185 5199680.375 0 0 0 0 0 0 0 
0 0 0 0 0 0 581543.1809 6157516.314 6054891.694 6054892.452 5747017.228 5439141.758 6260144.781 6431187.373 6260145.586 5747019.16 5883853.237 5404935.088 5678602.853 6089104.207 6396980.304 7696901.47 5815436.44 6499605.357 6089103.59 6602230.127 6431187.411 6773271.399 5952268.336 6602228.109 5781224.987 5918058.149 6431183.811 649960.0305 0 0 0 0 0 0 
0 0 0 0 0 0 1334128.492 6396975.428 6431184.696 5336515.588 6123310.068 6191727.541 6225936.434 6431187.54 6568021.767 6157520.707 6020687.126 5986478.867 6260146.613 5541769.145 6123312.838 6020687.436 5678602.784 5404935.016 6875898.114 6225937.252 6328562.225 5815435.132 6020685.365 5575975.127 5747016.709 5747016.069 6328558.625 1710421.116 0 0 0 0 0 0 
0 0 0 0 0 0 2155130.623 5507556.489 6396976.281 6191726.44 5712808.899 5712809.411 5918060.502 6362770.715 5473351.514 5712810.94 5883853.363 5747019.754 5883853.67 6089104.426 5883853.722 5747019.852 5986478.918 5849644.927 5473351.791 6123311.976 6396979.147 5849643.661 6089102.235 5575975.195 5712808.347 6260142.608 5678598.635 1676212.696 0 0 0 0 0 0 
0 0 0 0 0 0 2223547.439 5507556.472 5747016.094 6157517.944 6499602.937 5849643.188 5575976.105 5815435.639 6499604.892 5952270.054 6841689.975 5815436.657 6157521.27 6225938.246 5815436.835 5404935.366 5952270.429 6294354.767 6841689.708 5507559.933 6225936.974 6123311.186 5644392.56 6841687.337 6260143.284 5747016.137 6328558.705 1813046.394 0 0 0 0 0 0 
0 0 0 0 0 0 1813046.39 5507556.366 5849641.266 6020684.153 6944312.551 6670645.665 6020685.801 5986477.834 6807480.9 7012731.883 5541768.816 6054895.74 5883853.592 6260146.68 5575977.589 5849645.185 5302309.834 5747019.493 6533813.592 5781227.431 6704855.068 6157519.569 5815434.682 6875895.676 6465393.717 7183770.09 6260141.792 1402545.338 0 0 0 0 0 0 
0 0 0 0 0 0 547334.759 5815432.121 5541765.355 6568018.94 5268099.072 7354814.332 5849643.496 5712810.165 6054894.932 6636438.816 7217982.681 6328563.29 5781228.195 6123312.765 5268101.451 6294354.93 5952270.239 5986478.519 5610185.364 6533813.171 6157519.879 5644392.815 6225935.834 5883850.941 5986475.609 5678599.072 6123307.894 410501.0683 0 0 0 0 0 0 
0 0 0 0 0 0 0 5610181.485 6841685.555 5918058.581 5541766.444 5541766.92 5747017.938 6602229.449 6362770.757 5918061.235 5849644.618 6020686.947 6875898.352 6191729.448 5678602.62 5268101.333 5473351.874 6568021.962 6602230.115 5541768.048 6294353.452 6465395.174 6533811.605 6739061.54 5747016.453 6636434.83 4994429.763 0 0 0 0 0 0 0 
0 0 0 0 0 0 0 3078758.041 6465392.625 5883849.935 6020684.306 5986476.334 6328561.207 6910105.228 6841688.73 6260145.573 6499604.829 6465396.619 6157520.767 5712810.835 6294354.512 5883853.02 6396979.724 6191728.867 5610184.92 6089102.873 5439142.184 6739062.493 6225935.391 5918058.968 5610182.522 5952266.048 3557675.983 0 0 0 0 0 0 0 
0 0 0 0 0 0 0 1265711.588 6875893.278 7115352.922 6396976.773 4891806.074 6123310.335 6431186.633 5918060.49 6431187.257 5781227.015 6499604.748 6225937.173 5952269.834 6089103.546 5541768.328 6260145.626 6157520.09 6157519.707 6396978.591 6157519.11 6157518.761 6089101.203 7320604.253 5849641.11 5918057.399 923627.3918 0 0 0 0 0 0 0 
0 0 0 0 0 0 0 0 4002385.469 6020683.022 6225934.119 6225934.715 6328560.599 5644392.103 6636437.339 6294353.122 6362770.379 6123311.36 6362770.664 5678601.876 6328562.169 6807480.513 6123311.554 5952268.996 6328561.667 5302308.083 6568020.092 5952267.756 6089100.966 6123308.772 5575973.419 3933968.529 0 0 0 0 0 0 0 0 
0 0 0 0 0 0 0 0 513126.2662 4994429.82 5268097.68 6602227.008 6396976.995 6362768.961 6191727.302 5815434.729 5473350.532 5678601.221 6020685.919 6670646.272 6944313.715 6533812.502 6294353.264 5849643.41 6157519.075 6225935.435 7149563.072 5815433.587 5336515.162 5097055.501 5199680.417 342084.2239 0 0 0 0 0 0 0 0 
0 0 0 0 0 0 0 0 0 1676212.692 6225933.182 6978519.017 6875894.447 5712808.145 6054892.816 6533811.404 5952268.165 6910104.369 5986477.041 6089102.207 6157519.144 6499603.463 4857598.573 6465394.725 5781225.76 6191726.586 5028639.65 6978519.857 6089099.875 6054891.079 1847254.797 0 0 0 0 0 0 0 0 0 
0 0 0 0 0 0 0 0 0 0 2120922.171 6020682.769 6294350.725 5952266.601 6123309.209 6362768.588 5712808.704 6533811.033 5404932.942 6054893.225 7115354.691 5747017.139 6294352.143 6362768.917 5678599.984 5610182.94 6123308.851 5541765.181 6328558.441 2120922.217 0 0 0 0 0 0 0 0 0 0 
0 0 0 0 0 0 0 0 0 0 0 2326172.831 6328558.464 5370722.902 5986474.905 5233889.981 6157517.691 6294351.69 5952267.218 6841686.535 6123309.599 5473349.221 6225934.731 5952266.812 6260142.47 5815432.767 6944310.506 4994429.912 1710421.005 0 0 0 0 0 0 0 0 0 0 0 
0 0 0 0 0 0 0 0 0 0 0 0 649960.0339 4241844.234 5986474.221 6294350.623 5747015.949 5918058.432 6431184.837 6260142.691 6362767.83 6054891.866 6465392.951 6636435.118 6533809.471 6054891.196 4310261.399 752585.2152 0 0 0 0 0 0 0 0 0 0 0 0 
0 0 0 0 0 0 0 0 0 0 0 0 0 0 1265711.643 3557676.027 4926013.145 6157516.229 5473347.631 6602226.135 6328558.648 6260141.668 6533809.009 5028638.388 3284008.526 786793.7463 0 0 0 0 0 0 0 0 0 0 0 0 0 0 
0 0 0 0 0 0 0 0 0 0 0 0 0 0 0 0 0 615751.6419 1334128.39 1676212.8 1778837.92 1470962.041 547334.7572 0 0 0 0 0 0 0 0 0 0 0 0 0 0 0 0 0 
0 0 0 0 0 0 0 0 0 0 0 0 0 0 0 0 0 0 0 0 0 0 0 0 0 0 0 0 0 0 0 0 0 0 0 0 0 0 0 0 
0 0 0 0 0 0 0 0 0 0 0 0 0 0 0 0 0 0 0 0 0 0 0 0 0 0 0 0 0 0 0 0 0 0 0 0 0 0 0 0 
0 0 0 0 0 0 0 0 0 0 0 0 0 0 0 0 0 0 0 0 0 0 0 0 0 0 0 0 0 0 0 0 0 0 0 0 0 0 0 0 
0 0 0 0 0 0 0 0 0 0 0 0 0 0 0 0 0 0 0 0 0 0 0 0 0 0 0 0 0 0 0 0 0 0 0 0 0 0 0 0 
0 0 0 0 0 0 0 0 0 0 0 0 0 0 0 0 0 0 0 0 0 0 0 0 0 0 0 0 0 0 0 0 0 0 0 0 0 0 0 0 
0 0 0 0 0 0 0 0 0 0 0 0 0 0 0 0 0 0 0 0 0 0 0 0 0 0 0 0 0 0 0 0 0 0 0 0 0 0 0 0 
# Errors [psd_source/PSD_source.dat] I_err:
0 0 0 0 0 0 0 0 0 0 0 0 0 0 0 0 0 0 0 0 0 0 0 0 0 0 0 0 0 0 0 0 0 0 0 0 0 0 0 0 
0 0 0 0 0 0 0 0 0 0 0 0 0 0 0 0 0 0 0 0 0 0 0 0 0 0 0 0 0 0 0 0 0 0 0 0 0 0 0 0 
0 0 0 0 0 0 0 0 0 0 0 0 0 0 0 0 0 0 0 0 0 0 0 0 0 0 0 0 0 0 0 0 0 0 0 0 0 0 0 0 
0 0 0 0 0 0 0 0 0 0 0 0 0 0 0 0 0 0 0 0 0 0 0 0 0 0 0 0 0 0 0 0 0 0 0 0 0 0 0 0 
0 0 0 0 0 0 0 0 0 0 0 0 0 0 0 0 0 0 0 0 0 0 0 0 0 0 0 0 0 0 0 0 0 0 0 0 0 0 0 0 
0 0 0 0 0 0 0 0 0 0 0 0 0 0 0 0 0 0 0 0 0 0 0 0 0 0 0 0 0 0 0 0 0 0 0 0 0 0 0 0 
0 0 0 0 0 0 0 0 0 0 0 0 0 0 0 0 0 152984.7031 234521.1491 234521.1327 241890.0683 221695.9145 156762.6836 0 0 0 0 0 0 0 0 0 0 0 0 0 0 0 0 0 
0 0 0 0 0 0 0 0 0 0 0 0 0 0 141044.9307 347177.5612 400399.3466 458954.1731 462763.0062 464025.6467 461496.9151 453826.0375 428630.322 414755.0945 331662.9673 160451.7364 0 0 0 0 0 0 0 0 0 0 0 0 0 0 
0 0 0 0 0 0 0 0 0 0 0 0 118501.4511 383988.5772 462762.9913 432706.1662 449941.627 446023.3374 477694.7175 464025.7117 456397.3831 469042.3522 469042.3188 460227.3223 470288.0977 439415.1671 353854.6859 136833.6943 0 0 0 0 0 0 0 0 0 0 0 0 
0 0 0 0 0 0 0 0 0 0 0 249041.081 417567.0171 461496.8854 452534.951 469042.3669 482569.3032 475238.7336 435402.2789 466540.8174 457677.6534 452535.0403 452535.0154 483780.2677 472769.9125 432706.1848 452534.9438 417567.0275 246680.4294 0 0 0 0 0 0 0 0 0 0 0 
0 0 0 0 0 0 0 0 0 0 262759.8732 440744.7012 471530.6253 460227.3471 474005.929 480138.2418 465285.0152 462763.15 447333.3564 458954.324 451240.2749 440744.8782 462763.1404 451240.2395 461496.9954 425891.5334 449941.6321 443391.9001 455113.4787 288245.2812 0 0 0 0 0 0 0 0 0 0 
0 0 0 0 0 0 0 0 0 219040.7813 440744.7027 470288.1331 455113.5516 481355.3179 452535.0365 456397.4585 438081.7572 453826.2174 460227.4874 482569.4216 475238.8283 461497.0698 505081.5473 467793.3521 446023.4446 488594.1728 458954.2862 466540.764 457677.5556 447333.1935 249041.0719 0 0 0 0 0 0 0 0 0 
0 0 0 0 0 0 0 0 118501.4457 449941.5636 477694.6739 476468.2958 446023.3881 432706.2737 452535.0843 464025.8389 455113.693 465285.1071 455113.7258 456397.5509 453826.2708 413342.1774 458954.3979 480138.3416 428630.5143 503921.7603 439415.307 461496.9995 452534.9919 432706.1676 453826.0242 132488.65 0 0 0 0 0 0 0 0 
0 0 0 0 0 0 0 0 347177.5759 477694.6716 482569.2823 444709.6294 455113.6298 457677.7007 455113.6822 465285.1052 446023.5296 486193.3441 492173.8064 453826.3074 457677.8036 447333.4531 481355.489 493361.1666 469042.5252 470288.2939 458954.3524 474005.9845 456397.4151 476468.2989 442070.295 338646.109 0 0 0 0 0 0 0 0 
0 0 0 0 0 0 0 190464.426 471530.5802 439415.2277 444709.6075 456397.4325 470288.2585 452535.1144 466540.94 451240.3589 461497.141 452535.1962 447333.4883 489790.4255 443392.154 446023.5765 475238.9098 431352.086 444709.7753 438081.7971 467793.3777 494545.6501 456397.4424 449941.6657 475238.6645 455113.4866 171042.123 0 0 0 0 0 0 0 
0 0 0 0 0 0 0 342084.2257 465284.8984 448639.3446 490983.3762 462763.1542 420360.3343 446023.5046 451240.3632 453826.3125 499255.8542 457677.8368 447333.5052 477694.9898 423135.1316 447333.505 457677.8353 443392.1426 476468.5052 452535.1688 458954.4055 447333.394 439415.3102 458954.2858 460227.3583 434056.2667 352197.2759 0 0 0 0 0 0 0 
0 0 0 0 0 0 0 435402.1503 466540.7465 462763.078 458954.3056 431351.9877 466540.9199 467793.4159 466540.9837 451240.4044 456397.6132 467793.5053 484988.4766 498082.5529 444709.8508 449941.9 456397.6295 456397.619 418966.191 466540.9794 460227.526 476468.4401 466540.8841 456397.4436 483780.2736 435402.1936 421749.77 0 0 0 0 0 0 0 
0 0 0 0 0 0 141044.9389 458954.1683 455113.5292 455113.5862 443392.0053 431351.9996 462763.2182 469042.5457 462763.2776 443392.1544 448639.6034 429993.548 440745.059 456397.6561 467793.5294 513126.7647 446023.6144 471530.9322 456397.6098 475238.9236 469042.5485 481355.4381 451240.298 475238.7783 444709.6144 449941.6292 469042.2859 149111.0574 0 0 0 0 0 0 
0 0 0 0 0 0 213631.5323 467793.1728 469042.3505 427263.1944 457677.6829 460227.4837 461497.1128 469042.5579 474006.1419 458954.4958 453826.3676 452535.2661 462763.3535 435402.5047 457677.8899 453826.391 440745.0536 429993.5423 484988.459 461497.1733 465285.1484 446023.5141 453826.2349 436744.0787 443391.9653 443391.9159 465284.8838 241890.074 0 0 0 0 0 0 
0 0 0 0 0 0 271520.9368 434056.2582 467793.2352 460227.4018 442070.4249 442070.4645 449941.8081 466540.9844 432706.4305 442070.5828 448639.6129 443392.2002 448639.6364 456397.6725 448639.6403 443392.2077 452535.2699 447333.5279 432706.4524 457677.8255 467793.4448 447333.4311 456397.5083 436744.0841 442070.3822 462763.0575 440744.7316 239458.9566 0 0 0 0 0 0 
0 0 0 0 0 0 275797.1164 434056.2569 443391.9178 458954.2898 471530.7566 447333.395 436744.1553 446023.553 471530.8984 451240.4283 483780.5376 446023.631 458954.5377 461497.247 446023.6447 429993.5701 451240.4567 464025.9898 483780.5187 434056.5296 461497.1528 457677.7664 439415.3649 483780.3511 462763.1075 443391.9211 465284.8897 249041.0751 0 0 0 0 0 0 
0 0 0 0 0 0 249041.0746 434056.2485 447333.248 453826.1435 487395.1918 477694.858 453826.2678 452535.1879 482569.5263 489790.4403 435402.4788 455113.8333 448639.6304 462763.3585 436744.2715 447333.5476 425891.7746 443392.1801 472770.1591 444709.8024 478918.2191 458954.4109 446023.4796 484988.287 470288.1922 495727.2325 462762.9972 219040.7817 0 0 0 0 0 0 
0 0 0 0 0 0 136833.6897 446023.2832 435402.2069 474005.9379 424515.5209 501594.1743 447333.4185 442070.5229 455113.7726 476468.5392 496906.4202 465285.2268 444709.8611 457677.8845 424515.7126 464026.0018 451240.4423 452535.2397 438081.8766 472770.1286 458954.4341 439415.3847 461497.0683 448639.4283 452535.0197 440744.7655 457677.5203 118501.4511 0 0 0 0 0 0 
0 0 0 0 0 0 0 438081.5737 483780.2251 449941.662 435402.2925 435402.3299 443392.0601 475238.8747 466540.9875 449941.8638 447333.5043 453826.3542 484988.4758 460227.6254 440745.0409 424515.7031 432706.4589 474006.156 475238.9227 435402.4185 464025.8929 470288.2981 472770.0153 480138.2544 443391.9455 476468.253 413341.9482 0 0 0 0 0 0 0 
0 0 0 0 0 0 0 324529.5924 470288.1128 448639.3516 453826.1551 452535.0746 465285.0736 486193.3072 483780.4496 462763.2767 471530.8939 470288.4032 458954.5003 442070.5747 464025.971 448639.5868 467793.487 460227.5822 438081.8419 456397.5561 431352.0334 480138.3223 461497.0354 449941.6915 438081.6547 451240.1246 348858.8319 0 0 0 0 0 0 0 
0 0 0 0 0 0 0 208081.7033 484988.1178 493360.9578 467793.2712 409073.3744 457677.7028 469042.4918 449941.8072 469042.5373 444709.7704 471530.888 461497.1675 451240.4116 456397.6065 435402.4405 462763.2806 458954.4498 458954.4212 467793.4041 458954.3768 458954.3508 456397.431 500426.2044 447333.236 449941.5722 177752.1744 0 0 0 0 0 0 0 
0 0 0 0 0 0 0 0 370020.6675 453826.0583 461496.9411 461496.9853 465285.0289 439415.3293 476468.4332 464025.8685 466540.9598 457677.7794 466540.9807 440744.9832 465285.1444 482569.4989 457677.7939 451240.348 465285.1074 425891.634 474006.021 451240.254 456397.4132 457677.586 436743.9449 366844.4569 0 0 0 0 0 0 0 0 
0 0 0 0 0 0 0 0 132488.6322 413341.9529 424515.4087 475238.6991 467793.2875 466540.8559 460227.4659 446023.4832 432706.3528 440744.9323 453826.2767 477694.9015 487395.2734 472770.0802 464025.879 447333.412 458954.3742 461497.0387 494545.6187 446023.3956 427263.1603 417567.0567 421749.7733 108176.5299 0 0 0 0 0 0 0 0 
0 0 0 0 0 0 0 0 0 239458.956 461496.8716 488594.0598 484988.2003 442070.3666 455113.6135 472770.0008 451240.2851 486193.2468 452535.128 456397.5062 458954.3793 471530.7948 407640.6169 470288.2655 444709.6739 460227.4127 414755.2079 488594.1186 456397.3313 455113.483 251379.5377 0 0 0 0 0 0 0 0 0 
0 0 0 0 0 0 0 0 0 0 269357.3851 453826.0393 464025.6918 451240.1665 457677.6187 466540.8285 442070.4098 472769.9739 429993.3772 455113.6442 493361.0804 443391.9985 464025.7963 466540.8526 440744.8363 438081.6873 457677.5919 435402.1932 465284.8703 269357.3909 0 0 0 0 0 0 0 0 0 0 
0 0 0 0 0 0 0 0 0 0 0 282089.8908 465284.8719 428630.3508 452534.9665 423134.926 458954.271 464025.763 451240.2133 483780.2944 457677.6478 432706.2492 461496.9865 451240.1825 462763.0473 446023.3328 487395.0482 413341.9605 241890.0583 0 0 0 0 0 0 0 0 0 0 0 
0 0 0 0 0 0 0 0 0 0 0 0 149111.0582 380928.8574 452534.9148 464025.6843 443391.9066 449941.6507 469042.3608 462763.0636 466540.7729 455113.5421 470288.1364 476468.2737 472769.8609 455113.4917 383988.6048 160451.707 0 0 0 0 0 0 0 0 0 0 0 0 
0 0 0 0 0 0 0 0 0 0 0 0 0 0 208081.7124 348858.8362 410501.0954 458954.162 432706.1235 475238.6362 465284.8854 462762.988 472769.8274 414755.1039 335172.7166 164057.837 0 0 0 0 0 0 0 0 0 0 0 0 0 0 
0 0 0 0 0 0 0 0 0 0 0 0 0 0 0 0 0 145134.0538 213631.516 239458.9714 246680.4358 224319.6083 136833.6893 0 0 0 0 0 0 0 0 0 0 0 0 0 0 0 0 0 
0 0 0 0 0 0 0 0 0 0 0 0 0 0 0 0 0 0 0 0 0 0 0 0 0 0 0 0 0 0 0 0 0 0 0 0 0 0 0 0 
0 0 0 0 0 0 0 0 0 0 0 0 0 0 0 0 0 0 0 0 0 0 0 0 0 0 0 0 0 0 0 0 0 0 0 0 0 0 0 0 
0 0 0 0 0 0 0 0 0 0 0 0 0 0 0 0 0 0 0 0 0 0 0 0 0 0 0 0 0 0 0 0 0 0 0 0 0 0 0 0 
0 0 0 0 0 0 0 0 0 0 0 0 0 0 0 0 0 0 0 0 0 0 0 0 0 0 0 0 0 0 0 0 0 0 0 0 0 0 0 0 
0 0 0 0 0 0 0 0 0 0 0 0 0 0 0 0 0 0 0 0 0 0 0 0 0 0 0 0 0 0 0 0 0 0 0 0 0 0 0 0 
0 0 0 0 0 0 0 0 0 0 0 0 0 0 0 0 0 0 0 0 0 0 0 0 0 0 0 0 0 0 0 0 0 0 0 0 0 0 0 0 
# Events [psd_source/PSD_source.dat] N:
0 0 0 0 0 0 0 0 0 0 0 0 0 0 0 0 0 0 0 0 0 0 0 0 0 0 0 0 0 0 0 0 0 0 0 0 0 0 0 0 
0 0 0 0 0 0 0 0 0 0 0 0 0 0 0 0 0 0 0 0 0 0 0 0 0 0 0 0 0 0 0 0 0 0 0 0 0 0 0 0 
0 0 0 0 0 0 0 0 0 0 0 0 0 0 0 0 0 0 0 0 0 0 0 0 0 0 0 0 0 0 0 0 0 0 0 0 0 0 0 0 
0 0 0 0 0 0 0 0 0 0 0 0 0 0 0 0 0 0 0 0 0 0 0 0 0 0 0 0 0 0 0 0 0 0 0 0 0 0 0 0 
0 0 0 0 0 0 0 0 0 0 0 0 0 0 0 0 0 0 0 0 0 0 0 0 0 0 0 0 0 0 0 0 0 0 0 0 0 0 0 0 
0 0 0 0 0 0 0 0 0 0 0 0 0 0 0 0 0 0 0 0 0 0 0 0 0 0 0 0 0 0 0 0 0 0 0 0 0 0 0 0 
0 0 0 0 0 0 0 0 0 0 0 0 0 0 0 0 0 20 47 47 50 42 21 0 0 0 0 0 0 0 0 0 0 0 0 0 0 0 0 0 
0 0 0 0 0 0 0 0 0 0 0 0 0 0 17 103 137 180 183 184 182 176 157 147 94 22 0 0 0 0 0 0 0 0 0 0 0 0 0 0 
0 0 0 0 0 0 0 0 0 0 0 0 12 126 183 160 173 170 195 184 178 188 188 181 189 165 107 16 0 0 0 0 0 0 0 0 0 0 0 0 
0 0 0 0 0 0 0 0 0 0 0 53 149 182 175 188 199 193 162 186 179 175 175 200 191 160 175 149 52 0 0 0 0 0 0 0 0 0 0 0 
0 0 0 0 0 0 0 0 0 0 59 166 190 181 192 197 185 183 171 180 174 166 183 174 182 155 173 168 177 71 0 0 0 0 0 0 0 0 0 0 
0 0 0 0 0 0 0 0 0 41 166 189 177 198 175 178 164 176 181 199 193 182 218 187 170 204 180 186 179 171 53 0 0 0 0 0 0 0 0 0 
0 0 0 0 0 0 0 0 12 173 195 194 170 160 175 184 177 185 177 178 176 146 180 197 157 217 165 182 175 160 176 15 0 0 0 0 0 0 0 0 
0 0 0 0 0 0 0 0 103 195 199 169 177 179 177 185 170 202 207 176 179 171 198 208 188 189 180 192 178 194 167 98 0 0 0 0 0 0 0 0 
0 0 0 0 0 0 0 31 190 165 169 178 189 175 186 174 182 175 171 205 168 170 193 159 169 164 187 209 178 173 193 177 25 0 0 0 0 0 0 0 
0 0 0 0 0 0 0 100 185 172 206 183 151 170 174 176 213 179 171 195 153 171 179 168 194 175 180 171 165 180 181 161 106 0 0 0 0 0 0 0 
0 0 0 0 0 0 0 162 186 183 180 159 186 187 186 174 178 187 201 212 169 173 178 178 150 186 181 194 186 178 200 162 152 0 0 0 0 0 0 0 
0 0 0 0 0 0 17 180 177 177 168 159 183 188 183 168 172 158 166 178 187 225 170 190 178 193 188 198 174 193 169 173 188 19 0 0 0 0 0 0 
0 0 0 0 0 0 39 187 188 156 179 181 182 188 192 180 176 175 183 162 179 176 166 158 201 182 185 170 176 163 168 168 185 50 0 0 0 0 0 0 
0 0 0 0 0 0 63 161 187 181 167 167 173 186 160 167 172 168 172 178 172 168 175 171 160 179 187 171 178 163 167 183 166 49 0 0 0 0 0 0 
0 0 0 0 0 0 65 161 168 180 190 171 163 170 190 174 200 170 180 182 170 158 174 184 200 161 182 179 165 200 183 168 185 53 0 0 0 0 0 0 
0 0 0 0 0 0 53 161 171 176 203 195 176 175 199 205 162 177 172 183 163 171 155 168 191 169 196 180 170 201 189 210 183 41 0 0 0 0 0 0 
0 0 0 0 0 0 16 170 162 192 154 215 171 167 177 194 211 185 169 179 154 184 174 175 164 191 180 165 182 172 175 166 179 12 0 0 0 0 0 0 
0 0 0 0 0 0 0 164 200 173 162 162 168 193 186 173 171 176 201 181 166 154 160 192 193 162 184 189 191 197 168 194 146 0 0 0 0 0 0 0 
0 0 0 0 0 0 0 90 189 172 176 175 185 202 200 183 190 189 180 167 184 172 187 181 164 178 159 197 182 173 164 174 104 0 0 0 0 0 0 0 
0 0 0 0 0 0 0 37 201 208 187 143 179 188 173 188 169 190 182 174 178 162 183 180 180 187 180 180 178 214 171 173 27 0 0 0 0 0 0 0 
0 0 0 0 0 0 0 0 117 176 182 182 185 165 194 184 186 179 186 166 185 199 179 174 185 155 192 174 178 179 163 115 0 0 0 0 0 0 0 0 
0 0 0 0 0 0 0 0 15 146 154 193 187 186 181 170 160 166 176 195 203 191 184 171 180 182 209 170 156 149 152 10 0 0 0 0 0 0 0 0 
0 0 0 0 0 0 0 0 0 49 182 204 201 167 177 191 174 202 175 178 180 190 142 189 169 181 147 204 178 177 54 0 0 0 0 0 0 0 0 0 
0 0 0 0 0 0 0 0 0 0 62 176 184 174 179 186 167 191 158 177 208 168 184 186 166 164 179 162 185 62 0 0 0 0 0 0 0 0 0 0 
0 0 0 0 0 0 0 0 0 0 0 68 185 157 175 153 180 184 174 200 179 160 182 174 183 170 203 146 50 0 0 0 0 0 0 0 0 0 0 0 
0 0 0 0 0 0 0 0 0 0 0 0 19 124 175 184 168 173 188 183 186 177 189 194 191 177 126 22 0 0 0 0 0 0 0 0 0 0 0 0 
0 0 0 0 0 0 0 0 0 0 0 0 0 0 37 104 144 180 160 193 185 183 191 147 96 23 0 0 0 0 0 0 0 0 0 0 0 0 0 0 
0 0 0 0 0 0 0 0 0 0 0 0 0 0 0 0 0 18 39 49 52 43 16 0 0 0 0 0 0 0 0 0 0 0 0 0 0 0 0 0 
0 0 0 0 0 0 0 0 0 0 0 0 0 0 0 0 0 0 0 0 0 0 0 0 0 0 0 0 0 0 0 0 0 0 0 0 0 0 0 0 
0 0 0 0 0 0 0 0 0 0 0 0 0 0 0 0 0 0 0 0 0 0 0 0 0 0 0 0 0 0 0 0 0 0 0 0 0 0 0 0 
0 0 0 0 0 0 0 0 0 0 0 0 0 0 0 0 0 0 0 0 0 0 0 0 0 0 0 0 0 0 0 0 0 0 0 0 0 0 0 0 
0 0 0 0 0 0 0 0 0 0 0 0 0 0 0 0 0 0 0 0 0 0 0 0 0 0 0 0 0 0 0 0 0 0 0 0 0 0 0 0 
0 0 0 0 0 0 0 0 0 0 0 0 0 0 0 0 0 0 0 0 0 0 0 0 0 0 0 0 0 0 0 0 0 0 0 0 0 0 0 0 
0 0 0 0 0 0 0 0 0 0 0 0 0 0 0 0 0 0 0 0 0 0 0 0 0 0 0 0 0 0 0 0 0 0 0 0 0 0 0 0 
