# Format: McCode with text headers
# URL: http://www.mccode.org
# Creator: McStas 2.5 - Dec. 12, 2018
# Instrument: ESS_HEIMDAL.instr
# Ncount: 250000
# Trace: no
# Gravitation: no
# Seed: 1565866213
# Directory: TauScan/5
# Nodes: 4
# Param: lmax=4
# Param: lmin=0.5
# Param: T=200
# Param: tau=50
# Param: use_CoFe2O4=1
# Param: use_CoFe=1
# Param: use_magn=1
# Date: Wed Aug 14 15:23:23 2019 (1565789003)
# type: array_2d(40, 40)
# Source: ESS_HEIMDAL (ESS_HEIMDAL.instr)
# component: psd_source
# position: 0 0 0.01
# title: PSD monitor
# Ncount: 1000000
# filename: PSD_source.dat
# statistics: X0=-0.000210753; dX=5.00219; Y0=0.00361875; dY=5.00656;
# signal: Min=0; Max=6.55776e+06; Mean=2.13803e+06;
# values: 3.42084e+09 3.42084e+06 1e+06
# xvar: X 
# yvar: Y 
# xlabel: X position [cm]
# ylabel: Y position [cm]
# zvar: I
# zlabel: Signal per bin
# xylimits: -15 15 -15 15
# variables: I I_err N
# Data [psd_source/PSD_source.dat] I:
0 0 0 0 0 0 0 0 0 0 0 0 0 0 0 0 0 0 0 0 0 0 0 0 0 0 0 0 0 0 0 0 0 0 0 0 0 0 0 0 
0 0 0 0 0 0 0 0 0 0 0 0 0 0 0 0 0 0 0 0 0 0 0 0 0 0 0 0 0 0 0 0 0 0 0 0 0 0 0 0 
0 0 0 0 0 0 0 0 0 0 0 0 0 0 0 0 0 0 0 0 0 0 0 0 0 0 0 0 0 0 0 0 0 0 0 0 0 0 0 0 
0 0 0 0 0 0 0 0 0 0 0 0 0 0 0 0 0 0 0 0 0 0 0 0 0 0 0 0 0 0 0 0 0 0 0 0 0 0 0 0 
0 0 0 0 0 0 0 0 0 0 0 0 0 0 0 0 0 0 0 0 0 0 0 0 0 0 0 0 0 0 0 0 0 0 0 0 0 0 0 0 
0 0 0 0 0 0 0 0 0 0 0 0 0 0 0 0 0 0 0 0 0 0 0 0 0 0 0 0 0 0 0 0 0 0 0 0 0 0 0 0 
0 0 0 0 0 0 0 0 0 0 0 0 0 0 0 0 0 571280.6595 1402545.307 1919092.503 2004613.542 1450437.076 704693.4886 0 0 0 0 0 0 0 0 0 0 0 0 0 0 0 0 0 
0 0 0 0 0 0 0 0 0 0 0 0 0 0 851789.7014 3266904.389 5206522.071 6181462.234 6058312.072 6102783.116 6253300.063 6198566.564 6396975.37 5247572.152 3523467.567 937310.7838 0 0 0 0 0 0 0 0 0 0 0 0 0 0 
0 0 0 0 0 0 0 0 0 0 0 0 557597.2793 3920285.231 6143833.02 6195145.921 6136991.81 6266984.061 5907795.749 6342242.793 5983054.336 5856483 6191725.548 6024104.084 6284087.768 6054891.087 3998964.61 540493.0728 0 0 0 0 0 0 0 0 0 0 0 0 
0 0 0 0 0 0 0 0 0 0 0 1669370.988 5654652.402 6164358.321 6184883.712 6058312.955 5859904.267 5986475.591 5904375.449 6106205.329 6263564.122 6366189.427 5935162.965 6201988.566 6095942.122 5938583.056 5784644.945 5942003.22 1809625.541 0 0 0 0 0 0 0 0 0 0 0 
0 0 0 0 0 0 0 0 0 0 2192759.834 6048049.471 6253300.496 6379872.065 6095942.476 6133572.083 6034367.797 5952267.75 6085680.739 5972793.022 6164360.306 6253302.186 6178043.486 6030946.989 6236197.288 6113046.708 5907795.751 6068574.88 5736752.677 2182497.336 0 0 0 0 0 0 0 0 0 0 
0 0 0 0 0 0 0 0 0 1720683.635 5959107.512 6181462.818 6205409.216 6321718.3 6099363.864 6338823.203 6318298.422 5962530.857 6065156.261 6366190.612 6167781.684 6171202.407 6249881.727 6092522.731 6280668.851 5976213.439 6345664.169 6239617.567 5918057.949 6113045.425 1792521.319 0 0 0 0 0 0 0 0 0 
0 0 0 0 0 0 0 0 595226.5344 5483610.358 6037787.409 6184884.154 5921479.75 6297772.883 5948847.184 6191727.461 6311457.268 6208832.081 5911218.742 5784647.612 6188307.254 6020685.818 6253303.11 6215673.585 5911218.253 6373031.842 5955688.562 6171201.276 5859904.073 6006999.728 5565710.534 626014.0955 0 0 0 0 0 0 0 0 
0 0 0 0 0 0 0 0 3906601.907 6099362.358 6249880.034 6136992.77 6054893.027 6157518.785 6150677.478 6424345.293 6017265.06 6157519.881 6225936.826 6017265.477 6099365.678 6116469.832 6263566.071 5815435.211 6116469.3 6222515.16 6225935.638 5993317.815 6273826.518 6051471.129 6126729.122 3821080.856 0 0 0 0 0 0 0 0 
0 0 0 0 0 0 0 1005727.618 6068574.442 6071995.952 5907796.074 6136993.166 6061735.071 6263565.278 6198569.6 5904377.328 5911219.283 6013844.766 6232778.979 6078841.001 6065157.637 6143837.004 6297774.865 5931744.295 5928323.187 6140415.264 5870168.229 6232777.262 5853063.209 6212251.16 6119887.769 6181462.25 933889.9339 0 0 0 0 0 0 0 
0 0 0 0 0 0 0 3304533.642 6557755.273 6304613.631 5959109.053 6037788.998 5846222.228 5866747.694 6157519.812 5846223.257 6123311.91 6492763.304 5979636.755 6037791.17 6147258.179 6071999.536 6061736.893 5822277.618 6164361.808 6058315.35 6212252.934 6215673.363 6232777.107 6352506.01 6171200.737 5904374.312 3458471.558 0 0 0 0 0 0 0 
0 0 0 0 0 0 0 5254413.853 6181462.821 6099363.287 6188305.787 6113047.815 5989897.91 6017265.079 6099365.684 6205412.191 5914640.631 6133574.882 6403821.77 6239621.253 6188308.574 6164362.614 5996741.09 6229358.328 6054895.027 6208832.708 6109627.878 6284090.51 6188306.353 5962530.128 6208830.237 6355925.771 5117580.15 0 0 0 0 0 0 0 
0 0 0 0 0 0 540493.0697 6024103.496 6246459.016 6143834.397 6366189.863 6184885.703 6181465.356 6229357.586 6099365.886 6020686.767 6068578.821 6058316.465 6123312.659 5993320.616 6390138.604 5945428.716 6143837.586 6143837.417 6054895.214 6345666.694 6195149.149 6157519.454 6147256.441 6225935.265 6082259.231 6051470.966 6119887.103 578122.3306 0 0 0 0 0 0 
0 0 0 0 0 0 1525695.631 6379871.261 6054891.944 6441447.901 6119889.233 5894114.111 6102786.07 6013844.524 6160941.192 6427767.415 6030949.641 5894116.027 6219096.437 6126733.686 6201992.274 6222517.29 6328563.359 6013845.437 6082262.078 6229358.102 6212253.513 5996739.887 6143835.71 6263564.676 6201988.874 5812012.071 6277245.965 1505170.581 0 0 0 0 0 0 
0 0 0 0 0 0 1919092.497 6198566.67 6150675.61 6010421.701 6113047.612 6297773.745 6181465.532 6239620.318 6297775.057 6082262.134 6000162.117 6058316.66 6243042.422 6219096.563 6249884.178 6099366.93 6106208.489 6003582.957 6048053.701 6017265.792 5952269.382 6089102.744 6092523.088 6229356.305 6051471.814 6284088.479 5989895.274 2042242.816 0 0 0 0 0 0 
0 0 0 0 0 0 1929355.022 6037787.066 6136992.249 6400397.833 6089101.691 6136994.079 6400399.573 6188307.662 5873590.312 6017266.098 5924903.517 6065158.34 5911220.441 6451714.035 6219096.563 6260146.644 6082262.575 6393559.286 6373033.963 6092524.376 6136994.986 6000160.793 6270406.984 5983055.559 6037788.443 6260142.58 6167779.08 1891725.758 0 0 0 0 0 0 
0 0 0 0 0 0 1467541.311 5877007.398 5877008.101 6140413.709 6205410.327 6061735.439 5972793.993 6236199.434 6123311.909 6010424.342 6034370.494 5976216.309 6140417 6147258.751 6290934.241 6154100.398 6260146.449 6229358.67 6143837.294 5942007.173 6308037.149 6075419.299 5983056.025 6020684.809 6263564.061 6136992.175 6126728.929 1515433.1 0 0 0 0 0 0 
0 0 0 0 0 0 492601.2793 5877007.285 6195146.373 5822275.136 6051472.251 6075418.693 6297774.064 6020686.092 6311458.263 6503025.888 6065157.981 6208833.648 6109629.278 5839382.553 6229358.929 6034370.698 6253304.654 6030949.548 6013845.08 5832540.014 6095944.656 6123310.992 6143835.581 5931742.701 5832537.669 5904374.722 6150674.666 523388.8575 0 0 0 0 0 0 
0 0 0 0 0 0 0 5172313.659 6157516.893 6113046.62 6318297.864 6256723.282 5979635.333 6030948.466 6089103.16 6123311.918 6082262.031 6270408.705 6181466.855 6102787.473 6243042.093 6174625.165 6157520.793 6140416.393 6260145.697 6465396.076 6082261.133 6273827.954 6181464.693 6109626.415 6178042.674 6089100.069 5309147.359 0 0 0 0 0 0 0 
0 0 0 0 0 0 0 3475575.774 5918057.695 6109625.566 6249880.738 6044630.709 6010422.75 6184886.235 6369612.165 6147257.601 6205412.199 6441450.658 6034370.221 6102787.209 5945428.376 5822277.918 6037790.988 5976215.576 6030948.87 6044631.942 6150677.774 6167781.519 6260143.821 5948846.521 5924900.053 6154095.824 3318217.047 0 0 0 0 0 0 0 
0 0 0 0 0 0 0 1039936.047 5952265.825 5904374.666 6126730.087 6092522.166 6229356.416 6253302.764 6284090.733 6106207.158 6441450.133 6024107.32 6215674.76 6284091.678 6181466.357 6003582.337 5965952.953 6007002.913 6160940.655 6184886.254 6041210.431 6044630.845 5894113.26 6143834.296 6366188.437 6113045.406 848368.8725 0 0 0 0 0 0 0 
0 0 0 0 0 0 0 0 3944231.202 6065153.914 6171200.677 6386714.371 6246460.311 6229356.483 5996739.446 5996739.756 6403820.498 6164361.553 5914640.046 6143836.709 5822277.289 5976215.22 5979635.996 6068577.74 5928322.895 6089102.229 6133572.852 6198568.472 5931742.144 6171200.683 6092520.672 4016068.905 0 0 0 0 0 0 0 0 
0 0 0 0 0 0 0 0 509705.4974 5466506.07 5853061.935 6314876.217 6030946.704 6000159.576 6116468.604 6020685.258 6342244.826 6311457.419 5996739.911 5709389.056 6390137.023 6061735.918 6010423.133 6174623.447 6065156.164 6160939.56 6229356.063 6078838.48 6219092.598 6198567.014 5695702.542 605489.0837 0 0 0 0 0 0 0 0 
0 0 0 0 0 0 0 0 0 1806204.69 5979632.551 5890691.183 6273826.141 6082259.271 6475656.622 6140414.362 6249881.569 6068577.01 6058314.546 6208831.747 6212252.65 6020685.234 6311456.909 6092522.785 6109626.742 6489339.99 6188305.482 6239617.648 5924899.57 5873586.461 1665950.187 0 0 0 0 0 0 0 0 0 
0 0 0 0 0 0 0 0 0 0 2055926.209 5777802.77 6229354.537 6287509.259 5948846.261 6130151.222 6362768.882 6222514.432 6109626.733 6164360.28 6188306.213 6116468.419 5942005.298 5959109.224 6048050.925 6140413.463 6304613.516 6362767.452 6006999.273 2114080.526 0 0 0 0 0 0 0 0 0 0 
0 0 0 0 0 0 0 0 0 0 0 1795942.217 5617023.243 5846220 6359346.763 6041208.659 6246459.542 6150676.079 6013842.408 6373031.11 6126730.493 6239618.18 6123309.423 6208830.113 6219092.545 6017262.479 5996737.066 5969369.935 1693316.927 0 0 0 0 0 0 0 0 0 0 0 
0 0 0 0 0 0 0 0 0 0 0 0 615751.5869 3742401.516 6198566.488 6239616.964 5853061.874 5904374.726 6277246.788 5955687.47 6246459.119 6126729.677 6075416.855 6160937.746 6297771.127 6006999.296 4248686.122 708114.3522 0 0 0 0 0 0 0 0 0 0 0 0 
0 0 0 0 0 0 0 0 0 0 0 0 0 0 831264.6718 3366108.737 5497293.671 6160937.165 6219091.587 6116466.537 6184883.257 6092520.434 6157516.434 5398089.216 3400317.187 882577.2798 0 0 0 0 0 0 0 0 0 0 0 0 0 0 
0 0 0 0 0 0 0 0 0 0 0 0 0 0 0 0 0 540493.0766 1522274.78 2011455.212 2008034.428 1436753.757 564438.9609 0 0 0 0 0 0 0 0 0 0 0 0 0 0 0 0 0 
0 0 0 0 0 0 0 0 0 0 0 0 0 0 0 0 0 0 0 0 0 0 0 0 0 0 0 0 0 0 0 0 0 0 0 0 0 0 0 0 
0 0 0 0 0 0 0 0 0 0 0 0 0 0 0 0 0 0 0 0 0 0 0 0 0 0 0 0 0 0 0 0 0 0 0 0 0 0 0 0 
0 0 0 0 0 0 0 0 0 0 0 0 0 0 0 0 0 0 0 0 0 0 0 0 0 0 0 0 0 0 0 0 0 0 0 0 0 0 0 0 
0 0 0 0 0 0 0 0 0 0 0 0 0 0 0 0 0 0 0 0 0 0 0 0 0 0 0 0 0 0 0 0 0 0 0 0 0 0 0 0 
0 0 0 0 0 0 0 0 0 0 0 0 0 0 0 0 0 0 0 0 0 0 0 0 0 0 0 0 0 0 0 0 0 0 0 0 0 0 0 0 
0 0 0 0 0 0 0 0 0 0 0 0 0 0 0 0 0 0 0 0 0 0 0 0 0 0 0 0 0 0 0 0 0 0 0 0 0 0 0 0 
# Errors [psd_source/PSD_source.dat] I_err:
0 0 0 0 0 0 0 0 0 0 0 0 0 0 0 0 0 0 0 0 0 0 0 0 0 0 0 0 0 0 0 0 0 0 0 0 0 0 0 0 
0 0 0 0 0 0 0 0 0 0 0 0 0 0 0 0 0 0 0 0 0 0 0 0 0 0 0 0 0 0 0 0 0 0 0 0 0 0 0 0 
0 0 0 0 0 0 0 0 0 0 0 0 0 0 0 0 0 0 0 0 0 0 0 0 0 0 0 0 0 0 0 0 0 0 0 0 0 0 0 0 
0 0 0 0 0 0 0 0 0 0 0 0 0 0 0 0 0 0 0 0 0 0 0 0 0 0 0 0 0 0 0 0 0 0 0 0 0 0 0 0 
0 0 0 0 0 0 0 0 0 0 0 0 0 0 0 0 0 0 0 0 0 0 0 0 0 0 0 0 0 0 0 0 0 0 0 0 0 0 0 0 
0 0 0 0 0 0 0 0 0 0 0 0 0 0 0 0 0 0 0 0 0 0 0 0 0 0 0 0 0 0 0 0 0 0 0 0 0 0 0 0 
0 0 0 0 0 0 0 0 0 0 0 0 0 0 0 0 0 44207.02466 69266.77553 81024.14899 82809.82214 70439.45129 49098.32185 0 0 0 0 0 0 0 0 0 0 0 0 0 0 0 0 0 
0 0 0 0 0 0 0 0 0 0 0 0 0 0 53979.97901 105714.5435 133456.7018 145415.9832 143960.1731 144487.5779 146258.5195 145617.0312 147929.1887 133981.7786 109787.1891 56625.01528 0 0 0 0 0 0 0 0 0 0 0 0 0 0 
0 0 0 0 0 0 0 0 0 0 0 0 43674.38959 115804.4792 144972.7034 145576.8491 144891.9724 146418.467 142160.6182 147294.9979 143063.2353 141541.8953 145536.6622 143553.1706 146618.1259 143919.5202 116960.7933 42999.32011 0 0 0 0 0 0 0 0 0 0 0 0 
0 0 0 0 0 0 0 0 0 0 0 75568.8739 139081.5387 145214.6666 145456.2294 143960.194 141583.2377 143104.1379 142119.467 144528.1001 146378.5213 147572.818 142489.5151 145657.2342 144406.5808 142530.5544 140671.1066 142571.5836 78679.37134 0 0 0 0 0 0 0 0 0 0 0 
0 0 0 0 0 0 0 0 0 0 86608.80626 143838.1884 146258.5296 147731.311 144406.5892 144851.6107 143675.4237 142694.6973 144285.0024 142940.516 145214.7134 146258.5692 145375.79 143634.6945 146058.3909 144609.0383 142160.6182 144082.0594 140087.568 86405.89699 0 0 0 0 0 0 0 0 0 0 
0 0 0 0 0 0 0 0 0 76721.49127 142776.6361 145415.9969 145697.3944 147056.4765 144447.1145 147255.2981 147016.7056 142817.6708 144041.4971 147572.8454 145255.013 145295.286 146218.5676 144366.0914 146578.2584 142981.4336 147334.7286 146098.4321 142284.0314 144609.0079 78306.65741 0 0 0 0 0 0 0 0 0 
0 0 0 0 0 0 0 0 45124.00712 136961.9173 143716.113 145456.2398 142325.1711 146777.7075 142653.6939 145536.7071 146937.0989 145737.5954 142201.8222 140671.1714 145496.513 143512.4672 146258.5908 145817.8652 142201.8104 147652.1112 142735.6949 145295.2594 141583.233 143349.2274 137983.399 46276.29353 0 0 0 0 0 0 0 0 
0 0 0 0 0 0 0 0 115602.2018 144447.0789 146218.528 144891.995 143919.5663 145134.1096 145053.4661 148245.3505 143471.6929 145134.1354 145938.2102 143471.7028 144447.1575 144649.548 146378.5668 141045.0214 144649.5354 145898.0925 145938.1823 143185.9012 146498.3859 143878.8802 144770.7708 114329.852 0 0 0 0 0 0 0 0 
0 0 0 0 0 0 0 58655.22581 144082.049 144122.6685 142160.626 144892.0044 144000.8623 146378.5483 145617.1026 142119.5122 142201.8352 143430.9181 146018.3849 144203.9213 144041.5298 144972.7974 146777.7537 142448.4981 142407.4108 144932.4107 141707.1964 146018.3446 141500.5766 145777.6966 144689.9237 145415.9836 56521.59005 0 0 0 0 0 0 0 
0 0 0 0 0 0 0 106321.6271 149776.6625 146857.3912 142776.673 143716.1508 141417.8689 141665.9079 145134.1338 141417.8938 144730.4347 149032.6647 143022.4089 143716.2025 145013.1595 144122.7536 144000.9056 141127.9821 145214.7487 143960.251 145777.7382 145817.86 146018.341 147414.1365 145295.2467 142119.4396 108769.8753 0 0 0 0 0 0 0 
0 0 0 0 0 0 0 134069.092 145415.997 144447.1009 145496.4785 144609.0645 143145.0542 143471.6933 144447.1576 145697.4642 142242.9877 144851.6768 148008.383 146098.5184 145496.5441 145214.7677 143226.817 145978.313 143919.6138 145737.6102 144568.6189 146618.1898 145496.4919 142817.6534 145737.5522 147453.7975 132311.8849 0 0 0 0 0 0 0 
0 0 0 0 0 0 42999.31986 143553.1566 146178.5024 144972.7359 147572.8281 145456.2762 145416.0566 145978.2956 144447.1624 143512.4898 144082.153 143960.2774 144730.4525 143185.9681 147850.1748 142612.729 144972.8111 144972.8072 143919.6183 147334.7872 145576.9249 145134.1254 145013.1185 145938.1736 144244.4287 143878.8764 144689.9079 44470.94851 0 0 0 0 0 0 
0 0 0 0 0 0 72243.78199 147731.2924 143919.5406 148442.5269 144689.9583 141995.9314 144487.6479 143430.9123 145174.4559 148284.8437 143634.7576 141995.9776 145858.0328 144770.8786 145657.3213 145898.1424 147136.1094 143430.9341 144244.4962 145978.3077 145777.7518 143226.7883 144972.7669 146378.5342 145657.2415 141003.4757 146538.2875 71756.19195 0 0 0 0 0 0 
0 0 0 0 0 0 81024.14872 145617.0337 145053.4221 143390.0655 144609.0597 146777.7276 145416.0608 146098.4965 146777.7582 144244.4975 143267.6674 143960.2821 146138.5694 145858.0357 146218.6249 144447.1872 144528.1749 143308.5018 143838.289 143471.7104 142694.7365 144325.5765 144366.0999 145978.2656 143878.8965 146618.1425 143144.9912 83583.43426 0 0 0 0 0 0 
0 0 0 0 0 0 81240.50189 143716.1048 144891.9827 147968.7741 144325.5516 144892.0259 147968.8143 145496.5226 141748.5102 143471.7176 142366.3461 144041.5465 142201.863 148560.8123 145858.0357 146338.6222 144244.508 147889.7402 147652.1603 144366.1304 144892.0473 143267.6358 146458.4715 143063.2646 143716.1376 146338.5272 145254.9517 80444.36199 0 0 0 0 0 0 
0 0 0 0 0 0 70853.56214 141789.6915 141789.7085 144932.374 145697.4205 144000.8711 142940.5392 146058.4411 144730.4347 143390.1285 143675.4879 142981.5023 144932.4517 145013.173 146698.0297 145093.8469 146338.6177 145978.321 144972.8043 142571.6785 146897.29 144163.3201 143063.2757 143512.4432 146378.5199 144891.981 144770.7662 72000.39941 0 0 0 0 0 0 
0 0 0 0 0 0 41050.10661 141789.6888 145576.8597 141127.9219 143878.9069 144163.3057 146777.735 143512.4738 146937.122 149150.4007 144041.5379 145737.6322 144568.652 141335.1445 145978.3271 143675.4928 146258.6269 143634.7554 143430.9255 141252.3023 144406.6408 144730.413 144972.7638 142448.4598 141252.2455 142119.4495 145053.3998 42313.48123 0 0 0 0 0 0 
0 0 0 0 0 0 0 133017.5541 145134.065 144609.0362 147016.6926 146298.5747 143022.3749 143634.7297 144325.5864 144730.4349 144244.4951 146458.5117 145416.0919 144487.6811 146138.5617 145335.5958 145134.1569 144932.4374 146338.6001 148718.2387 144244.4738 146498.4195 145416.041 144568.5842 145375.7709 144325.5131 134765.5603 0 0 0 0 0 0 0 
0 0 0 0 0 0 0 109038.5098 142284.0253 144568.5642 146218.5445 143797.5539 143390.0905 145456.2887 147612.5054 145013.1459 145697.4644 148442.5904 143675.4815 144487.6749 142612.7208 141127.9893 143716.1982 142981.4848 143634.7393 143797.5832 145053.4731 145255.0091 146338.5562 142653.678 142366.2628 145093.7391 106541.5285 0 0 0 0 0 0 0 
0 0 0 0 0 0 0 59644.42286 142694.6512 142119.4481 144770.7936 144366.078 145978.2682 146258.5827 146618.1951 144528.1434 148442.5783 143553.2477 145817.8928 146618.2171 145416.0802 143308.487 142858.6639 143349.3034 145174.4432 145456.2892 143756.8719 143797.5571 141995.9109 144972.7335 147572.795 144609.0075 53871.47727 0 0 0 0 0 0 0 
0 0 0 0 0 0 0 0 116157.6215 144041.4414 145295.2453 147810.5166 146178.5327 145978.2697 143226.7777 143226.7851 148008.3536 145214.7427 142242.9736 144972.7904 141127.9741 142981.4763 143022.3908 144082.1273 142407.4037 144325.5643 144851.6289 145617.0761 142448.4465 145295.2455 144366.0426 117210.6588 0 0 0 0 0 0 0 0 
0 0 0 0 0 0 0 0 41756.70136 136748.1461 141500.5458 146976.8697 143634.6877 143267.6068 144649.5189 143512.4539 147295.0452 146937.1024 143226.7888 139753.1063 147850.1382 144000.8824 143390.0997 145335.5554 144041.4948 145174.4174 145978.2599 144203.8615 145857.9427 145617.0418 139585.4597 45511.34648 0 0 0 0 0 0 0 0 
0 0 0 0 0 0 0 0 0 78604.96963 143022.3084 141954.6692 146498.3772 144244.4296 148836.1765 144932.3895 146218.5639 144082.11 143960.2319 145737.5876 145777.7316 143512.4533 146937.0905 144366.0927 144568.592 148993.3424 145496.4714 146098.434 142366.2512 141748.4173 75491.40895 0 0 0 0 0 0 0 0 0 
0 0 0 0 0 0 0 0 0 0 83862.9793 140587.8819 145978.2241 146658.0425 142653.6717 144811.211 147533.1708 145898.0754 144568.5918 145214.7127 145496.4886 144649.5145 142571.6335 142776.6771 143838.223 144932.3682 146857.3885 147533.1376 143349.2165 85040.79041 0 0 0 0 0 0 0 0 0 0 
0 0 0 0 0 0 0 0 0 0 0 78381.34431 138618.0051 141417.8151 147493.4764 143756.8297 146178.5147 145053.4331 143430.8618 147652.0942 144770.8032 146098.4464 144730.376 145737.5493 145857.9415 143471.6314 143226.7209 142899.5227 76108.93594 0 0 0 0 0 0 0 0 0 0 0 
0 0 0 0 0 0 0 0 0 0 0 0 45895.41352 113146.655 145617.0295 146098.418 141500.5443 142119.4496 146538.3067 142735.6687 146178.5048 144770.7839 144163.2621 145174.3747 146777.6666 143349.2171 120557.3936 49217.34975 0 0 0 0 0 0 0 0 0 0 0 0 
0 0 0 0 0 0 0 0 0 0 0 0 0 0 53325.65356 107307.6272 137132.6914 145174.361 145857.919 144649.47 145456.2187 144366.037 145134.0542 135889.7058 107851.5121 54946.86139 0 0 0 0 0 0 0 0 0 0 0 0 0 0 
0 0 0 0 0 0 0 0 0 0 0 0 0 0 0 0 0 42999.32041 72162.7453 82951.01485 82880.45067 70106.40483 43941.51351 0 0 0 0 0 0 0 0 0 0 0 0 0 0 0 0 0 
0 0 0 0 0 0 0 0 0 0 0 0 0 0 0 0 0 0 0 0 0 0 0 0 0 0 0 0 0 0 0 0 0 0 0 0 0 0 0 0 
0 0 0 0 0 0 0 0 0 0 0 0 0 0 0 0 0 0 0 0 0 0 0 0 0 0 0 0 0 0 0 0 0 0 0 0 0 0 0 0 
0 0 0 0 0 0 0 0 0 0 0 0 0 0 0 0 0 0 0 0 0 0 0 0 0 0 0 0 0 0 0 0 0 0 0 0 0 0 0 0 
0 0 0 0 0 0 0 0 0 0 0 0 0 0 0 0 0 0 0 0 0 0 0 0 0 0 0 0 0 0 0 0 0 0 0 0 0 0 0 0 
0 0 0 0 0 0 0 0 0 0 0 0 0 0 0 0 0 0 0 0 0 0 0 0 0 0 0 0 0 0 0 0 0 0 0 0 0 0 0 0 
0 0 0 0 0 0 0 0 0 0 0 0 0 0 0 0 0 0 0 0 0 0 0 0 0 0 0 0 0 0 0 0 0 0 0 0 0 0 0 0 
# Events [psd_source/PSD_source.dat] N:
0 0 0 0 0 0 0 0 0 0 0 0 0 0 0 0 0 0 0 0 0 0 0 0 0 0 0 0 0 0 0 0 0 0 0 0 0 0 0 0 
0 0 0 0 0 0 0 0 0 0 0 0 0 0 0 0 0 0 0 0 0 0 0 0 0 0 0 0 0 0 0 0 0 0 0 0 0 0 0 0 
0 0 0 0 0 0 0 0 0 0 0 0 0 0 0 0 0 0 0 0 0 0 0 0 0 0 0 0 0 0 0 0 0 0 0 0 0 0 0 0 
0 0 0 0 0 0 0 0 0 0 0 0 0 0 0 0 0 0 0 0 0 0 0 0 0 0 0 0 0 0 0 0 0 0 0 0 0 0 0 0 
0 0 0 0 0 0 0 0 0 0 0 0 0 0 0 0 0 0 0 0 0 0 0 0 0 0 0 0 0 0 0 0 0 0 0 0 0 0 0 0 
0 0 0 0 0 0 0 0 0 0 0 0 0 0 0 0 0 0 0 0 0 0 0 0 0 0 0 0 0 0 0 0 0 0 0 0 0 0 0 0 
0 0 0 0 0 0 0 0 0 0 0 0 0 0 0 0 0 167 410 561 586 424 206 0 0 0 0 0 0 0 0 0 0 0 0 0 0 0 0 0 
0 0 0 0 0 0 0 0 0 0 0 0 0 0 249 955 1522 1807 1771 1784 1828 1812 1870 1534 1030 274 0 0 0 0 0 0 0 0 0 0 0 0 0 0 
0 0 0 0 0 0 0 0 0 0 0 0 163 1146 1796 1811 1794 1832 1727 1854 1749 1712 1810 1761 1837 1770 1169 158 0 0 0 0 0 0 0 0 0 0 0 0 
0 0 0 0 0 0 0 0 0 0 0 488 1653 1802 1808 1771 1713 1750 1726 1785 1831 1861 1735 1813 1782 1736 1691 1737 529 0 0 0 0 0 0 0 0 0 0 0 
0 0 0 0 0 0 0 0 0 0 641 1768 1828 1865 1782 1793 1764 1740 1779 1746 1802 1828 1806 1763 1823 1787 1727 1774 1677 638 0 0 0 0 0 0 0 0 0 0 
0 0 0 0 0 0 0 0 0 503 1742 1807 1814 1848 1783 1853 1847 1743 1773 1861 1803 1804 1827 1781 1836 1747 1855 1824 1730 1787 524 0 0 0 0 0 0 0 0 0 
0 0 0 0 0 0 0 0 174 1603 1765 1808 1731 1841 1739 1810 1845 1815 1728 1691 1809 1760 1828 1817 1728 1863 1741 1804 1713 1756 1627 183 0 0 0 0 0 0 0 0 
0 0 0 0 0 0 0 0 1142 1783 1827 1794 1770 1800 1798 1878 1759 1800 1820 1759 1783 1788 1831 1700 1788 1819 1820 1752 1834 1769 1791 1117 0 0 0 0 0 0 0 0 
0 0 0 0 0 0 0 294 1774 1775 1727 1794 1772 1831 1812 1726 1728 1758 1822 1777 1773 1796 1841 1734 1733 1795 1716 1822 1711 1816 1789 1807 273 0 0 0 0 0 0 0 
0 0 0 0 0 0 0 966 1917 1843 1742 1765 1709 1715 1800 1709 1790 1898 1748 1765 1797 1775 1772 1702 1802 1771 1816 1817 1822 1857 1804 1726 1011 0 0 0 0 0 0 0 
0 0 0 0 0 0 0 1536 1807 1783 1809 1787 1751 1759 1783 1814 1729 1793 1872 1824 1809 1802 1753 1821 1770 1815 1786 1837 1809 1743 1815 1858 1496 0 0 0 0 0 0 0 
0 0 0 0 0 0 158 1761 1826 1796 1861 1808 1807 1821 1783 1760 1774 1771 1790 1752 1868 1738 1796 1796 1770 1855 1811 1800 1797 1820 1778 1769 1789 169 0 0 0 0 0 0 
0 0 0 0 0 0 446 1865 1770 1883 1789 1723 1784 1758 1801 1879 1763 1723 1818 1791 1813 1819 1850 1758 1778 1821 1816 1753 1796 1831 1813 1699 1835 440 0 0 0 0 0 0 
0 0 0 0 0 0 561 1812 1798 1757 1787 1841 1807 1824 1841 1778 1754 1771 1825 1818 1827 1783 1785 1755 1768 1759 1740 1780 1781 1821 1769 1837 1751 597 0 0 0 0 0 0 
0 0 0 0 0 0 564 1765 1794 1871 1780 1794 1871 1809 1717 1759 1732 1773 1728 1886 1818 1830 1778 1869 1863 1781 1794 1754 1833 1749 1765 1830 1803 553 0 0 0 0 0 0 
0 0 0 0 0 0 429 1718 1718 1795 1814 1772 1746 1823 1790 1757 1764 1747 1795 1797 1839 1799 1830 1821 1796 1737 1844 1776 1749 1760 1831 1794 1791 443 0 0 0 0 0 0 
0 0 0 0 0 0 144 1718 1811 1702 1769 1776 1841 1760 1845 1901 1773 1815 1786 1707 1821 1764 1828 1763 1758 1705 1782 1790 1796 1734 1705 1726 1798 153 0 0 0 0 0 0 
0 0 0 0 0 0 0 1512 1800 1787 1847 1829 1748 1763 1780 1790 1778 1833 1807 1784 1825 1805 1800 1795 1830 1890 1778 1834 1807 1786 1806 1780 1552 0 0 0 0 0 0 0 
0 0 0 0 0 0 0 1016 1730 1786 1827 1767 1757 1808 1862 1797 1814 1883 1764 1784 1738 1702 1765 1747 1763 1767 1798 1803 1830 1739 1732 1799 970 0 0 0 0 0 0 0 
0 0 0 0 0 0 0 304 1740 1726 1791 1781 1821 1828 1837 1785 1883 1761 1817 1837 1807 1755 1744 1756 1801 1808 1766 1767 1723 1796 1861 1787 248 0 0 0 0 0 0 0 
0 0 0 0 0 0 0 0 1153 1773 1804 1867 1826 1821 1753 1753 1872 1802 1729 1796 1702 1747 1748 1774 1733 1780 1793 1812 1734 1804 1781 1174 0 0 0 0 0 0 0 0 
0 0 0 0 0 0 0 0 149 1598 1711 1846 1763 1754 1788 1760 1854 1845 1753 1669 1868 1772 1757 1805 1773 1801 1821 1777 1818 1812 1665 177 0 0 0 0 0 0 0 0 
0 0 0 0 0 0 0 0 0 528 1748 1722 1834 1778 1893 1795 1827 1774 1771 1815 1816 1760 1845 1781 1786 1897 1809 1824 1732 1717 487 0 0 0 0 0 0 0 0 0 
0 0 0 0 0 0 0 0 0 0 601 1689 1821 1838 1739 1792 1860 1819 1786 1802 1809 1788 1737 1742 1768 1795 1843 1860 1756 618 0 0 0 0 0 0 0 0 0 0 
0 0 0 0 0 0 0 0 0 0 0 525 1642 1709 1859 1766 1826 1798 1758 1863 1791 1824 1790 1815 1818 1759 1753 1745 495 0 0 0 0 0 0 0 0 0 0 0 
0 0 0 0 0 0 0 0 0 0 0 0 180 1094 1812 1824 1711 1726 1835 1741 1826 1791 1776 1801 1841 1756 1242 207 0 0 0 0 0 0 0 0 0 0 0 0 
0 0 0 0 0 0 0 0 0 0 0 0 0 0 243 984 1607 1801 1818 1788 1808 1781 1800 1578 994 258 0 0 0 0 0 0 0 0 0 0 0 0 0 0 
0 0 0 0 0 0 0 0 0 0 0 0 0 0 0 0 0 158 445 588 587 420 165 0 0 0 0 0 0 0 0 0 0 0 0 0 0 0 0 0 
0 0 0 0 0 0 0 0 0 0 0 0 0 0 0 0 0 0 0 0 0 0 0 0 0 0 0 0 0 0 0 0 0 0 0 0 0 0 0 0 
0 0 0 0 0 0 0 0 0 0 0 0 0 0 0 0 0 0 0 0 0 0 0 0 0 0 0 0 0 0 0 0 0 0 0 0 0 0 0 0 
0 0 0 0 0 0 0 0 0 0 0 0 0 0 0 0 0 0 0 0 0 0 0 0 0 0 0 0 0 0 0 0 0 0 0 0 0 0 0 0 
0 0 0 0 0 0 0 0 0 0 0 0 0 0 0 0 0 0 0 0 0 0 0 0 0 0 0 0 0 0 0 0 0 0 0 0 0 0 0 0 
0 0 0 0 0 0 0 0 0 0 0 0 0 0 0 0 0 0 0 0 0 0 0 0 0 0 0 0 0 0 0 0 0 0 0 0 0 0 0 0 
0 0 0 0 0 0 0 0 0 0 0 0 0 0 0 0 0 0 0 0 0 0 0 0 0 0 0 0 0 0 0 0 0 0 0 0 0 0 0 0 
