# Format: McCode with text headers
# URL: http://www.mccode.org
# Creator: McStas 2.4.1 - Jun. 26, 2017
# Instrument: MAGiC_elearning.instr
# Ncount: 2500000
# Trace: no
# Gravitation: no
# Seed: 1563292064
# Directory: MAGiC_HR/9
# Nodes: 40
# Param: spectrum=0
# Param: high_res=1
# Param: coll_set=0.3
# Param: sample_rot=90
# Date: Tue Jul 16 10:26:45 2019 (1563265605)
# type: array_1d(101)
# Source: MAGiC_half_polarized (MAGiC_elearning.instr)
# component: L_out
# position: -0.034 -0.674259 159.42
# title: Wavelength monitor
# Ncount: 100000000
# filename: L_out.txt
# statistics: X0=1.43414; dX=0.35283;
# signal: Min=0; Max=2.44361e+07; Mean=4.30397e+06;
# values: 4.34701e+08 1.12741e+06 292253
# xvar: L
# yvar: (I,I_err)
# xlabel: Wavelength [AA]
# ylabel: Intensity
# xlimits: 0.2 6
# variables: L I I_err N
0.2287128713 0 0 0 
0.2861386139 0 0 0 
0.3435643564 7.194710565e-125 7.691468297e-125 7 
0.400990099 8.89892898e-17 6.090892609e-17 1216 
0.4584158416 870.5018867 236.9078129 5652 
0.5158415842 57183.39281 4121.887973 9770 
0.5732673267 308588.0058 11783.76812 9890 
0.6306930693 1003500.476 25072.44588 10083 
0.6881188119 2454461.616 48926.38708 10189 
0.7455445545 4276797.629 78571.67015 10119 
0.802970297 6775250.028 116601.8614 10078 
0.8603960396 9722577.636 158170.9931 10250 
0.9178217822 13108785 201586.3594 10198 
0.9752475248 15908425.8 235885.0299 10051 
1.032673267 18366901.9 264407.0061 9953 
1.09009901 20576759.89 285383.4159 10072 
1.147524752 22061121.43 297895.4247 10020 
1.204950495 23328789.8 305252.2216 10078 
1.262376238 24412712.6 308608.6015 10229 
1.31980198 24436106.32 302402.177 10112 
1.377227723 23595095.99 289193.7281 9969 
1.434653465 23509801.79 279619.9912 10105 
1.492079208 22937327.1 267790.2046 10006 
1.54950495 22085910.09 253205.7786 10058 
1.606930693 20911822.72 236361.6111 9958 
1.664356436 20220384.96 223333.3603 10019 
1.721782178 19079216.42 208029.9249 9961 
1.779207921 17730533.06 191649.2928 9957 
1.836633663 16948671.69 179216.5699 10092 
1.894059406 15729031.18 165006.4007 10024 
1.951485149 14650213.31 152168.3328 9989 
2.008910891 13753049.52 140958.3592 10081 
2.066336634 10879981.42 120826.5212 8348 
2.123762376 5052876.022 76488.92875 4588 
2.181188119 818265.121 26020.36531 1131 
2.238613861 0 0 0 
2.296039604 0 0 0 
2.353465347 0 0 0 
2.410891089 0 0 0 
2.468316832 0 0 0 
2.525742574 0 0 0 
2.583168317 0 0 0 
2.640594059 0 0 0 
2.698019802 0 0 0 
2.755445545 0 0 0 
2.812871287 0 0 0 
2.87029703 0 0 0 
2.927722772 0 0 0 
2.985148515 0 0 0 
3.042574257 0 0 0 
3.1 0 0 0 
3.157425743 0 0 0 
3.214851485 0 0 0 
3.272277228 0 0 0 
3.32970297 0 0 0 
3.387128713 0 0 0 
3.444554455 0 0 0 
3.501980198 0 0 0 
3.559405941 0 0 0 
3.616831683 0 0 0 
3.674257426 0 0 0 
3.731683168 0 0 0 
3.789108911 0 0 0 
3.846534653 0 0 0 
3.903960396 0 0 0 
3.961386139 0 0 0 
4.018811881 0 0 0 
4.076237624 0 0 0 
4.133663366 0 0 0 
4.191089109 0 0 0 
4.248514851 0 0 0 
4.305940594 0 0 0 
4.363366337 0 0 0 
4.420792079 0 0 0 
4.478217822 0 0 0 
4.535643564 0 0 0 
4.593069307 0 0 0 
4.65049505 0 0 0 
4.707920792 0 0 0 
4.765346535 0 0 0 
4.822772277 0 0 0 
4.88019802 0 0 0 
4.937623762 0 0 0 
4.995049505 0 0 0 
5.052475248 0 0 0 
5.10990099 0 0 0 
5.167326733 0 0 0 
5.224752475 0 0 0 
5.282178218 0 0 0 
5.33960396 0 0 0 
5.397029703 0 0 0 
5.454455446 0 0 0 
5.511881188 0 0 0 
5.569306931 0 0 0 
5.626732673 0 0 0 
5.684158416 0 0 0 
5.741584158 0 0 0 
5.799009901 0 0 0 
5.856435644 0 0 0 
5.913861386 0 0 0 
5.971287129 0 0 0 
