# Format: McCode with text headers
# URL: http://www.mccode.org
# Creator: McStas 2.5 - Dec. 12, 2018
# Instrument: ESS_HEIMDAL.instr
# Ncount: 25000
# Trace: no
# Gravitation: no
# Seed: 1565850621
# Directory: TemperatureScan/23
# Nodes: 4
# Param: lmax=4
# Param: lmin=0.5
# Param: T=470
# Param: tau=0
# Param: use_CoFe2O4=1
# Param: use_CoFe=1
# Param: use_magn=1
# Date: Wed Aug 14 12:14:08 2019 (1565777648)
# type: array_2d(40, 40)
# Source: ESS_HEIMDAL (ESS_HEIMDAL.instr)
# component: psd_source
# position: 0 0 0.01
# title: PSD monitor
# Ncount: 100000
# filename: PSD_source.dat
# statistics: X0=-0.00102; dX=5.00893; Y0=-0.0056325; dY=4.98847;
# signal: Min=0; Max=7.86794e+06; Mean=2.13803e+06;
# values: 3.42084e+09 1.08177e+07 100000
# xvar: X 
# yvar: Y 
# xlabel: X position [cm]
# ylabel: Y position [cm]
# zvar: I
# zlabel: Signal per bin
# xylimits: -15 15 -15 15
# variables: I I_err N
# Data [psd_source/PSD_source.dat] I:
0 0 0 0 0 0 0 0 0 0 0 0 0 0 0 0 0 0 0 0 0 0 0 0 0 0 0 0 0 0 0 0 0 0 0 0 0 0 0 0 
0 0 0 0 0 0 0 0 0 0 0 0 0 0 0 0 0 0 0 0 0 0 0 0 0 0 0 0 0 0 0 0 0 0 0 0 0 0 0 0 
0 0 0 0 0 0 0 0 0 0 0 0 0 0 0 0 0 0 0 0 0 0 0 0 0 0 0 0 0 0 0 0 0 0 0 0 0 0 0 0 
0 0 0 0 0 0 0 0 0 0 0 0 0 0 0 0 0 0 0 0 0 0 0 0 0 0 0 0 0 0 0 0 0 0 0 0 0 0 0 0 
0 0 0 0 0 0 0 0 0 0 0 0 0 0 0 0 0 0 0 0 0 0 0 0 0 0 0 0 0 0 0 0 0 0 0 0 0 0 0 0 
0 0 0 0 0 0 0 0 0 0 0 0 0 0 0 0 0 0 0 0 0 0 0 0 0 0 0 0 0 0 0 0 0 0 0 0 0 0 0 0 
0 0 0 0 0 0 0 0 0 0 0 0 0 0 0 0 0 615751.5927 1402545.179 1847254.853 2120922.213 1368336.804 376292.5909 0 0 0 0 0 0 0 0 0 0 0 0 0 0 0 0 0 
0 0 0 0 0 0 0 0 0 0 0 0 0 0 1026252.702 3181383.304 4754970.967 5610181.495 6533809.218 6431183.829 6773268.142 6431183.637 5781223.688 5199680.654 3318216.99 684168.4745 0 0 0 0 0 0 0 0 0 0 0 0 0 0 
0 0 0 0 0 0 0 0 0 0 0 0 957835.8073 3489259.304 6807476.295 5712807.01 6910102.311 5815432.889 5952266.769 4994430.727 6123308.68 5199681.001 5507556.916 6260142.079 6089099.73 6089099.576 3386633.906 513126.39 0 0 0 0 0 0 0 0 0 0 0 0 
0 0 0 0 0 0 0 0 0 0 0 1813046.481 5781223.651 6157516.639 6157517.187 6362768.062 6020683.662 5199681.65 6225934.883 6328559.956 4994431.288 6431185.365 6499602.056 7183770.687 6089100.397 5404931.68 5541765.101 5575972.9 1778837.979 0 0 0 0 0 0 0 0 0 0 0 
0 0 0 0 0 0 0 0 0 0 2257755.908 5644390.042 5849641.07 6670643.636 5986475.593 5883850.778 5918059.221 5678600.194 5747017.152 6465394.372 6328560.812 5541766.515 6191726.707 5986476.104 6260142.933 6123309.221 7012728.126 5541765.132 5302305.684 1949880.07 0 0 0 0 0 0 0 0 0 0 
0 0 0 0 0 0 0 0 0 1607795.808 6431183.79 5952266.452 6294351.245 6260143.215 4926014.438 6773270.51 6294352.339 6294352.844 6396978.126 5062849.069 5883851.672 6225935.991 6978521.283 6875895.884 6431186.079 6225935.041 5952267.216 5712807.91 5541765.141 5473347.971 1744629.55 0 0 0 0 0 0 0 0 0 
0 0 0 0 0 0 0 0 581543.1402 6123307.987 6054891.427 5849641.6 5918058.886 6191726.791 5097057.043 6773270.967 5815434.713 5404933.738 5918060.49 5439142.396 5747018.275 6294353.238 6533812.218 6225936.239 6396978.103 6465394.946 6602227.962 6123309.388 6020683.663 5781224.138 5815432.023 581543.1766 0 0 0 0 0 0 0 0 
0 0 0 0 0 0 0 0 3865551.698 7012727.291 6089100.386 6396976.9 6020684.515 7252188.66 6260144.315 5849643.469 6191728.129 6191728.245 5507559.494 6089103.266 5849644.098 6089103.048 6704854.895 5883852.175 6773271.435 6704854.058 6602228.479 6191726.852 6328559.991 5781224.567 5986474.661 3831343.261 0 0 0 0 0 0 0 0 
0 0 0 0 0 0 0 684168.4612 5541764.628 6568018.198 6260143.082 6636436.196 6225935.536 6089102.14 6431187.087 5712810.044 6841688.947 6944314.448 6670647.133 6191728.818 6191728.91 6294354.168 5370725.961 5644393.374 6602229.572 5575976.076 6328561.336 5747017.595 6191726.672 5678599.643 6225933.895 6294349.952 855210.5613 0 0 0 0 0 0 0 
0 0 0 0 0 0 0 3284008.582 5883849.262 6875894.375 6704852.902 6670645.163 5302307.953 6260144.788 6225936.668 6020686.216 7081148.401 6054895.133 6773272.889 6157520.702 6328562.965 6123312.283 6089103.659 6157520.316 6465396.109 6568021.125 6431186.98 6191727.451 6191726.952 6841686.63 6054892.053 6533809.306 3386633.866 0 0 0 0 0 0 0 
0 0 0 0 0 0 0 5883848.947 6089100.032 6260142.967 6704853.237 5986476.662 5986477.139 5918060.6 6260145.435 5644393.677 6533813.582 5952270.19 6157520.954 5644394.239 5986478.702 5610185.698 6294354.662 6739064.201 6260145.628 6191728.427 6020685.955 6157519.288 6362769.394 5883850.693 5952267.037 5131264.072 5302305.637 0 0 0 0 0 0 0 
0 0 0 0 0 0 547334.7497 5165471.999 6123308.662 7183770.886 6123309.949 6602228.649 6602229.156 6294353.566 5849644.315 6020686.788 5233892.655 6670647.722 6773273.187 6191729.639 6123312.722 5712811.222 5781228.026 6499605.328 6910106.431 6533813.171 6568021.134 6225936.324 6465394.947 7867940.118 6328559.992 6260142.367 6773268.038 513126.3219 0 0 0 0 0 0 
0 0 0 0 0 0 1539379.004 6089099.621 5302306.487 7252187.719 6739061.928 6533811.883 6328561.775 5644393.345 6020686.593 5439143.256 5849644.846 6054895.744 6807481.78 6191729.714 6225938.175 5644394.46 5952270.406 6499605.406 6294354.452 5883852.801 6054894.682 6396978.665 5747017.812 5712808.852 6636435.995 6362767.771 5575973.242 1573587.421 0 0 0 0 0 0 
0 0 0 0 0 0 2086713.779 6431183.983 6054891.992 6499602.325 6020684.803 6499603.559 6157519.632 6157520.074 6704855.567 5404934.856 6431188.607 6020687.35 7012732.537 6054896 6328563.604 6533814.238 5918062.048 6191729.42 6875898.172 5644393.729 5952269.392 6260144.985 6260144.408 6704853.551 5918058.914 5747016.098 6294350.194 1915671.64 0 0 0 0 0 0 
0 0 0 0 0 0 2257755.866 6225933.396 5439140.257 5883850.475 5918059.566 6054893.841 6020685.831 6054894.74 6396979.571 6465396.76 6533813.929 5233892.989 5644394.488 6362772.101 5883853.731 5507560.7 5541769.066 5849644.92 6568022.12 5918061.298 5815435.591 6020685.874 6020685.372 5712808.904 5507557.767 6944311.162 5712807.036 2291964.279 0 0 0 0 0 0 
0 0 0 0 0 0 1299920.05 5541764.832 6191725.582 7115354.053 5404932.904 5815434.66 6362770.184 7149564.903 7320607.567 6499605.152 6089104.004 5507560.507 6499605.74 5747019.841 6978524.164 6465397.338 5849645.03 6875898.374 5439143.27 5918061.222 5678601.807 5849643.539 5815434.636 6054893.151 6328560.102 5815432.907 6020682.786 1744629.524 0 0 0 0 0 0 
0 0 0 0 0 0 239458.9547 5131263.618 6020683.422 6020684.088 6396977.394 6533811.803 6294353.241 5986477.664 6328562.444 6123312.076 5131267.354 5952270.268 6054895.733 5747019.82 6739064.919 6533814.05 6465397.062 6123312.35 5439143.176 6191728.684 4926015.864 5712809.736 5610183.956 5986476.135 6089100.93 6636435.182 6260141.661 615751.58 0 0 0 0 0 0 
0 0 0 0 0 0 0 5233888.858 5233889.474 6260142.87 6533810.973 5439141.569 6465395.232 5815435.236 6431187.613 5644393.71 6602230.504 6020686.949 5370726.56 6841689.986 5747019.516 6294354.777 5062850.519 6054895.304 6465396.438 6294353.861 6020686.04 6294353.095 6123310.3 5233890.438 6431185.079 6396975.811 5644389.784 0 0 0 0 0 0 0 
0 0 0 0 0 0 0 3044549.637 6225933.528 6773269.011 5507557.806 6020684.83 6020685.201 5781226.549 5849643.869 5918060.984 6260145.734 6602230.416 6157520.562 6465396.803 6636438.935 5952270.014 6191728.987 5404934.574 6841688.891 6294353.514 6636437.626 6465394.909 5986476.31 6841686.623 5986475.146 6294350.436 4036593.873 0 0 0 0 0 0 0 
0 0 0 0 0 0 0 889418.9961 5541764.593 5849641.126 5815433.32 6602227.879 5233890.876 5952268.542 6807479.981 5575976.223 5541767.973 6191728.69 7252190.758 5781227.523 6465396.469 6054895.003 5849644.281 5712810.305 6225936.679 6704854.705 6602228.804 5404932.962 5883850.897 6054892.219 6191725.601 6328558.44 1094669.502 0 0 0 0 0 0 0 
0 0 0 0 0 0 0 0 3284008.65 6773268.368 5781224.552 5918058.843 6054892.999 6020684.908 5849643.17 6465395.431 6089102.808 5918060.769 5952269.368 6499604.455 6020686.471 5678601.833 6431187.369 5712809.936 6636437.565 5849643.129 6362769.39 6020684.468 5918058.899 5712807.81 6739059.915 3215591.795 0 0 0 0 0 0 0 0 
0 0 0 0 0 0 0 0 410501.0438 5610181.489 6739060.1 6533810.066 6807478.228 6396977.498 6670645.283 5712809.468 5062849.232 5644392.948 6191728.028 5233891.733 6499604.069 6294353.398 5952268.794 6123310.863 6123310.68 6020684.812 5918059.439 6054892.488 6875894.449 6499601.103 5610181.473 410501.067 0 0 0 0 0 0 0 0 
0 0 0 0 0 0 0 0 0 2360381.187 5336514.194 6191725.315 5815433.196 5610182.865 5747017.069 6670645.197 6294352.641 5541766.937 5610184.13 6807479.548 6260144.515 6499603.351 6294352.817 6773270.587 5575975.251 6020684.442 5644391.614 5336515.17 6465392.78 6054891.05 1607795.791 0 0 0 0 0 0 0 0 0 
0 0 0 0 0 0 0 0 0 0 2599840.12 5986474.172 6807476.991 5952266.716 6260142.764 5541766.128 6636436.372 7012729.242 5849642.794 6225935.571 6533811.209 5781225.684 6089101.606 6533810.897 6294351.661 5815433.293 6431184.824 5712807.462 5986474.257 2736673.739 0 0 0 0 0 0 0 0 0 0 
0 0 0 0 0 0 0 0 0 0 0 1334128.456 5507556.155 7354811.416 6225934.123 6157517.413 6602227.294 5131264.831 5404932.355 6465394.013 5507557.931 6807478.019 6054892.506 6225934.393 5952266.796 5986474.728 6499600.827 5541764.689 1607795.834 0 0 0 0 0 0 0 0 0 0 0 
0 0 0 0 0 0 0 0 0 0 0 0 513126.3121 3694509.578 5199680.439 6054891.28 6807477.397 5712807.281 6670643.768 5199681.287 6260142.461 6499601.376 6499601.552 6089100.228 5747015.819 5678598.492 3591884.329 649960.0799 0 0 0 0 0 0 0 0 0 0 0 0 
0 0 0 0 0 0 0 0 0 0 0 0 0 0 1299919.969 2702465.48 5097055.062 6773267.97 5986474.517 6465392.238 5473347.984 6225933.276 6054891.233 5644389.815 2839298.95 718376.888 0 0 0 0 0 0 0 0 0 0 0 0 0 0 
0 0 0 0 0 0 0 0 0 0 0 0 0 0 0 0 0 342084.1313 1436753.646 1847254.879 1607795.893 1368336.793 444709.4183 0 0 0 0 0 0 0 0 0 0 0 0 0 0 0 0 0 
0 0 0 0 0 0 0 0 0 0 0 0 0 0 0 0 0 0 0 0 0 0 0 0 0 0 0 0 0 0 0 0 0 0 0 0 0 0 0 0 
0 0 0 0 0 0 0 0 0 0 0 0 0 0 0 0 0 0 0 0 0 0 0 0 0 0 0 0 0 0 0 0 0 0 0 0 0 0 0 0 
0 0 0 0 0 0 0 0 0 0 0 0 0 0 0 0 0 0 0 0 0 0 0 0 0 0 0 0 0 0 0 0 0 0 0 0 0 0 0 0 
0 0 0 0 0 0 0 0 0 0 0 0 0 0 0 0 0 0 0 0 0 0 0 0 0 0 0 0 0 0 0 0 0 0 0 0 0 0 0 0 
0 0 0 0 0 0 0 0 0 0 0 0 0 0 0 0 0 0 0 0 0 0 0 0 0 0 0 0 0 0 0 0 0 0 0 0 0 0 0 0 
0 0 0 0 0 0 0 0 0 0 0 0 0 0 0 0 0 0 0 0 0 0 0 0 0 0 0 0 0 0 0 0 0 0 0 0 0 0 0 0 
# Errors [psd_source/PSD_source.dat] I_err:
0 0 0 0 0 0 0 0 0 0 0 0 0 0 0 0 0 0 0 0 0 0 0 0 0 0 0 0 0 0 0 0 0 0 0 0 0 0 0 0 
0 0 0 0 0 0 0 0 0 0 0 0 0 0 0 0 0 0 0 0 0 0 0 0 0 0 0 0 0 0 0 0 0 0 0 0 0 0 0 0 
0 0 0 0 0 0 0 0 0 0 0 0 0 0 0 0 0 0 0 0 0 0 0 0 0 0 0 0 0 0 0 0 0 0 0 0 0 0 0 0 
0 0 0 0 0 0 0 0 0 0 0 0 0 0 0 0 0 0 0 0 0 0 0 0 0 0 0 0 0 0 0 0 0 0 0 0 0 0 0 0 
0 0 0 0 0 0 0 0 0 0 0 0 0 0 0 0 0 0 0 0 0 0 0 0 0 0 0 0 0 0 0 0 0 0 0 0 0 0 0 0 
0 0 0 0 0 0 0 0 0 0 0 0 0 0 0 0 0 0 0 0 0 0 0 0 0 0 0 0 0 0 0 0 0 0 0 0 0 0 0 0 
0 0 0 0 0 0 0 0 0 0 0 0 0 0 0 0 0 145134.0422 219040.7569 251379.5453 269357.3904 216353.0453 113456.485 0 0 0 0 0 0 0 0 0 0 0 0 0 0 0 0 0 
0 0 0 0 0 0 0 0 0 0 0 0 0 0 187367.2515 329894.0809 403311.3735 438081.5745 472769.8426 469042.2872 481355.2066 469042.2732 444709.5144 421749.7926 336913.8895 152984.7217 0 0 0 0 0 0 0 0 0 0 0 0 0 0 
0 0 0 0 0 0 0 0 0 0 0 0 181013.9531 345488.1527 482569.1999 442070.2787 486193.102 446023.3421 451240.1792 413342.028 457677.5792 421749.8207 434056.2918 462763.0184 456397.3205 456397.309 340369.5142 132488.6642 0 0 0 0 0 0 0 0 0 0 0 0 
0 0 0 0 0 0 0 0 0 0 0 249041.0871 444709.5116 458954.1926 458954.2334 466540.7899 453826.1066 421749.8734 461496.9977 465284.9817 413342.0744 469042.3993 471530.6927 495727.2737 456397.3705 429993.2769 435402.187 436743.9042 246680.4441 0 0 0 0 0 0 0 0 0 0 0 
0 0 0 0 0 0 0 0 0 0 277910.5409 439415.1688 447333.233 477694.7127 452535.0185 448639.4158 449941.7107 440744.8526 443391.9994 470288.2398 465285.0446 435402.2981 460227.4216 452535.0571 462763.0815 457677.6196 489790.1779 435402.1894 425891.4413 258267.9245 0 0 0 0 0 0 0 0 0 0 
0 0 0 0 0 0 0 0 0 234521.1219 469042.2844 451240.1552 464025.7301 462763.1024 410501.2032 481355.3749 464025.8108 464025.8481 467793.3701 416163.6299 448639.484 461497.0799 488594.2184 484988.3017 469042.4514 461497.0095 451240.2132 442070.3484 435402.1901 432706.1504 244297.0014 0 0 0 0 0 0 0 0 0 
0 0 0 0 0 0 0 0 141044.929 457677.5273 455113.5091 447333.2735 449941.6852 460227.4279 417567.1831 481355.4074 446023.482 429993.4405 449941.8072 431352.0502 443392.0861 464025.8771 472770.0597 461497.0983 467793.3684 470288.2815 475238.7677 457677.632 453826.1067 444709.5491 446023.2757 141044.9378 0 0 0 0 0 0 0 0 
0 0 0 0 0 0 0 0 363640.515 489790.1196 456397.3696 467793.2805 453826.1708 498082.3621 462763.1837 447333.4164 460227.5273 460227.536 434056.495 456397.5856 447333.4645 456397.5692 478918.2068 448639.5224 481355.4407 478918.147 475238.8049 460227.4324 465284.9842 444709.5821 452534.948 362027.9092 0 0 0 0 0 0 0 0 
0 0 0 0 0 0 0 152984.7187 435402.1498 474005.8844 462763.0925 476468.3511 461497.0462 456397.5012 469042.5249 442070.5135 483780.4649 487395.3249 477694.9631 460227.5786 460227.5854 464025.9457 428630.595 439415.4282 475238.8836 436744.153 465285.0831 443392.0336 460227.419 440744.8098 461496.9245 464025.6348 171042.1123 0 0 0 0 0 0 0 
0 0 0 0 0 0 0 335172.7224 448639.3002 484988.1953 478918.0644 477694.8221 425891.6236 462763.2186 461497.13 453826.2991 492173.8365 455113.7876 481355.544 458954.4954 465285.2029 457677.8484 456397.615 458954.4666 470288.3662 474006.0956 469042.5171 460227.4769 460227.4399 483780.3011 455113.5562 472769.849 340369.5102 0 0 0 0 0 0 0 
0 0 0 0 0 0 0 448639.2762 456397.3431 462763.084 478918.0884 452535.0994 452535.1354 449941.8155 462763.2665 439415.4518 472770.1583 451240.4386 458954.5142 439415.4956 452535.2536 438081.9027 464025.9821 480138.444 462763.2808 460227.5495 453826.2794 458954.39 466540.8876 448639.4094 451240.1995 418965.9571 425891.4376 0 0 0 0 0 0 0 
0 0 0 0 0 0 136833.6874 420360.1497 457677.5777 495727.2874 457677.6739 475238.8172 475238.8537 464025.9012 447333.4812 453826.3422 423135.1421 477695.0053 481355.5652 460227.6396 457677.8812 442070.6046 444709.8481 471530.9301 486193.3919 472770.1286 474006.0962 461497.1046 470288.2816 518796.6079 465284.9843 462763.0397 481355.1992 132488.6466 0 0 0 0 0 0 
0 0 0 0 0 0 229477.073 456397.3124 425891.5058 498082.2975 480138.282 472770.0354 465285.1154 439415.4259 453826.3275 431352.1184 447333.5217 455113.8336 482569.5887 460227.6451 461497.2418 439415.5128 451240.455 471530.9357 464025.9665 448639.5701 455113.7538 467793.4095 443392.0504 442070.4213 476468.3367 466540.7686 436743.9311 232012.8075 0 0 0 0 0 0 
0 0 0 0 0 0 267176.3216 469042.2985 455113.5516 471530.7122 453826.1926 471530.8017 458954.4156 458954.4486 478918.2548 429993.5295 469042.6357 453826.3845 489790.486 455113.8529 465285.2499 472770.2058 449941.9256 460227.6233 484988.4631 439415.4558 451240.3781 462763.2332 462763.1906 478918.1108 449941.6874 443391.9181 464025.6527 255992.3908 0 0 0 0 0 0 
0 0 0 0 0 0 277910.5358 461496.8875 431351.8806 448639.3927 449941.7369 455113.6906 453826.2701 455113.7581 467793.4758 470288.4135 472770.1835 423135.1691 439415.5149 466541.0861 448639.641 434056.5901 435402.4985 447333.5274 474006.1674 449941.8686 446023.5493 453826.2733 453826.2355 442070.4253 434056.3589 487395.0943 442070.2808 280008.0025 0 0 0 0 0 0 
0 0 0 0 0 0 210874.8778 435402.1658 460227.338 493361.0362 429993.3742 446023.4779 466540.9455 494545.7454 500426.431 471530.9173 456397.6408 434056.5749 471530.9599 443392.2069 488594.4202 470288.4556 447333.5358 484988.4773 431352.1195 449941.8629 440744.9778 447333.4218 446023.4761 455113.6387 465284.9924 446023.3435 453826.0405 244296.9976 0 0 0 0 0 0 
0 0 0 0 0 0 90506.9776 418965.92 453826.0885 453826.1387 467793.3166 472770.0296 464025.8773 452535.1751 465285.1646 457677.833 418966.2251 451240.4445 455113.8327 443392.2053 480138.4952 472770.1922 470288.4355 457677.8535 431352.1121 460227.5686 410501.322 442070.4897 438081.7667 452535.0595 456397.4104 476468.2783 462762.9875 145134.0392 0 0 0 0 0 0 
0 0 0 0 0 0 0 423134.8352 423134.885 462763.0768 472769.9696 431351.9846 470288.3024 446023.5221 469042.5633 439415.4543 475238.9507 453826.3544 428630.6428 483780.5384 443392.1818 464025.9905 416163.7491 455113.8005 470288.3901 464025.923 453826.2858 464025.8665 457677.7002 423134.9629 469042.3784 467793.2008 439415.1488 0 0 0 0 0 0 0 
0 0 0 0 0 0 0 322721.6161 461496.8973 481355.2684 434056.362 453826.1946 453826.2225 444709.7345 447333.447 449941.8448 462763.2886 475238.9443 458954.485 470288.4167 476468.5478 451240.4252 460227.5911 429993.507 483780.4609 464025.8974 476468.4538 470288.2789 452535.0727 483780.3006 452534.9847 464025.6705 371598.5862 0 0 0 0 0 0 0 
0 0 0 0 0 0 0 174429.416 435402.147 447333.2373 446023.3752 475238.7617 423134.9983 451240.3137 482569.4612 436744.1646 435402.4126 460227.569 498082.5062 444709.8095 470288.3923 455113.7779 447333.4786 442070.5337 461497.1309 478918.1932 475238.8283 429993.3788 448639.425 455113.5687 460227.3395 465284.8702 193512.057 0 0 0 0 0 0 0 
0 0 0 0 0 0 0 0 335172.7293 481355.2227 444709.5809 449941.682 455113.6273 453826.2005 447333.3936 470288.3168 456397.5512 449941.8284 451240.3762 471530.8667 453826.3183 440744.9798 469042.5454 442070.5052 476468.4494 447333.3904 466540.8873 453826.1673 449941.6862 442070.3406 480138.1386 331662.9696 0 0 0 0 0 0 0 0 
0 0 0 0 0 0 0 0 118501.4441 438081.574 480138.1518 472769.904 482569.3369 467793.3242 477694.8307 442070.4689 416163.6433 439415.395 460227.5198 423135.0676 471530.8388 464025.8889 451240.3328 457677.7423 457677.7286 453826.1932 449941.7273 455113.5889 484988.2005 471530.6235 438081.5728 118501.4508 0 0 0 0 0 0 0 0 
0 0 0 0 0 0 0 0 0 284156.5028 427263.0828 460227.3182 446023.3656 438081.6814 443391.993 477694.8245 464025.833 435402.3312 438081.7802 482569.4305 462763.1985 471530.7866 464025.846 481355.3804 436744.0884 453826.1653 439415.2912 427263.1609 470288.124 455113.4807 234521.1194 0 0 0 0 0 0 0 0 0 
0 0 0 0 0 0 0 0 0 0 298222.1145 452534.9111 482569.2492 451240.1752 462763.069 435402.2677 476468.3637 489790.2558 447333.3648 461497.0487 472769.9867 444709.668 456397.4612 472769.9641 464025.7608 446023.3731 469042.3599 442070.3137 452534.9176 305969.4256 0 0 0 0 0 0 0 0 0 0 
0 0 0 0 0 0 0 0 0 0 0 213631.5266 434056.2319 501593.9754 461496.9414 458954.2503 475238.7196 418966.019 429993.3305 470288.2137 434056.3719 482569.3221 455113.5902 461496.9615 451240.1813 452534.9532 471530.6035 435402.1546 234521.1257 0 0 0 0 0 0 0 0 0 0 0 
0 0 0 0 0 0 0 0 0 0 0 0 132488.6441 355504.3499 421749.7751 455113.4981 482569.278 442070.2997 477694.7222 421749.8439 462763.0466 471530.6433 471530.6561 456397.3578 443391.8966 440744.7205 350532.0179 149111.0687 0 0 0 0 0 0 0 0 0 0 0 0 
0 0 0 0 0 0 0 0 0 0 0 0 0 0 210874.8648 304051.1214 417567.0208 481355.1944 452534.9372 470288.0846 432706.1514 461496.8786 455113.4945 439415.1512 311653.5481 156762.6889 0 0 0 0 0 0 0 0 0 0 0 0 0 0 
0 0 0 0 0 0 0 0 0 0 0 0 0 0 0 0 0 108176.5006 221695.9006 251379.5488 234521.1342 216353.0437 123340.2008 0 0 0 0 0 0 0 0 0 0 0 0 0 0 0 0 0 
0 0 0 0 0 0 0 0 0 0 0 0 0 0 0 0 0 0 0 0 0 0 0 0 0 0 0 0 0 0 0 0 0 0 0 0 0 0 0 0 
0 0 0 0 0 0 0 0 0 0 0 0 0 0 0 0 0 0 0 0 0 0 0 0 0 0 0 0 0 0 0 0 0 0 0 0 0 0 0 0 
0 0 0 0 0 0 0 0 0 0 0 0 0 0 0 0 0 0 0 0 0 0 0 0 0 0 0 0 0 0 0 0 0 0 0 0 0 0 0 0 
0 0 0 0 0 0 0 0 0 0 0 0 0 0 0 0 0 0 0 0 0 0 0 0 0 0 0 0 0 0 0 0 0 0 0 0 0 0 0 0 
0 0 0 0 0 0 0 0 0 0 0 0 0 0 0 0 0 0 0 0 0 0 0 0 0 0 0 0 0 0 0 0 0 0 0 0 0 0 0 0 
0 0 0 0 0 0 0 0 0 0 0 0 0 0 0 0 0 0 0 0 0 0 0 0 0 0 0 0 0 0 0 0 0 0 0 0 0 0 0 0 
# Events [psd_source/PSD_source.dat] N:
0 0 0 0 0 0 0 0 0 0 0 0 0 0 0 0 0 0 0 0 0 0 0 0 0 0 0 0 0 0 0 0 0 0 0 0 0 0 0 0 
0 0 0 0 0 0 0 0 0 0 0 0 0 0 0 0 0 0 0 0 0 0 0 0 0 0 0 0 0 0 0 0 0 0 0 0 0 0 0 0 
0 0 0 0 0 0 0 0 0 0 0 0 0 0 0 0 0 0 0 0 0 0 0 0 0 0 0 0 0 0 0 0 0 0 0 0 0 0 0 0 
0 0 0 0 0 0 0 0 0 0 0 0 0 0 0 0 0 0 0 0 0 0 0 0 0 0 0 0 0 0 0 0 0 0 0 0 0 0 0 0 
0 0 0 0 0 0 0 0 0 0 0 0 0 0 0 0 0 0 0 0 0 0 0 0 0 0 0 0 0 0 0 0 0 0 0 0 0 0 0 0 
0 0 0 0 0 0 0 0 0 0 0 0 0 0 0 0 0 0 0 0 0 0 0 0 0 0 0 0 0 0 0 0 0 0 0 0 0 0 0 0 
0 0 0 0 0 0 0 0 0 0 0 0 0 0 0 0 0 18 41 54 62 40 11 0 0 0 0 0 0 0 0 0 0 0 0 0 0 0 0 0 
0 0 0 0 0 0 0 0 0 0 0 0 0 0 30 93 139 164 191 188 198 188 169 152 97 20 0 0 0 0 0 0 0 0 0 0 0 0 0 0 
0 0 0 0 0 0 0 0 0 0 0 0 28 102 199 167 202 170 174 146 179 152 161 183 178 178 99 15 0 0 0 0 0 0 0 0 0 0 0 0 
0 0 0 0 0 0 0 0 0 0 0 53 169 180 180 186 176 152 182 185 146 188 190 210 178 158 162 163 52 0 0 0 0 0 0 0 0 0 0 0 
0 0 0 0 0 0 0 0 0 0 66 165 171 195 175 172 173 166 168 189 185 162 181 175 183 179 205 162 155 57 0 0 0 0 0 0 0 0 0 0 
0 0 0 0 0 0 0 0 0 47 188 174 184 183 144 198 184 184 187 148 172 182 204 201 188 182 174 167 162 160 51 0 0 0 0 0 0 0 0 0 
0 0 0 0 0 0 0 0 17 179 177 171 173 181 149 198 170 158 173 159 168 184 191 182 187 189 193 179 176 169 170 17 0 0 0 0 0 0 0 0 
0 0 0 0 0 0 0 0 113 205 178 187 176 212 183 171 181 181 161 178 171 178 196 172 198 196 193 181 185 169 175 112 0 0 0 0 0 0 0 0 
0 0 0 0 0 0 0 20 162 192 183 194 182 178 188 167 200 203 195 181 181 184 157 165 193 163 185 168 181 166 182 184 25 0 0 0 0 0 0 0 
0 0 0 0 0 0 0 96 172 201 196 195 155 183 182 176 207 177 198 180 185 179 178 180 189 192 188 181 181 200 177 191 99 0 0 0 0 0 0 0 
0 0 0 0 0 0 0 172 178 183 196 175 175 173 183 165 191 174 180 165 175 164 184 197 183 181 176 180 186 172 174 150 155 0 0 0 0 0 0 0 
0 0 0 0 0 0 16 151 179 210 179 193 193 184 171 176 153 195 198 181 179 167 169 190 202 191 192 182 189 230 185 183 198 15 0 0 0 0 0 0 
0 0 0 0 0 0 45 178 155 212 197 191 185 165 176 159 171 177 199 181 182 165 174 190 184 172 177 187 168 167 194 186 163 46 0 0 0 0 0 0 
0 0 0 0 0 0 61 188 177 190 176 190 180 180 196 158 188 176 205 177 185 191 173 181 201 165 174 183 183 196 173 168 184 56 0 0 0 0 0 0 
0 0 0 0 0 0 66 182 159 172 173 177 176 177 187 189 191 153 165 186 172 161 162 171 192 173 170 176 176 167 161 203 167 67 0 0 0 0 0 0 
0 0 0 0 0 0 38 162 181 208 158 170 186 209 214 190 178 161 190 168 204 189 171 201 159 173 166 171 170 177 185 170 176 51 0 0 0 0 0 0 
0 0 0 0 0 0 7 150 176 176 187 191 184 175 185 179 150 174 177 168 197 191 189 179 159 181 144 167 164 175 178 194 183 18 0 0 0 0 0 0 
0 0 0 0 0 0 0 153 153 183 191 159 189 170 188 165 193 176 157 200 168 184 148 177 189 184 176 184 179 153 188 187 165 0 0 0 0 0 0 0 
0 0 0 0 0 0 0 89 182 198 161 176 176 169 171 173 183 193 180 189 194 174 181 158 200 184 194 189 175 200 175 184 118 0 0 0 0 0 0 0 
0 0 0 0 0 0 0 26 162 171 170 193 153 174 199 163 162 181 212 169 189 177 171 167 182 196 193 158 172 177 181 185 32 0 0 0 0 0 0 0 
0 0 0 0 0 0 0 0 96 198 169 173 177 176 171 189 178 173 174 190 176 166 188 167 194 171 186 176 173 167 197 94 0 0 0 0 0 0 0 0 
0 0 0 0 0 0 0 0 12 164 197 191 199 187 195 167 148 165 181 153 190 184 174 179 179 176 173 177 201 190 164 12 0 0 0 0 0 0 0 0 
0 0 0 0 0 0 0 0 0 69 156 181 170 164 168 195 184 162 164 199 183 190 184 198 163 176 165 156 189 177 47 0 0 0 0 0 0 0 0 0 
0 0 0 0 0 0 0 0 0 0 76 175 199 174 183 162 194 205 171 182 191 169 178 191 184 170 188 167 175 80 0 0 0 0 0 0 0 0 0 0 
0 0 0 0 0 0 0 0 0 0 0 39 161 215 182 180 193 150 158 189 161 199 177 182 174 175 190 162 47 0 0 0 0 0 0 0 0 0 0 0 
0 0 0 0 0 0 0 0 0 0 0 0 15 108 152 177 199 167 195 152 183 190 190 178 168 166 105 19 0 0 0 0 0 0 0 0 0 0 0 0 
0 0 0 0 0 0 0 0 0 0 0 0 0 0 38 79 149 198 175 189 160 182 177 165 83 21 0 0 0 0 0 0 0 0 0 0 0 0 0 0 
0 0 0 0 0 0 0 0 0 0 0 0 0 0 0 0 0 10 42 54 47 40 13 0 0 0 0 0 0 0 0 0 0 0 0 0 0 0 0 0 
0 0 0 0 0 0 0 0 0 0 0 0 0 0 0 0 0 0 0 0 0 0 0 0 0 0 0 0 0 0 0 0 0 0 0 0 0 0 0 0 
0 0 0 0 0 0 0 0 0 0 0 0 0 0 0 0 0 0 0 0 0 0 0 0 0 0 0 0 0 0 0 0 0 0 0 0 0 0 0 0 
0 0 0 0 0 0 0 0 0 0 0 0 0 0 0 0 0 0 0 0 0 0 0 0 0 0 0 0 0 0 0 0 0 0 0 0 0 0 0 0 
0 0 0 0 0 0 0 0 0 0 0 0 0 0 0 0 0 0 0 0 0 0 0 0 0 0 0 0 0 0 0 0 0 0 0 0 0 0 0 0 
0 0 0 0 0 0 0 0 0 0 0 0 0 0 0 0 0 0 0 0 0 0 0 0 0 0 0 0 0 0 0 0 0 0 0 0 0 0 0 0 
0 0 0 0 0 0 0 0 0 0 0 0 0 0 0 0 0 0 0 0 0 0 0 0 0 0 0 0 0 0 0 0 0 0 0 0 0 0 0 0 
