# Format: McCode with text headers
# URL: http://www.mccode.org
# Creator: McStas 2.5 - Dec. 12, 2018
# Instrument: ESS_HEIMDAL.instr
# Ncount: 250000
# Trace: no
# Gravitation: no
# Seed: 1565866358
# Directory: TauScan/15
# Nodes: 4
# Param: lmax=4
# Param: lmin=0.5
# Param: T=200
# Param: tau=150
# Param: use_CoFe2O4=1
# Param: use_CoFe=1
# Param: use_magn=1
# Date: Wed Aug 14 15:24:54 2019 (1565789094)
# type: array_2d(40, 40)
# Source: ESS_HEIMDAL (ESS_HEIMDAL.instr)
# component: psd_source
# position: 0 0 0.01
# title: PSD monitor
# Ncount: 1000000
# filename: PSD_source.dat
# statistics: X0=0.0057855; dX=5.00607; Y0=0.005529; dY=5.00224;
# signal: Min=0; Max=6.61249e+06; Mean=2.13803e+06;
# values: 3.42084e+09 3.42084e+06 1e+06
# xvar: X 
# yvar: Y 
# xlabel: X position [cm]
# ylabel: Y position [cm]
# zvar: I
# zlabel: Signal per bin
# xylimits: -15 15 -15 15
# variables: I I_err N
# Data [psd_source/PSD_source.dat] I:
0 0 0 0 0 0 0 0 0 0 0 0 0 0 0 0 0 0 0 0 0 0 0 0 0 0 0 0 0 0 0 0 0 0 0 0 0 0 0 0 
0 0 0 0 0 0 0 0 0 0 0 0 0 0 0 0 0 0 0 0 0 0 0 0 0 0 0 0 0 0 0 0 0 0 0 0 0 0 0 0 
0 0 0 0 0 0 0 0 0 0 0 0 0 0 0 0 0 0 0 0 0 0 0 0 0 0 0 0 0 0 0 0 0 0 0 0 0 0 0 0 
0 0 0 0 0 0 0 0 0 0 0 0 0 0 0 0 0 0 0 0 0 0 0 0 0 0 0 0 0 0 0 0 0 0 0 0 0 0 0 0 
0 0 0 0 0 0 0 0 0 0 0 0 0 0 0 0 0 0 0 0 0 0 0 0 0 0 0 0 0 0 0 0 0 0 0 0 0 0 0 0 
0 0 0 0 0 0 0 0 0 0 0 0 0 0 0 0 0 0 0 0 0 0 0 0 0 0 0 0 0 0 0 0 0 0 0 0 0 0 0 0 
0 0 0 0 0 0 0 0 0 0 0 0 0 0 0 0 0 636276.6542 1583849.934 2052505.37 1758312.941 1402545.344 574701.4852 0 0 0 0 0 0 0 0 0 0 0 0 0 0 0 0 0 
0 0 0 0 0 0 0 0 0 0 0 0 0 0 961256.6325 3249800.102 5473347.783 6184883.099 6256720.935 5948845.123 5743594.575 6092520.448 6215670.661 5504135.357 3390054.762 1012569.283 0 0 0 0 0 0 0 0 0 0 0 0 0 0 
0 0 0 0 0 0 0 0 0 0 0 0 598647.3997 3944231.178 6044628.579 6239616.935 6013841.587 6164358.824 6246459.172 6188304.842 6116467.154 6092521.125 6184883.832 5942003.679 6099362.409 5791486.195 3851868.453 537072.2224 0 0 0 0 0 0 0 0 0 0 0 0 
0 0 0 0 0 0 0 0 0 0 0 1549641.552 5606760.672 6041208.083 6126729.427 6191725.811 6109625.726 5942004.61 5914638.032 6020684.187 5870167.109 6157517.931 6109625.973 6109625.813 6147254.876 6191725.447 6249879.474 5781223.591 1782258.83 0 0 0 0 0 0 0 0 0 0 0 
0 0 0 0 0 0 0 0 0 0 2196180.728 5784644.551 6178041.946 6048050.24 5914637.843 6403818.655 6089101.419 6075418.168 6304614.807 6266985.64 6037789.054 6065155.77 6270406.281 6461973.233 6003580.036 6195146.948 6034366.929 6342242.347 6229354.118 2264597.601 0 0 0 0 0 0 0 0 0 0 
0 0 0 0 0 0 0 0 0 1802783.836 5924899.048 6034366.569 5972791.895 6154097.003 6065155.425 6321719.002 6071997.706 6095943.816 6095943.887 6167781.699 6263565.32 6321719.637 6219094.154 6414081.984 5969372.149 6123309.816 6229355.543 6136992.338 5900953.683 6006999.271 1741208.702 0 0 0 0 0 0 0 0 0 
0 0 0 0 0 0 0 0 550755.6023 5497293.695 6294350.595 6212250.953 6171201.294 6051472.115 6013843.282 6287511.062 5959110.324 6048052.414 6109627.739 5948848.097 5743597.481 5996739.854 6143836.075 5887272.543 6263565.185 6130151.963 6260143.616 6102784.437 6201988.389 6294350.552 5586235.566 598647.3931 0 0 0 0 0 0 0 0 
0 0 0 0 0 0 0 0 4016068.873 6075416.415 6263563.483 5938583.876 6154097.498 6123310.32 5948847.641 6136994.378 6239619.911 6099365.502 5818856.409 6078840.626 6246462.062 6102786.467 5972794.295 6225936.57 5952268.821 6284090.389 6150677.139 6215672.655 6102784.396 6167779.806 6085678.94 3780030.748 0 0 0 0 0 0 0 0 
0 0 0 0 0 0 0 882577.3033 6143833.016 5996737.442 6113046.673 6020684.498 6044630.895 6379874.025 5849643.536 6106207.13 6222516.103 6256724.737 6027528.262 6171203.815 6383296.193 6010424.068 6219095.463 6256724.557 6119890.51 6099365.21 6054893.833 6089101.844 6331981.218 5938583.737 5928320.593 6020682.681 831264.6584 0 0 0 0 0 0 0 
0 0 0 0 0 0 0 3256641.848 5859903.376 5993316.855 5897533.846 6181464.398 6136993.963 5900956.152 6048052.787 5962531.997 6270408.251 6225937.466 6085682.938 6140416.532 6328562.983 5928324.066 6000161.717 6393558.657 6095944.891 5986477.602 6027527.345 6256723.488 6154097.702 5931742.338 5849641.493 6089099.805 3345583.759 0 0 0 0 0 0 0 
0 0 0 0 0 0 0 5268097.238 6201987.874 5996737.976 6030947.017 6164360.463 6201990.228 6184886.455 6082261.484 6116470.212 6136995.511 6030949.531 5911220.101 6109629.121 6143837.61 6325142.309 6048053.758 6119891.3 6191728.783 5856485.762 6164361.404 5986477.054 6010422.472 6000159.399 6075417.361 5914637.068 5274938.943 0 0 0 0 0 0 0 
0 0 0 0 0 0 567859.8065 5839378.008 5928320.636 6099363.454 6113047.434 6195148.227 6089102.537 6249882.666 5938586.184 6000161.671 6256725.311 6130154.217 6140416.867 6133575.262 6253304.847 6198571.247 6417505.197 5993320.229 6017265.918 5986477.996 6030948.64 6246461.372 6184885.694 6071997.289 6195147.055 6290929.958 6184883.089 615751.5876 0 0 0 0 0 0 
0 0 0 0 0 0 1505170.577 6048049.529 6321717.684 6321718.4 6181464.436 6164360.762 6007002.407 5805173.014 6164362.052 6051474.491 6167783.467 6106208.432 5883853.617 6178046.348 6048054.253 5993320.663 5818857.444 6195150.218 6225937.561 6058315.884 6198570.137 5955689.752 6277248.619 6458552.767 6195147.181 6058312.777 5931740.868 1566745.728 0 0 0 0 0 0 
0 0 0 0 0 0 1984088.495 6085678.876 5979633.455 5979634.116 5822275.903 6109627.317 6099365.275 6054894.737 6366191.949 6308037.915 6119891.684 6212254.69 6061737.624 6130154.595 6205413.186 6109629.454 6263567.367 6287513.092 5877011.452 6325141.82 6167782.585 6376453.654 6239619.384 6284089.795 6041209.294 6010421.033 6304612.764 1966984.284 0 0 0 0 0 0 
0 0 0 0 0 0 2014876.081 5989895.261 5993316.825 6198568.072 6102785.08 5972793.566 6065156.831 5829118.997 5989899.04 6181466.658 6106208.316 6075420.88 5942008.044 5859907.816 6256725.868 5965953.956 6099366.806 6482501.256 5668339.92 6349087.731 6287512.154 6113048.652 6424344.96 6208831.225 5976213.266 6373030.404 6133570.655 2093555.443 0 0 0 0 0 0 
0 0 0 0 0 0 1549641.522 6082257.968 6263563.349 6287509.967 6119889.222 6044631.215 6013844.125 6136994.924 6191728.825 6284091.935 6140416.699 5887274.35 6338826.02 6160942.136 6178046.365 6222517.289 6280671.531 6123312.473 6051474.474 6071999.25 6157520.008 6123311.138 6024106.175 6246460.465 6345664.285 6612489.345 6157516.49 1549641.531 0 0 0 0 0 0 
0 0 0 0 0 0 591805.6996 6438025.437 6160937.959 6054892.486 6239618.647 6017264.343 5928322.902 6068577.94 6212253.766 5952269.879 6270408.674 6092524.942 6215675.462 6253304.829 6215675.545 6130154.363 6352509.165 5969374.335 6123312.09 6205412.055 6458554.175 6136994.366 6331981.979 5924901.02 6095942.628 5870166.3 6174620.572 673905.9116 0 0 0 0 0 0 
0 0 0 0 0 0 0 5456243.558 6102783.465 6222513.579 6455131.608 6140414.569 6044631.389 6037790.121 6174624.276 6178045.426 6116470.488 6061737.148 6355929.944 6164362.66 6308038.157 6071999.761 6099366.444 6130153.854 6311458.347 6054894.728 6000160.846 6249882.055 6058314.294 5972792.649 6106204.943 6277246.385 5049163.292 0 0 0 0 0 0 0 
0 0 0 0 0 0 0 3256641.862 6212250.156 6458551.575 6071996.859 6198568.627 6119889.734 6181465.34 6321720.355 6263566.295 5938586.32 6030949.317 6078841.225 6044632.847 6071999.644 6280671.083 6044632.704 6154099.538 6140415.915 6143836.417 5962531.332 6048052.015 6338823.201 6000159.166 6331980.329 6126729.087 3280587.728 0 0 0 0 0 0 0 
0 0 0 0 0 0 0 1019410.981 6266983.33 6208829.671 6160938.491 6113047.271 6102785.214 5938585.149 6082260.903 5989898.426 6061736.431 6215674.602 6184887.113 6212253.927 6191728.853 6116470.217 5805173.263 6225936.954 6475658.317 6188307.115 6126731.564 6147256.173 6201989.176 6123309.219 5942003.924 6178041.454 892839.8142 0 0 0 0 0 0 0 
0 0 0 0 0 0 0 0 3848447.594 6099362.374 6181463.206 5965950.595 6198568.501 6160939.634 6249881.894 6349086.722 6266986.734 5798331.202 6352508.106 5965952.774 6106207.398 6349087.249 5948848.402 6061736.079 6253303.047 5938585.151 6284089.952 6027526.288 6119888.559 6116467.136 6349083.884 3865551.811 0 0 0 0 0 0 0 0 
0 0 0 0 0 0 0 0 612330.7389 5586235.588 6167779.381 6099363.083 6263564.045 6249881.177 6061735.129 6396978.1 6225936.171 6099365.065 5859906.183 6184886.384 6229357.311 6167782.079 6195148.713 6089102.369 6027526.957 6133572.799 6191726.792 6160938.765 6294351.077 5859903.488 5675177.499 629434.9524 0 0 0 0 0 0 0 0 
0 0 0 0 0 0 0 0 0 1802783.874 6321716.835 5938583.038 6345663.79 6273826.541 5962530.138 5938584.572 6082260.232 6222515.057 6297773.618 5918060.074 5846222.368 6167781.63 6160939.814 6147256.163 6263564.704 6164359.951 6078838.357 6099363.063 5935162.129 5959107.524 1727525.356 0 0 0 0 0 0 0 0 0 
0 0 0 0 0 0 0 0 0 0 2209864.158 6188303.962 6109625.064 6116467.218 6270405.493 6082259.475 6051472.074 6225935.226 6277247.991 6174622.75 5996738.89 5880430.227 6123309.992 6201989.158 6143834.628 6003579.757 6270405.076 6106204.2 6174620.601 2189339.06 0 0 0 0 0 0 0 0 0 0 
0 0 0 0 0 0 0 0 0 0 0 1751471.211 5716227.557 6318296.289 6037787.643 6010421.117 6054892.312 6082259.214 6249880.656 6294351.725 6030946.795 6078838.528 6020684.109 6195146.839 5945425.078 6071995.914 6054891.413 5640969.081 1717262.793 0 0 0 0 0 0 0 0 0 0 0 
0 0 0 0 0 0 0 0 0 0 0 0 533651.3853 3954493.711 5945424.142 6205408.421 6116466.758 5965949.889 6092521.146 6174621.491 6174621.462 6160938.11 5897533.023 6013841.553 6297771.259 6106203.732 3886076.868 615751.6077 0 0 0 0 0 0 0 0 0 0 0 0 
0 0 0 0 0 0 0 0 0 0 0 0 0 0 944152.4299 3349004.581 5257834.705 6205408.134 5866744.779 5897532.454 6044628.755 5993316.019 6113045.352 5466506.107 3338742.061 909944.0293 0 0 0 0 0 0 0 0 0 0 0 0 0 0 
0 0 0 0 0 0 0 0 0 0 0 0 0 0 0 0 0 567859.7832 1512012.263 1939617.539 1963563.481 1443595.433 653380.842 0 0 0 0 0 0 0 0 0 0 0 0 0 0 0 0 0 
0 0 0 0 0 0 0 0 0 0 0 0 0 0 0 0 0 0 0 0 0 0 0 0 0 0 0 0 0 0 0 0 0 0 0 0 0 0 0 0 
0 0 0 0 0 0 0 0 0 0 0 0 0 0 0 0 0 0 0 0 0 0 0 0 0 0 0 0 0 0 0 0 0 0 0 0 0 0 0 0 
0 0 0 0 0 0 0 0 0 0 0 0 0 0 0 0 0 0 0 0 0 0 0 0 0 0 0 0 0 0 0 0 0 0 0 0 0 0 0 0 
0 0 0 0 0 0 0 0 0 0 0 0 0 0 0 0 0 0 0 0 0 0 0 0 0 0 0 0 0 0 0 0 0 0 0 0 0 0 0 0 
0 0 0 0 0 0 0 0 0 0 0 0 0 0 0 0 0 0 0 0 0 0 0 0 0 0 0 0 0 0 0 0 0 0 0 0 0 0 0 0 
0 0 0 0 0 0 0 0 0 0 0 0 0 0 0 0 0 0 0 0 0 0 0 0 0 0 0 0 0 0 0 0 0 0 0 0 0 0 0 0 
# Errors [psd_source/PSD_source.dat] I_err:
0 0 0 0 0 0 0 0 0 0 0 0 0 0 0 0 0 0 0 0 0 0 0 0 0 0 0 0 0 0 0 0 0 0 0 0 0 0 0 0 
0 0 0 0 0 0 0 0 0 0 0 0 0 0 0 0 0 0 0 0 0 0 0 0 0 0 0 0 0 0 0 0 0 0 0 0 0 0 0 0 
0 0 0 0 0 0 0 0 0 0 0 0 0 0 0 0 0 0 0 0 0 0 0 0 0 0 0 0 0 0 0 0 0 0 0 0 0 0 0 0 
0 0 0 0 0 0 0 0 0 0 0 0 0 0 0 0 0 0 0 0 0 0 0 0 0 0 0 0 0 0 0 0 0 0 0 0 0 0 0 0 
0 0 0 0 0 0 0 0 0 0 0 0 0 0 0 0 0 0 0 0 0 0 0 0 0 0 0 0 0 0 0 0 0 0 0 0 0 0 0 0 
0 0 0 0 0 0 0 0 0 0 0 0 0 0 0 0 0 0 0 0 0 0 0 0 0 0 0 0 0 0 0 0 0 0 0 0 0 0 0 0 
0 0 0 0 0 0 0 0 0 0 0 0 0 0 0 0 0 46654.06785 73607.74876 83793.18087 77555.85909 69266.77733 44339.1822 0 0 0 0 0 0 0 0 0 0 0 0 0 0 0 0 0 
0 0 0 0 0 0 0 0 0 0 0 0 0 0 57343.76309 105437.4382 136833.6946 145456.215 146298.5198 142653.6444 140171.0829 144366.0373 145817.7966 137217.9995 107688.6386 58854.39409 0 0 0 0 0 0 0 0 0 0 0 0 0 0 
0 0 0 0 0 0 0 0 0 0 0 0 45253.48979 116157.6208 143797.5032 146098.4173 143430.8422 145214.6785 146178.5061 145496.4563 144649.4846 144366.0534 145456.2322 142571.5946 144447.0801 140754.2595 114789.5231 42863.02967 0 0 0 0 0 0 0 0 0 0 0 0 
0 0 0 0 0 0 0 0 0 0 0 72808.51143 138491.3158 143756.816 144770.778 145536.6683 144568.5679 142571.617 142242.9252 143512.4284 141707.1694 145134.0895 144568.5738 144568.57 145013.0816 145536.6598 146218.5149 140629.4939 78082.177 0 0 0 0 0 0 0 0 0 0 0 
0 0 0 0 0 0 0 0 0 0 86676.33953 140671.097 145375.7538 143838.2067 142242.9207 148008.311 144325.5451 144163.2933 146857.4186 146418.5039 143716.1521 144041.4854 146458.4551 148678.844 143308.432 145576.8732 143675.4031 147294.9876 145978.2143 88016.08522 0 0 0 0 0 0 0 0 0 0 
0 0 0 0 0 0 0 0 0 78530.49736 142366.2387 143675.3945 142940.489 145093.7668 144041.4773 147056.4928 144122.7101 144406.6209 144406.6226 145255.0133 146378.5493 147056.5076 145857.9792 148126.8784 142899.5757 144730.3853 145978.2477 144891.9848 142078.2686 143349.2165 77177.71884 0 0 0 0 0 0 0 0 0 
0 0 0 0 0 0 0 0 43405.62215 137132.692 146737.8049 145777.6917 145295.2598 143878.9037 143430.8827 146658.0846 142776.7035 143838.2584 144568.6156 142653.7158 140171.1538 143226.7875 144972.7755 141913.4984 146378.5461 144811.2285 146338.5514 144487.6092 145657.2301 146737.8039 138237.5898 45253.48929 0 0 0 0 0 0 0 0 
0 0 0 0 0 0 0 0 117210.6579 144163.2517 146378.5064 142530.5741 145093.7785 144730.3972 142653.7048 144892.033 146098.4869 144447.1533 141086.5077 144203.9124 146178.5737 144487.6573 142940.5465 145938.2042 142694.723 146618.187 145053.4581 145817.8434 144487.6083 145254.9688 144284.9598 113714.0673 0 0 0 0 0 0 0 0 
0 0 0 0 0 0 0 54946.86285 144972.7033 143226.7299 144609.0375 143512.4358 143797.5583 147731.3564 141459.2486 144528.1427 145898.1146 146298.6087 143594.0032 145295.3192 147770.988 143390.122 145858.0099 146298.6045 144689.9885 144447.1464 143919.5855 144325.5552 147175.8012 142530.5707 142407.3484 143512.3925 53325.6527 0 0 0 0 0 0 0 
0 0 0 0 0 0 0 105548.3686 141583.2162 143185.8783 142037.1048 145416.0341 144892.0232 142078.3281 143838.2673 142817.6982 146458.5011 145938.2252 144285.0546 144932.4407 147136.1007 142407.4319 143267.6579 147889.7256 144406.6464 143104.186 143593.9814 146298.5795 145093.7833 142448.4511 141459.1992 144325.5069 106979.972 0 0 0 0 0 0 0 
0 0 0 0 0 0 0 134243.5481 145657.218 143226.7426 143634.6951 145214.717 145657.2732 145456.2939 144244.4821 144649.5569 144892.0597 143634.755 142201.8548 144568.6483 144972.8117 147096.3328 143838.2903 144690.0071 145536.7382 141541.9621 145214.7392 143104.1729 143390.0839 143267.6025 144163.2742 142242.902 134330.6914 0 0 0 0 0 0 0 
0 0 0 0 0 0 44074.46873 141335.0345 142407.3495 144447.1048 144609.0554 145576.9033 144325.5716 146218.5896 142530.6295 143267.6568 146298.6221 144811.2818 144932.4486 144851.6858 146258.6314 145617.1412 148166.4283 143185.9589 143471.7134 143104.1954 143634.7338 146178.5576 145456.276 144122.7002 145576.8757 146697.9298 145456.2147 45895.41357 0 0 0 0 0 0 
0 0 0 0 0 0 71756.19176 143838.1898 147056.4622 147056.4789 145416.035 145214.7241 143349.2913 140920.5231 145214.7545 143878.9602 145255.055 144528.1735 141872.3087 145375.8574 143838.3021 143185.9692 141086.5328 145576.9501 145938.2274 143960.2636 145617.1152 142735.7234 146538.3495 148639.4936 145576.8787 143960.1898 142448.4158 73209.22006 0 0 0 0 0 0 
0 0 0 0 0 0 82384.79056 144284.9583 143022.33 143022.3458 141127.9405 144568.6056 144447.148 143919.6069 147572.8764 146897.3079 144690.0162 145777.7794 144000.923 144811.2907 145697.4876 144568.6561 146378.5971 146658.1319 141789.7893 147096.3214 145255.0342 147691.7558 146098.4746 146618.1732 143756.8448 143390.0496 146857.371 82028.9151 0 0 0 0 0 0 
0 0 0 0 0 0 83021.52256 143144.9909 143185.8775 145617.0667 144487.6245 142940.529 144041.5106 141210.8691 143145.0812 145416.0873 144528.1708 144163.3576 142571.6994 141583.3235 146298.6352 142858.6879 144447.1842 148914.848 139249.8166 147374.4992 146658.11 144609.0843 148245.3428 145737.5754 142981.4295 147652.0778 144851.577 84626.963 0 0 0 0 0 0 
0 0 0 0 0 0 72808.51001 144244.3987 146378.5032 146658.059 144689.958 143797.5659 143430.9028 144892.0459 145536.7392 146618.2231 144932.4446 141913.5419 147255.3636 145174.4781 145375.8578 145898.1424 146578.321 144730.448 143878.9598 144122.7468 145134.1384 144730.4165 143553.2204 146178.5363 147334.7312 150400.4232 145134.0555 72808.51044 0 0 0 0 0 0 
0 0 0 0 0 0 44994.15415 148403.0678 145174.3797 143919.5534 146098.4574 143471.6758 142407.4039 144082.132 145777.7578 142694.7484 146458.511 144366.1438 145817.9093 146258.631 145817.9112 144811.2852 147414.2097 142899.6281 144730.439 145697.461 148639.526 144892.0327 147175.8188 142366.2861 144406.5928 141707.1498 145335.4877 48013.80817 0 0 0 0 0 0 
0 0 0 0 0 0 0 136619.7243 144487.5862 145898.0554 148600.1169 144932.3944 143797.5701 143716.1775 145335.5749 145375.8357 144649.5635 144000.9117 147453.8943 145214.7688 146897.3135 144122.7589 144447.1756 144811.2732 146937.124 143919.6067 143267.6371 146218.5753 143960.2259 142940.5071 144528.091 146538.2973 131424.4709 0 0 0 0 0 0 0 
0 0 0 0 0 0 0 105548.3691 145777.673 148639.4662 144122.69 145617.0797 144689.9701 145416.0562 147056.5243 146378.5721 142530.6327 143634.7499 144203.9266 143797.6048 144122.7561 146578.3105 143797.6014 145093.8266 144932.4261 144972.7836 142817.6822 143838.2489 147255.2981 143267.597 147175.7805 144770.7699 105935.7028 0 0 0 0 0 0 0 
0 0 0 0 0 0 0 59052.8926 146418.4499 145737.5389 145174.3922 144609.0516 144487.6276 142530.6046 144244.4683 143145.0666 144000.8946 145817.8891 145456.3094 145777.7615 145536.7399 144649.5571 140920.5291 145938.2132 148836.2155 145496.5098 144770.8285 145013.1122 145657.2485 144730.3711 142571.6005 145375.7422 55265.39708 0 0 0 0 0 0 0 
0 0 0 0 0 0 0 0 114738.539 144447.0793 145416.006 142858.6074 145617.0767 145174.4192 146218.5715 147374.4757 146418.5295 140837.4546 147414.1851 142858.6596 144528.1491 147374.488 142653.7231 144000.8863 146258.5893 142530.6047 146618.1768 143593.9562 144689.9423 144649.4842 147374.4099 114993.231 0 0 0 0 0 0 0 0 
0 0 0 0 0 0 0 0 45767.74826 138237.5903 145254.9588 144447.096 146378.5195 146218.5547 144000.8637 147929.2518 145938.1948 144447.143 141583.284 145456.2923 145978.2892 145255.0223 145576.9147 144325.5676 143593.9722 144851.6276 145536.6914 145174.3987 146737.8161 141583.2189 139333.7277 46402.56032 0 0 0 0 0 0 0 0 
0 0 0 0 0 0 0 0 0 78530.49901 147056.4424 142530.554 147334.7198 146498.3865 142817.6536 142530.5908 144244.4524 145898.0901 146777.7247 142284.0825 141417.8723 145255.0117 145174.4234 145013.112 146378.5349 145214.705 144203.8586 144447.0956 142489.495 142776.6364 76873.86939 0 0 0 0 0 0 0 0 0 
0 0 0 0 0 0 0 0 0 0 86945.94241 145496.4356 144568.5523 144649.4861 146458.4367 144244.4345 143878.9027 145938.1727 146538.3348 145335.539 143226.7644 141830.9994 144730.3894 145657.2481 144972.7414 143308.4254 146458.4269 144528.0734 145335.4884 86541.22502 0 0 0 0 0 0 0 0 0 0 
0 0 0 0 0 0 0 0 0 0 0 77404.82315 139836.7379 147016.656 143716.1186 143390.0516 143919.5493 144244.4283 146218.5425 146737.8312 143634.6899 144203.8626 143512.4265 145576.8706 142612.6417 144122.6676 143919.5279 138913.1602 76645.1894 0 0 0 0 0 0 0 0 0 0 0 
0 0 0 0 0 0 0 0 0 0 0 0 42726.30556 116308.6386 142612.6192 145697.3757 144649.4753 142858.5905 144366.0538 145335.5094 145335.5087 145174.3832 142037.0849 143430.8414 146777.6697 144528.0623 115298.1187 45895.41507 0 0 0 0 0 0 0 0 0 0 0 0 
0 0 0 0 0 0 0 0 0 0 0 0 0 0 56831.29786 107034.6506 134112.7275 145697.369 141665.8375 142037.0713 143797.5074 143185.8583 144609.0062 136748.147 106870.5291 55792.24811 0 0 0 0 0 0 0 0 0 0 0 0 0 0 
0 0 0 0 0 0 0 0 0 0 0 0 0 0 0 0 0 44074.46693 71919.0892 81456.28012 81957.55619 70273.12616 47276.97849 0 0 0 0 0 0 0 0 0 0 0 0 0 0 0 0 0 
0 0 0 0 0 0 0 0 0 0 0 0 0 0 0 0 0 0 0 0 0 0 0 0 0 0 0 0 0 0 0 0 0 0 0 0 0 0 0 0 
0 0 0 0 0 0 0 0 0 0 0 0 0 0 0 0 0 0 0 0 0 0 0 0 0 0 0 0 0 0 0 0 0 0 0 0 0 0 0 0 
0 0 0 0 0 0 0 0 0 0 0 0 0 0 0 0 0 0 0 0 0 0 0 0 0 0 0 0 0 0 0 0 0 0 0 0 0 0 0 0 
0 0 0 0 0 0 0 0 0 0 0 0 0 0 0 0 0 0 0 0 0 0 0 0 0 0 0 0 0 0 0 0 0 0 0 0 0 0 0 0 
0 0 0 0 0 0 0 0 0 0 0 0 0 0 0 0 0 0 0 0 0 0 0 0 0 0 0 0 0 0 0 0 0 0 0 0 0 0 0 0 
0 0 0 0 0 0 0 0 0 0 0 0 0 0 0 0 0 0 0 0 0 0 0 0 0 0 0 0 0 0 0 0 0 0 0 0 0 0 0 0 
# Events [psd_source/PSD_source.dat] N:
0 0 0 0 0 0 0 0 0 0 0 0 0 0 0 0 0 0 0 0 0 0 0 0 0 0 0 0 0 0 0 0 0 0 0 0 0 0 0 0 
0 0 0 0 0 0 0 0 0 0 0 0 0 0 0 0 0 0 0 0 0 0 0 0 0 0 0 0 0 0 0 0 0 0 0 0 0 0 0 0 
0 0 0 0 0 0 0 0 0 0 0 0 0 0 0 0 0 0 0 0 0 0 0 0 0 0 0 0 0 0 0 0 0 0 0 0 0 0 0 0 
0 0 0 0 0 0 0 0 0 0 0 0 0 0 0 0 0 0 0 0 0 0 0 0 0 0 0 0 0 0 0 0 0 0 0 0 0 0 0 0 
0 0 0 0 0 0 0 0 0 0 0 0 0 0 0 0 0 0 0 0 0 0 0 0 0 0 0 0 0 0 0 0 0 0 0 0 0 0 0 0 
0 0 0 0 0 0 0 0 0 0 0 0 0 0 0 0 0 0 0 0 0 0 0 0 0 0 0 0 0 0 0 0 0 0 0 0 0 0 0 0 
0 0 0 0 0 0 0 0 0 0 0 0 0 0 0 0 0 186 463 600 514 410 168 0 0 0 0 0 0 0 0 0 0 0 0 0 0 0 0 0 
0 0 0 0 0 0 0 0 0 0 0 0 0 0 281 950 1600 1808 1829 1739 1679 1781 1817 1609 991 296 0 0 0 0 0 0 0 0 0 0 0 0 0 0 
0 0 0 0 0 0 0 0 0 0 0 0 175 1153 1767 1824 1758 1802 1826 1809 1788 1781 1808 1737 1783 1693 1126 157 0 0 0 0 0 0 0 0 0 0 0 0 
0 0 0 0 0 0 0 0 0 0 0 453 1639 1766 1791 1810 1786 1737 1729 1760 1716 1800 1786 1786 1797 1810 1827 1690 521 0 0 0 0 0 0 0 0 0 0 0 
0 0 0 0 0 0 0 0 0 0 642 1691 1806 1768 1729 1872 1780 1776 1843 1832 1765 1773 1833 1889 1755 1811 1764 1854 1821 662 0 0 0 0 0 0 0 0 0 0 
0 0 0 0 0 0 0 0 0 527 1732 1764 1746 1799 1773 1848 1775 1782 1782 1803 1831 1848 1818 1875 1745 1790 1821 1794 1725 1756 509 0 0 0 0 0 0 0 0 0 
0 0 0 0 0 0 0 0 161 1607 1840 1816 1804 1769 1758 1838 1742 1768 1786 1739 1679 1753 1796 1721 1831 1792 1830 1784 1813 1840 1633 175 0 0 0 0 0 0 0 0 
0 0 0 0 0 0 0 0 1174 1776 1831 1736 1799 1790 1739 1794 1824 1783 1701 1777 1826 1784 1746 1820 1740 1837 1798 1817 1784 1803 1779 1105 0 0 0 0 0 0 0 0 
0 0 0 0 0 0 0 258 1796 1753 1787 1760 1767 1865 1710 1785 1819 1829 1762 1804 1866 1757 1818 1829 1789 1783 1770 1780 1851 1736 1733 1760 243 0 0 0 0 0 0 0 
0 0 0 0 0 0 0 952 1713 1752 1724 1807 1794 1725 1768 1743 1833 1820 1779 1795 1850 1733 1754 1869 1782 1750 1762 1829 1799 1734 1710 1780 978 0 0 0 0 0 0 0 
0 0 0 0 0 0 0 1540 1813 1753 1763 1802 1813 1808 1778 1788 1794 1763 1728 1786 1796 1849 1768 1789 1810 1712 1802 1750 1757 1754 1776 1729 1542 0 0 0 0 0 0 0 
0 0 0 0 0 0 166 1707 1733 1783 1787 1811 1780 1827 1736 1754 1829 1792 1795 1793 1828 1812 1876 1752 1759 1750 1763 1826 1808 1775 1811 1839 1808 180 0 0 0 0 0 0 
0 0 0 0 0 0 440 1768 1848 1848 1807 1802 1756 1697 1802 1769 1803 1785 1720 1806 1768 1752 1701 1811 1820 1771 1812 1741 1835 1888 1811 1771 1734 458 0 0 0 0 0 0 
0 0 0 0 0 0 580 1779 1748 1748 1702 1786 1783 1770 1861 1844 1789 1816 1772 1792 1814 1786 1831 1838 1718 1849 1803 1864 1824 1837 1766 1757 1843 575 0 0 0 0 0 0 
0 0 0 0 0 0 589 1751 1752 1812 1784 1746 1773 1704 1751 1807 1785 1776 1737 1713 1829 1744 1783 1895 1657 1856 1838 1787 1878 1815 1747 1863 1793 612 0 0 0 0 0 0 
0 0 0 0 0 0 453 1778 1831 1838 1789 1767 1758 1794 1810 1837 1795 1721 1853 1801 1806 1819 1836 1790 1769 1775 1800 1790 1761 1826 1855 1933 1800 453 0 0 0 0 0 0 
0 0 0 0 0 0 173 1882 1801 1770 1824 1759 1733 1774 1816 1740 1833 1781 1817 1828 1817 1792 1857 1745 1790 1814 1888 1794 1851 1732 1782 1716 1805 197 0 0 0 0 0 0 
0 0 0 0 0 0 0 1595 1784 1819 1887 1795 1767 1765 1805 1806 1788 1772 1858 1802 1844 1775 1783 1792 1845 1770 1754 1827 1771 1746 1785 1835 1476 0 0 0 0 0 0 0 
0 0 0 0 0 0 0 952 1816 1888 1775 1812 1789 1807 1848 1831 1736 1763 1777 1767 1775 1836 1767 1799 1795 1796 1743 1768 1853 1754 1851 1791 959 0 0 0 0 0 0 0 
0 0 0 0 0 0 0 298 1832 1815 1801 1787 1784 1736 1778 1751 1772 1817 1808 1816 1810 1788 1697 1820 1893 1809 1791 1797 1813 1790 1737 1806 261 0 0 0 0 0 0 0 
0 0 0 0 0 0 0 0 1125 1783 1807 1744 1812 1801 1827 1856 1832 1695 1857 1744 1785 1856 1739 1772 1828 1736 1837 1762 1789 1788 1856 1130 0 0 0 0 0 0 0 0 
0 0 0 0 0 0 0 0 179 1633 1803 1783 1831 1827 1772 1870 1820 1783 1713 1808 1821 1803 1811 1780 1762 1793 1810 1801 1840 1713 1659 184 0 0 0 0 0 0 0 0 
0 0 0 0 0 0 0 0 0 527 1848 1736 1855 1834 1743 1736 1778 1819 1841 1730 1709 1803 1801 1797 1831 1802 1777 1783 1735 1742 505 0 0 0 0 0 0 0 0 0 
0 0 0 0 0 0 0 0 0 0 646 1809 1786 1788 1833 1778 1769 1820 1835 1805 1753 1719 1790 1813 1796 1755 1833 1785 1805 640 0 0 0 0 0 0 0 0 0 0 
0 0 0 0 0 0 0 0 0 0 0 512 1671 1847 1765 1757 1770 1778 1827 1840 1763 1777 1760 1811 1738 1775 1770 1649 502 0 0 0 0 0 0 0 0 0 0 0 
0 0 0 0 0 0 0 0 0 0 0 0 156 1156 1738 1814 1788 1744 1781 1805 1805 1801 1724 1758 1841 1785 1136 180 0 0 0 0 0 0 0 0 0 0 0 0 
0 0 0 0 0 0 0 0 0 0 0 0 0 0 276 979 1537 1814 1715 1724 1767 1752 1787 1598 976 266 0 0 0 0 0 0 0 0 0 0 0 0 0 0 
0 0 0 0 0 0 0 0 0 0 0 0 0 0 0 0 0 166 442 567 574 422 191 0 0 0 0 0 0 0 0 0 0 0 0 0 0 0 0 0 
0 0 0 0 0 0 0 0 0 0 0 0 0 0 0 0 0 0 0 0 0 0 0 0 0 0 0 0 0 0 0 0 0 0 0 0 0 0 0 0 
0 0 0 0 0 0 0 0 0 0 0 0 0 0 0 0 0 0 0 0 0 0 0 0 0 0 0 0 0 0 0 0 0 0 0 0 0 0 0 0 
0 0 0 0 0 0 0 0 0 0 0 0 0 0 0 0 0 0 0 0 0 0 0 0 0 0 0 0 0 0 0 0 0 0 0 0 0 0 0 0 
0 0 0 0 0 0 0 0 0 0 0 0 0 0 0 0 0 0 0 0 0 0 0 0 0 0 0 0 0 0 0 0 0 0 0 0 0 0 0 0 
0 0 0 0 0 0 0 0 0 0 0 0 0 0 0 0 0 0 0 0 0 0 0 0 0 0 0 0 0 0 0 0 0 0 0 0 0 0 0 0 
0 0 0 0 0 0 0 0 0 0 0 0 0 0 0 0 0 0 0 0 0 0 0 0 0 0 0 0 0 0 0 0 0 0 0 0 0 0 0 0 
