# Format: McCode with text headers
# URL: http://www.mccode.org
# Creator: McStas 2.4.1 - Jun. 26, 2017
# Instrument: MAGiC_elearning.instr
# Ncount: 2500000
# Trace: no
# Gravitation: no
# Seed: 1563294435
# Directory: MAGiC_HR/35
# Nodes: 40
# Param: spectrum=0
# Param: high_res=1
# Param: coll_set=0.3
# Param: sample_rot=350
# Date: Tue Jul 16 10:44:43 2019 (1563266683)
# type: array_1d(101)
# Source: MAGiC_half_polarized (MAGiC_elearning.instr)
# component: L_out
# position: -0.034 -0.674259 159.42
# title: Wavelength monitor
# Ncount: 100000000
# filename: L_out.txt
# statistics: X0=1.43498; dX=0.353284;
# signal: Min=0; Max=2.38803e+07; Mean=4.27381e+06;
# values: 4.31654e+08 1.1225e+06 290859
# xvar: L
# yvar: (I,I_err)
# xlabel: Wavelength [AA]
# ylabel: Intensity
# xlimits: 0.2 6
# variables: L I I_err N
0.2287128713 0 0 0 
0.2861386139 0 0 0 
0.3435643564 6.254447746e-115 6.755575675e-115 6 
0.400990099 1.921938498e-18 1.055838171e-18 1227 
0.4584158416 673.5681937 160.9397795 5707 
0.5158415842 56093.35369 3899.261959 9660 
0.5732673267 327709.4919 12038.68488 10018 
0.6306930693 1043045.841 25776.79028 10190 
0.6881188119 2358453.733 48058.74269 10017 
0.7455445545 4187756.45 78005.51665 9924 
0.802970297 6892645.247 118071.5237 9948 
0.8603960396 9470486.226 155941.3843 9838 
0.9178217822 13105555.66 201368.5085 10253 
0.9752475248 15640754.95 233802.4028 10034 
1.032673267 18624216.44 266534.032 10119 
1.09009901 20430393.46 284537.4953 9887 
1.147524752 22009238.95 297540.7754 10084 
1.204950495 22962001.94 302791.6717 9948 
1.262376238 23414974.31 301706.9421 9938 
1.31980198 23880332.09 297909.6562 10135 
1.377227723 23668217.36 289911.0445 9929 
1.434653465 23360199.42 278986.3596 10015 
1.492079208 22688719.56 265839.1774 9984 
1.54950495 22043625.95 252685.929 9993 
1.606930693 21510704.97 239989.4167 10156 
1.664356436 20023553.78 222062.5891 9996 
1.721782178 19045391.61 207832.2821 9972 
1.779207921 17565483.99 190891.5461 9823 
1.836633663 16590636.31 177270.8733 9878 
1.894059406 15671740.19 164782.6294 9950 
1.951485149 14382297.68 150623.2101 9821 
2.008910891 13774999.25 141017.4754 10109 
2.066336634 10747045.88 119934.7957 8278 
2.123762376 5310801.386 78485.13735 4821 
2.181188119 866694.5959 26849.28976 1201 
2.238613861 0 0 0 
2.296039604 0 0 0 
2.353465347 0 0 0 
2.410891089 0 0 0 
2.468316832 0 0 0 
2.525742574 0 0 0 
2.583168317 0 0 0 
2.640594059 0 0 0 
2.698019802 0 0 0 
2.755445545 0 0 0 
2.812871287 0 0 0 
2.87029703 0 0 0 
2.927722772 0 0 0 
2.985148515 0 0 0 
3.042574257 0 0 0 
3.1 0 0 0 
3.157425743 0 0 0 
3.214851485 0 0 0 
3.272277228 0 0 0 
3.32970297 0 0 0 
3.387128713 0 0 0 
3.444554455 0 0 0 
3.501980198 0 0 0 
3.559405941 0 0 0 
3.616831683 0 0 0 
3.674257426 0 0 0 
3.731683168 0 0 0 
3.789108911 0 0 0 
3.846534653 0 0 0 
3.903960396 0 0 0 
3.961386139 0 0 0 
4.018811881 0 0 0 
4.076237624 0 0 0 
4.133663366 0 0 0 
4.191089109 0 0 0 
4.248514851 0 0 0 
4.305940594 0 0 0 
4.363366337 0 0 0 
4.420792079 0 0 0 
4.478217822 0 0 0 
4.535643564 0 0 0 
4.593069307 0 0 0 
4.65049505 0 0 0 
4.707920792 0 0 0 
4.765346535 0 0 0 
4.822772277 0 0 0 
4.88019802 0 0 0 
4.937623762 0 0 0 
4.995049505 0 0 0 
5.052475248 0 0 0 
5.10990099 0 0 0 
5.167326733 0 0 0 
5.224752475 0 0 0 
5.282178218 0 0 0 
5.33960396 0 0 0 
5.397029703 0 0 0 
5.454455446 0 0 0 
5.511881188 0 0 0 
5.569306931 0 0 0 
5.626732673 0 0 0 
5.684158416 0 0 0 
5.741584158 0 0 0 
5.799009901 0 0 0 
5.856435644 0 0 0 
5.913861386 0 0 0 
5.971287129 0 0 0 
