# Format: McCode with text headers
# URL: http://www.mccode.org
# Creator: McStas 2.5 - Dec. 12, 2018
# Instrument: ESS_HEIMDAL.instr
# Ncount: 25000
# Trace: no
# Gravitation: no
# Seed: 1565850488
# Directory: TemperatureScan/8
# Nodes: 4
# Param: lmax=4
# Param: lmin=0.5
# Param: T=170
# Param: tau=0
# Param: use_CoFe2O4=1
# Param: use_CoFe=1
# Param: use_magn=1
# Date: Wed Aug 14 12:13:30 2019 (1565777610)
# type: array_2d(40, 40)
# Source: ESS_HEIMDAL (ESS_HEIMDAL.instr)
# component: psd_source
# position: 0 0 0.01
# title: PSD monitor
# Ncount: 100000
# filename: PSD_source.dat
# statistics: X0=-0.0100275; dX=4.99878; Y0=0.01695; dY=4.99868;
# signal: Min=0; Max=7.49165e+06; Mean=2.13803e+06;
# values: 3.42084e+09 1.08177e+07 100000
# xvar: X 
# yvar: Y 
# xlabel: X position [cm]
# ylabel: Y position [cm]
# zvar: I
# zlabel: Signal per bin
# xylimits: -15 15 -15 15
# variables: I I_err N
# Data [psd_source/PSD_source.dat] I:
0 0 0 0 0 0 0 0 0 0 0 0 0 0 0 0 0 0 0 0 0 0 0 0 0 0 0 0 0 0 0 0 0 0 0 0 0 0 0 0 
0 0 0 0 0 0 0 0 0 0 0 0 0 0 0 0 0 0 0 0 0 0 0 0 0 0 0 0 0 0 0 0 0 0 0 0 0 0 0 0 
0 0 0 0 0 0 0 0 0 0 0 0 0 0 0 0 0 0 0 0 0 0 0 0 0 0 0 0 0 0 0 0 0 0 0 0 0 0 0 0 
0 0 0 0 0 0 0 0 0 0 0 0 0 0 0 0 0 0 0 0 0 0 0 0 0 0 0 0 0 0 0 0 0 0 0 0 0 0 0 0 
0 0 0 0 0 0 0 0 0 0 0 0 0 0 0 0 0 0 0 0 0 0 0 0 0 0 0 0 0 0 0 0 0 0 0 0 0 0 0 0 
0 0 0 0 0 0 0 0 0 0 0 0 0 0 0 0 0 0 0 0 0 0 0 0 0 0 0 0 0 0 0 0 0 0 0 0 0 0 0 0 
0 0 0 0 0 0 0 0 0 0 0 0 0 0 0 0 0 752585.2329 1368336.876 1676212.735 1813046.358 1436753.705 342084.2116 0 0 0 0 0 0 0 0 0 0 0 0 0 0 0 0 0 
0 0 0 0 0 0 0 0 0 0 0 0 0 0 957835.8584 2873507.479 5644390.088 5370722.865 5644390.254 5986474.237 7046935.487 6191724.795 5541764.74 5815432.073 3318217.032 1128877.871 0 0 0 0 0 0 0 0 0 0 0 0 0 0 
0 0 0 0 0 0 0 0 0 0 0 0 684168.4976 4207635.939 6020682.675 5678598.994 6944310.575 5712807.521 6431184.5 6089100.318 6841685.666 6191725.494 5439140.271 5849641.027 6465392.442 5747015.39 4378678.197 615751.621 0 0 0 0 0 0 0 0 0 0 0 0 
0 0 0 0 0 0 0 0 0 0 0 1778838.025 6020682.614 6602226.205 5678598.906 6020683.496 5918058.776 5952267.222 6260143.3 6636436.238 5849642.063 5849642.039 6875894.948 6602227.17 6875894.36 6020683.166 6260141.924 4686554.036 1813046.422 0 0 0 0 0 0 0 0 0 0 0 
0 0 0 0 0 0 0 0 0 0 2052505.243 6020682.613 6089099.967 6602226.858 5883850.289 5233890.291 6020684.375 6089101.548 6191726.984 7389022.211 5233890.842 5815433.998 5439141.231 6636436.369 5986475.651 5849641.819 5781224.548 5507556.674 6294349.903 2086713.68 0 0 0 0 0 0 0 0 0 0 
0 0 0 0 0 0 0 0 0 1334128.493 6294350.158 5678598.961 5849641.556 5986475.673 7491647 5712808.834 5199682.657 6020685.281 6054893.754 5712809.42 5404933.553 6260144.601 6260144.288 6225935.636 6157518.555 5918059.191 5918058.765 6089100.529 6841685.666 5952265.909 1778837.92 0 0 0 0 0 0 0 0 0 
0 0 0 0 0 0 0 0 718376.8479 6020682.642 6602226.309 5883850.079 6089101.002 6191726.813 6431186.373 4960223.648 6568020.405 6533812.389 6260144.965 6157519.513 5370725.473 6260144.947 5644392.857 5336516.918 5712809.137 5883851.258 5747017.063 6260143.406 6020683.589 5233889.391 5370722.604 513126.354 0 0 0 0 0 0 0 0 
0 0 0 0 0 0 0 0 2839299.132 6431184.024 6089100.454 6191726.212 5815433.952 5781225.975 6944313.273 6362770.072 6910105.341 6054894.53 6020686.155 5199683.66 6533813.086 5986477.893 5541767.938 5883852.143 5883851.965 6020685.356 5678600.758 6020684.702 6260143.267 6602226.916 5918057.624 3694509.738 0 0 0 0 0 0 0 0 
0 0 0 0 0 0 0 821002.1881 6704851.19 6191725.571 5952266.976 5883850.724 6020685.017 5986476.912 5849643.533 5610184.695 6191728.532 6191728.769 5507559.789 6260145.652 5849644.295 6260145.689 7012731.399 6602229.959 5952269.189 5712809.673 5199682.822 5883851.272 5541766.417 5233890.039 6089100.248 5712806.811 821002.18 0 0 0 0 0 0 0 
0 0 0 0 0 0 0 3557676.008 5678598.682 6807477.607 5439140.834 6739061.979 6089102.181 6294353.203 6602229.576 7115356.502 5473351.403 6054895.304 6431188.318 6191729.116 6533813.748 5712810.809 6157520.618 5473351.421 6328562.318 6841688.633 6499603.885 5883851.477 6841687.357 5883850.476 5404932.011 6260142.005 3352425.467 0 0 0 0 0 0 0 
0 0 0 0 0 0 0 5541764.612 5507556.865 5712807.919 6533811.024 5883851.214 5199682.94 6636437.863 6670646.736 5986478.172 6362771.405 6020687.065 6739064.536 5302309.752 6020687.155 6225937.794 7012731.952 5439143.192 6328562.686 5883852.418 6739063.201 6533812.087 5541766.882 6773270.074 6568018.855 6739060.203 5575973.034 0 0 0 0 0 0 0 
0 0 0 0 0 0 684168.4344 6499600.654 6431184.567 6260143.121 6807478.691 6704853.975 4618139.59 6704854.994 5849644.252 6670647.315 6225937.738 6499605.501 5678602.797 5918062.058 6362771.832 6636439.446 6225937.822 6396979.961 6431188.15 6294354.044 6123311.44 5918060.305 6328561.129 6636436.523 5165473.229 5849641.187 6123307.919 718376.8707 0 0 0 0 0 0 
0 0 0 0 0 0 1676212.693 6123308.086 6225934.113 6807478.128 6191726.935 6294352.868 6739063.119 6089103.104 6328562.568 6225937.581 6533813.874 5644394.364 6533814.183 5712811.419 6704856.513 6362771.911 5473352.093 6089104.016 6157520.685 6431187.893 6157519.996 6396978.674 6054893.744 6807478.747 6260143.209 6191725.71 6157516.45 1265711.609 0 0 0 0 0 0 
0 0 0 0 0 0 1813046.361 5815432.281 6020683.557 6123309.507 6225935.492 6089102.246 6533812.525 5918060.969 6431188.001 5918061.611 6260146.342 6773273.283 6225938.187 5712811.465 6465397.412 6294355.103 6362771.857 5575977.349 6636439.018 5712810.614 5952269.379 6157519.632 5918060.071 5712808.897 5610183.025 5918058.284 6123308.043 1813046.409 0 0 0 0 0 0 
0 0 0 0 0 0 2223547.437 5849640.689 6054892.011 6910103.515 5849642.646 5233891.259 6157519.638 5883852.48 5404934.598 6704855.929 6157520.99 6636439.477 6054895.909 5644394.557 6465397.418 6089104.404 6260146.516 5336518.188 5336517.954 4857599.445 6499604.482 6294353.42 6499603.536 6294352.369 5952267.365 5883849.879 6739059.76 2086713.752 0 0 0 0 0 0 
0 0 0 0 0 0 1334128.48 6294350.198 5747016.033 5849641.979 5439141.404 6533811.959 6191728.015 6875897.321 6978523.112 6362771.389 6294354.71 5986478.814 6944315.609 5883853.656 5678602.922 6875898.697 5781228.159 5815436.422 6396979.764 6602230.185 5439142.616 6089102.698 5712809.357 6054893.231 6294351.642 6191725.634 5678598.567 1744629.527 0 0 0 0 0 0 
0 0 0 0 0 0 410501.0452 5952265.791 6910102.527 5541765.981 5541766.503 5473350.166 5747018.103 5986477.675 6089103.312 6602230.354 6020686.985 6260146.327 5610185.91 6602230.991 6568022.568 5097059.143 5781228.006 6499605.287 6328562.774 6602230.051 5610184.797 7491648.597 6431186.488 6636436.438 6568018.967 5849641.232 6773267.991 547334.7397 0 0 0 0 0 0 
0 0 0 0 0 0 0 5268097.204 5849641.114 5439140.572 6362768.833 7081146.58 5712809.572 5781226.816 6191728.453 6123311.926 6157520.674 6362771.604 6704856.201 6260146.334 6533813.894 6328563.111 5712810.853 6260145.901 6978523.126 6431187.635 6020685.936 5439142.021 5541766.828 6328560.481 5268098.429 6328558.922 5097055.122 0 0 0 0 0 0 0 
0 0 0 0 0 0 0 3249800.108 6328558.741 5507557.218 6499602.281 5747017.276 6362769.746 6054894.069 5883852.29 6328562.217 7217982.151 6054895.211 5815436.107 6054895.358 5678602.508 6362771.377 6157520.476 7183773.736 6225936.99 6123311.394 6568020.664 6533811.836 6396977.604 6089101.075 7081144.9 5781224.05 3933968.641 0 0 0 0 0 0 0 
0 0 0 0 0 0 0 923627.364 5336514.107 6396976.006 6089100.661 6636436.247 5473350.049 6807479.5 6294353.215 5439142.591 5815435.577 6089103.328 6465396.378 6362771.109 5918061.374 5747019.074 5986477.961 6704855.071 6704854.879 5815435.225 6294352.901 6020685.002 6739061.618 5781224.893 6499601.449 5712806.815 855210.5452 0 0 0 0 0 0 0 
0 0 0 0 0 0 0 0 3728718.001 6123308.177 6123308.931 6944311.795 5918059.189 6089101.775 6465394.979 6328561.45 6054894.379 5815435.638 5952269.349 6191728.698 6602229.763 6054894.605 6191728.272 6499604.152 6465395.496 6499603.515 5781226.041 5644391.864 5507557.645 6123308.96 5986474.539 3899760.251 0 0 0 0 0 0 0 0 
0 0 0 0 0 0 0 0 478917.9091 4823387.818 6328559.025 5815433.271 6875895.063 5883850.91 6568019.83 5849643.147 5575975.769 6396978.472 6294353.417 6157519.537 5815435.186 6123311.016 5986477.217 5849643.359 5883851.542 6499603.089 6499602.828 6568019.102 5439140.363 5952266.206 5199680.4 581543.1848 0 0 0 0 0 0 0 0 
0 0 0 0 0 0 0 0 0 1847254.749 5986474.281 5986474.721 5747016.149 6294351.577 6294351.692 6602228.161 6157518.631 5678600.912 5575975.768 5849643.101 6533812.073 5815434.676 5507558.561 6260143.997 6191726.935 6499602.72 5849642.094 6020683.53 5781224.226 6054891.031 1642004.337 0 0 0 0 0 0 0 0 0 
0 0 0 0 0 0 0 0 0 0 2634048.617 6020682.738 6123308.493 5815433.224 6636435.843 6328559.971 5404932.539 6396977.33 6362769.056 5918059.475 5815434.399 5781225.768 5986476.407 5849642.262 5781225.26 6260142.776 5473348.733 5883849.426 5473347.823 2326172.761 0 0 0 0 0 0 0 0 0 0 
0 0 0 0 0 0 0 0 0 0 0 2155130.666 5370722.522 6773268.563 6157516.807 6773269.231 5918058.544 6910103.26 6602227.452 5849641.97 6225934.786 6089100.86 6054892.271 6739060.882 6773269.238 6568018.068 6260141.832 5233889.143 1642004.273 0 0 0 0 0 0 0 0 0 0 0 
0 0 0 0 0 0 0 0 0 0 0 0 615751.5672 3626092.762 5986474.338 5507556.654 5883849.557 6704851.894 6602226.949 5678599.332 6294350.989 6533810.182 6020683.637 5883849.529 5712807.266 6260141.277 3899760.303 615751.5369 0 0 0 0 0 0 0 0 0 0 0 0 
0 0 0 0 0 0 0 0 0 0 0 0 0 0 1265711.544 3591884.455 5233888.941 6157516.306 6431184.023 6020683 6294350.362 6089099.462 6431183.655 5473347.865 3557676.028 1026252.567 0 0 0 0 0 0 0 0 0 0 0 0 0 0 
0 0 0 0 0 0 0 0 0 0 0 0 0 0 0 0 0 547334.743 1710421.072 1949879.987 1265711.628 1402545.489 547334.7395 0 0 0 0 0 0 0 0 0 0 0 0 0 0 0 0 0 
0 0 0 0 0 0 0 0 0 0 0 0 0 0 0 0 0 0 0 0 0 0 0 0 0 0 0 0 0 0 0 0 0 0 0 0 0 0 0 0 
0 0 0 0 0 0 0 0 0 0 0 0 0 0 0 0 0 0 0 0 0 0 0 0 0 0 0 0 0 0 0 0 0 0 0 0 0 0 0 0 
0 0 0 0 0 0 0 0 0 0 0 0 0 0 0 0 0 0 0 0 0 0 0 0 0 0 0 0 0 0 0 0 0 0 0 0 0 0 0 0 
0 0 0 0 0 0 0 0 0 0 0 0 0 0 0 0 0 0 0 0 0 0 0 0 0 0 0 0 0 0 0 0 0 0 0 0 0 0 0 0 
0 0 0 0 0 0 0 0 0 0 0 0 0 0 0 0 0 0 0 0 0 0 0 0 0 0 0 0 0 0 0 0 0 0 0 0 0 0 0 0 
0 0 0 0 0 0 0 0 0 0 0 0 0 0 0 0 0 0 0 0 0 0 0 0 0 0 0 0 0 0 0 0 0 0 0 0 0 0 0 0 
# Errors [psd_source/PSD_source.dat] I_err:
0 0 0 0 0 0 0 0 0 0 0 0 0 0 0 0 0 0 0 0 0 0 0 0 0 0 0 0 0 0 0 0 0 0 0 0 0 0 0 0 
0 0 0 0 0 0 0 0 0 0 0 0 0 0 0 0 0 0 0 0 0 0 0 0 0 0 0 0 0 0 0 0 0 0 0 0 0 0 0 0 
0 0 0 0 0 0 0 0 0 0 0 0 0 0 0 0 0 0 0 0 0 0 0 0 0 0 0 0 0 0 0 0 0 0 0 0 0 0 0 0 
0 0 0 0 0 0 0 0 0 0 0 0 0 0 0 0 0 0 0 0 0 0 0 0 0 0 0 0 0 0 0 0 0 0 0 0 0 0 0 0 
0 0 0 0 0 0 0 0 0 0 0 0 0 0 0 0 0 0 0 0 0 0 0 0 0 0 0 0 0 0 0 0 0 0 0 0 0 0 0 0 
0 0 0 0 0 0 0 0 0 0 0 0 0 0 0 0 0 0 0 0 0 0 0 0 0 0 0 0 0 0 0 0 0 0 0 0 0 0 0 0 
0 0 0 0 0 0 0 0 0 0 0 0 0 0 0 0 0 160451.7108 216353.0568 239458.9622 249041.0702 221695.9098 108176.526 0 0 0 0 0 0 0 0 0 0 0 0 0 0 0 0 0 
0 0 0 0 0 0 0 0 0 0 0 0 0 0 181013.9627 313525.3699 439415.1724 428630.3479 439415.1853 452534.916 490983.2603 460227.2796 435402.1586 446023.2795 336913.8939 196512.4136 0 0 0 0 0 0 0 0 0 0 0 0 0 0 
0 0 0 0 0 0 0 0 0 0 0 0 152984.7269 379389.756 453826.0322 440744.7595 487395.0531 442070.3183 469042.3362 456397.3646 483780.2329 460227.3315 431351.8817 447333.2297 470288.0994 443391.8635 387024.1307 145134.0489 0 0 0 0 0 0 0 0 0 0 0 0 
0 0 0 0 0 0 0 0 0 0 0 246680.4503 453826.0275 475238.6412 440744.7526 453826.094 449941.6769 451240.2136 462763.1087 476468.3541 447333.3089 447333.3071 484988.2356 475238.7107 484988.1942 453826.0692 462763.0069 400399.3329 249041.079 0 0 0 0 0 0 0 0 0 0 0 
0 0 0 0 0 0 0 0 0 0 264977.2874 453826.0275 456397.3383 475238.6882 448639.3786 423134.951 453826.1603 456397.4568 460227.4422 502759.281 423134.9955 446023.4271 431351.9578 476468.3635 452535.0229 447333.2903 444709.5806 434056.2728 464025.6312 267176.3089 0 0 0 0 0 0 0 0 0 0 
0 0 0 0 0 0 0 0 0 213631.5326 464025.65 440744.7569 447333.2702 452535.0246 506238.5904 442070.4199 421749.955 453826.2286 455113.684 442070.4652 429993.4258 462763.2048 462763.1817 461497.0536 458954.3354 449941.7084 449941.676 456397.3804 483780.2329 451240.1141 246680.4358 0 0 0 0 0 0 0 0 0 
0 0 0 0 0 0 0 0 156762.6801 453826.0297 475238.6488 448639.3626 456397.4158 460227.4295 469042.4728 411924.153 474006.0436 472770.0721 462763.2317 458954.4068 428630.556 462763.2304 439415.3879 427263.3009 442070.4433 448639.4525 443391.9925 462763.1165 453826.1011 423134.8783 428630.327 132488.6549 0 0 0 0 0 0 0 0 
0 0 0 0 0 0 0 0 311653.5681 469042.3015 456397.3748 460227.3848 446023.4236 444709.6904 487395.2424 466540.9373 486193.3152 455113.7424 453826.2945 421750.0364 472770.1225 452535.1924 435402.4098 448639.5199 448639.5064 453826.2342 440744.8963 453826.1849 462763.1063 475238.6924 449941.5892 355504.3653 0 0 0 0 0 0 0 0 
0 0 0 0 0 0 0 167586.3699 478917.9421 460227.3372 451240.195 448639.4118 453826.2087 452535.1182 447333.4214 438081.8244 460227.5573 460227.5749 434056.5182 462763.2825 447333.4796 462763.2852 489790.4065 475238.9114 451240.3627 442070.4848 421749.9684 448639.4535 435402.2904 423134.9307 456397.3593 442070.2633 167586.3682 0 0 0 0 0 0 0 
0 0 0 0 0 0 0 348858.8344 440744.7352 482569.2929 431351.9263 480138.2857 456397.5042 464025.8745 475238.8839 493361.206 432706.4217 455113.8005 469042.6146 460227.6007 472770.1704 442070.5727 458954.4892 432706.4231 465285.1553 483780.4427 471530.8254 448639.4692 483780.3525 448639.3928 429993.3032 462763.0129 338646.1116 0 0 0 0 0 0 0 
0 0 0 0 0 0 0 435402.1485 434056.2878 442070.3491 472769.9733 448639.4491 421749.978 476468.4708 477694.9347 452535.2135 466541.035 453826.3631 480138.4678 425891.7681 453826.3699 461497.2135 489790.4451 431352.1133 465285.1823 448639.5409 480138.3727 472770.0502 435402.3269 481355.3439 474005.9317 480138.1591 436743.9148 0 0 0 0 0 0 0 
0 0 0 0 0 0 152984.7127 471530.591 469042.3411 462763.0954 482569.3697 478918.141 397466.1716 478918.2138 447333.4763 477694.9762 461497.2094 471530.9426 440745.0546 449941.9264 466541.0663 476468.5845 461497.2156 467793.5043 469042.6024 464025.9365 457677.7854 449941.7931 465285.0679 476468.3746 420360.2498 447333.2419 457677.5222 156762.6851 0 0 0 0 0 0 
0 0 0 0 0 0 239458.9561 457677.5347 461496.9407 482569.3298 460227.4386 464025.8498 480138.3669 456397.5734 465285.1737 461497.1977 472770.1795 439415.5053 472770.2018 442070.6199 478918.3223 466541.0722 432706.4762 456397.6418 458954.4942 469042.5837 458954.4428 467793.4102 455113.6833 482569.3737 462763.1019 460227.3475 458954.1785 208081.7068 0 0 0 0 0 0 
0 0 0 0 0 0 249041.0706 446023.2955 453826.0986 457677.641 461497.0429 456397.5091 472770.0819 449941.8436 469042.5916 449941.8924 462763.3335 481355.572 461497.2426 442070.6235 470288.4609 464026.0146 466541.0682 436744.2527 476468.5537 442070.5576 451240.3771 458954.4157 449941.7753 442070.4247 438081.694 449941.6395 457677.5315 249041.0772 0 0 0 0 0 0 
0 0 0 0 0 0 275797.1162 447333.2039 455113.553 486193.1867 447333.3535 423135.0293 458954.4161 448639.5456 429993.509 478918.2806 458954.5169 476468.5866 455113.846 439415.5203 470288.4613 456397.6708 462763.3464 427263.4026 427263.3839 407640.69 471530.8687 464025.8905 471530.8 464025.813 451240.2245 448639.3473 480138.1276 267176.3182 0 0 0 0 0 0 
0 0 0 0 0 0 213631.5305 464025.653 443391.9131 447333.3025 431351.9715 472770.0409 460227.5189 484988.4031 488594.3465 466541.0339 464025.9856 452535.262 487395.4063 448639.6353 440745.0643 484988.5001 444709.8584 446023.613 467793.4899 475238.9277 431352.0677 456397.5429 442070.4604 455113.6447 464025.7594 460227.3419 440744.7263 244296.9981 0 0 0 0 0 0 
0 0 0 0 0 0 118501.4445 451240.1051 486193.1172 435402.2561 435402.2971 432706.3239 443392.0728 452535.1759 456397.589 475238.9399 453826.3571 462763.3324 438081.9192 475238.9857 474006.1997 417567.3551 444709.8466 471530.927 465285.1888 475238.9181 438081.8323 506238.6983 469042.4812 476468.3685 474005.9399 447333.2454 481355.1959 136833.6849 0 0 0 0 0 0 
0 0 0 0 0 0 0 424515.3704 447333.2364 431351.9056 466540.8465 492173.71 442070.477 444709.755 460227.5514 457677.8217 458954.4934 466541.0497 478918.3001 462763.3329 472770.1809 465285.2136 442070.5761 462763.301 488594.3475 469042.5649 453826.278 431352.0205 435402.3226 465285.0202 424515.4691 465284.9057 417567.0256 0 0 0 0 0 0 0 
0 0 0 0 0 0 0 333422.456 465284.8923 434056.3157 471530.709 443392.009 466540.9134 455113.7077 448639.5311 465285.1479 496906.3837 455113.7935 446023.5889 455113.8046 440745.0322 466541.033 458954.4786 495727.4841 461497.154 457677.782 474006.0623 472770.0321 467793.332 456397.4213 492173.5932 444709.5423 366844.4673 0 0 0 0 0 0 0 
0 0 0 0 0 0 0 177752.1691 427263.0758 467793.2151 456397.3903 476468.3547 432706.3146 482569.4271 464025.8754 431352.0657 446023.5482 456397.5902 470288.3857 466541.0134 449941.8744 443392.1477 452535.1975 478918.2194 478918.2057 446023.5213 464025.8522 453826.2076 480138.26 444709.6071 471530.6486 442070.2636 171042.109 0 0 0 0 0 0 0 
0 0 0 0 0 0 0 0 357146.4111 457677.5415 457677.5979 487395.1387 449941.7082 456397.4738 470288.284 465285.0915 455113.731 446023.553 451240.3748 460227.5697 475238.8973 455113.748 460227.538 471530.8448 470288.3216 471530.7985 444709.6954 439415.3107 434056.3493 457677.6 452534.9389 365246.0119 0 0 0 0 0 0 0 0 
0 0 0 0 0 0 0 0 127996.1951 406202.5317 465284.9132 446023.3714 484988.2438 448639.4259 474006.0021 447333.3918 436744.129 467793.3954 464025.8903 458954.4086 446023.5183 457677.7537 452535.1413 447333.408 448639.4741 471530.7676 471530.7487 474005.9496 431351.889 451240.1366 421749.772 141044.9398 0 0 0 0 0 0 0 0 
0 0 0 0 0 0 0 0 0 251379.531 452534.9194 452534.9526 443391.9221 464025.7547 464025.7631 475238.782 458954.341 440744.9083 436744.1289 447333.3883 472770.0492 446023.4792 434056.4215 462763.1602 460227.4386 471530.7409 447333.3113 453826.0966 444709.5558 455113.4793 237002.9114 0 0 0 0 0 0 0 0 0 
0 0 0 0 0 0 0 0 0 0 300177.6988 453826.0369 457677.5651 446023.3678 476468.3258 465284.9827 429993.3452 467793.3119 466540.8628 449941.73 446023.4579 444709.6745 452535.0801 447333.3242 444709.6354 462763.07 432706.2106 448639.3127 432706.1387 282089.8823 0 0 0 0 0 0 0 0 0 0 
0 0 0 0 0 0 0 0 0 0 0 271520.9422 428630.3205 481355.2366 458954.2051 481355.284 449941.6593 486193.1687 475238.731 447333.3018 461496.9906 456397.4052 455113.5726 480138.2076 481355.2845 474005.875 462763.0002 423134.8582 237002.9023 0 0 0 0 0 0 0 0 0 0 0 
0 0 0 0 0 0 0 0 0 0 0 0 145134.0362 352197.2635 452534.9237 434056.2712 448639.3228 478917.9924 475238.6948 440744.7857 464025.7113 472769.9124 453826.1047 448639.3206 442070.2985 462762.9591 365246.0168 145134.0291 0 0 0 0 0 0 0 0 0 0 0 0 
0 0 0 0 0 0 0 0 0 0 0 0 0 0 208081.696 350532.0301 423134.8419 458954.1677 469042.3014 453826.0566 464025.665 456397.3004 469042.2746 432706.142 348858.8363 187367.2268 0 0 0 0 0 0 0 0 0 0 0 0 0 0 
0 0 0 0 0 0 0 0 0 0 0 0 0 0 0 0 0 136833.6857 241890.0678 258267.9135 208081.7099 219040.8053 136833.6849 0 0 0 0 0 0 0 0 0 0 0 0 0 0 0 0 0 
0 0 0 0 0 0 0 0 0 0 0 0 0 0 0 0 0 0 0 0 0 0 0 0 0 0 0 0 0 0 0 0 0 0 0 0 0 0 0 0 
0 0 0 0 0 0 0 0 0 0 0 0 0 0 0 0 0 0 0 0 0 0 0 0 0 0 0 0 0 0 0 0 0 0 0 0 0 0 0 0 
0 0 0 0 0 0 0 0 0 0 0 0 0 0 0 0 0 0 0 0 0 0 0 0 0 0 0 0 0 0 0 0 0 0 0 0 0 0 0 0 
0 0 0 0 0 0 0 0 0 0 0 0 0 0 0 0 0 0 0 0 0 0 0 0 0 0 0 0 0 0 0 0 0 0 0 0 0 0 0 0 
0 0 0 0 0 0 0 0 0 0 0 0 0 0 0 0 0 0 0 0 0 0 0 0 0 0 0 0 0 0 0 0 0 0 0 0 0 0 0 0 
0 0 0 0 0 0 0 0 0 0 0 0 0 0 0 0 0 0 0 0 0 0 0 0 0 0 0 0 0 0 0 0 0 0 0 0 0 0 0 0 
# Events [psd_source/PSD_source.dat] N:
0 0 0 0 0 0 0 0 0 0 0 0 0 0 0 0 0 0 0 0 0 0 0 0 0 0 0 0 0 0 0 0 0 0 0 0 0 0 0 0 
0 0 0 0 0 0 0 0 0 0 0 0 0 0 0 0 0 0 0 0 0 0 0 0 0 0 0 0 0 0 0 0 0 0 0 0 0 0 0 0 
0 0 0 0 0 0 0 0 0 0 0 0 0 0 0 0 0 0 0 0 0 0 0 0 0 0 0 0 0 0 0 0 0 0 0 0 0 0 0 0 
0 0 0 0 0 0 0 0 0 0 0 0 0 0 0 0 0 0 0 0 0 0 0 0 0 0 0 0 0 0 0 0 0 0 0 0 0 0 0 0 
0 0 0 0 0 0 0 0 0 0 0 0 0 0 0 0 0 0 0 0 0 0 0 0 0 0 0 0 0 0 0 0 0 0 0 0 0 0 0 0 
0 0 0 0 0 0 0 0 0 0 0 0 0 0 0 0 0 0 0 0 0 0 0 0 0 0 0 0 0 0 0 0 0 0 0 0 0 0 0 0 
0 0 0 0 0 0 0 0 0 0 0 0 0 0 0 0 0 22 40 49 53 42 10 0 0 0 0 0 0 0 0 0 0 0 0 0 0 0 0 0 
0 0 0 0 0 0 0 0 0 0 0 0 0 0 28 84 165 157 165 175 206 181 162 170 97 33 0 0 0 0 0 0 0 0 0 0 0 0 0 0 
0 0 0 0 0 0 0 0 0 0 0 0 20 123 176 166 203 167 188 178 200 181 159 171 189 168 128 18 0 0 0 0 0 0 0 0 0 0 0 0 
0 0 0 0 0 0 0 0 0 0 0 52 176 193 166 176 173 174 183 194 171 171 201 193 201 176 183 137 53 0 0 0 0 0 0 0 0 0 0 0 
0 0 0 0 0 0 0 0 0 0 60 176 178 193 172 153 176 178 181 216 153 170 159 194 175 171 169 161 184 61 0 0 0 0 0 0 0 0 0 0 
0 0 0 0 0 0 0 0 0 39 184 166 171 175 219 167 152 176 177 167 158 183 183 182 180 173 173 178 200 174 52 0 0 0 0 0 0 0 0 0 
0 0 0 0 0 0 0 0 21 176 193 172 178 181 188 145 192 191 183 180 157 183 165 156 167 172 168 183 176 153 157 15 0 0 0 0 0 0 0 0 
0 0 0 0 0 0 0 0 83 188 178 181 170 169 203 186 202 177 176 152 191 175 162 172 172 176 166 176 183 193 173 108 0 0 0 0 0 0 0 0 
0 0 0 0 0 0 0 24 196 181 174 172 176 175 171 164 181 181 161 183 171 183 205 193 174 167 152 172 162 153 178 167 24 0 0 0 0 0 0 0 
0 0 0 0 0 0 0 104 166 199 159 197 178 184 193 208 160 177 188 181 191 167 180 160 185 200 190 172 200 172 158 183 98 0 0 0 0 0 0 0 
0 0 0 0 0 0 0 162 161 167 191 172 152 194 195 175 186 176 197 155 176 182 205 159 185 172 197 191 162 198 192 197 163 0 0 0 0 0 0 0 
0 0 0 0 0 0 20 190 188 183 199 196 135 196 171 195 182 190 166 173 186 194 182 187 188 184 179 173 185 194 151 171 179 21 0 0 0 0 0 0 
0 0 0 0 0 0 49 179 182 199 181 184 197 178 185 182 191 165 191 167 196 186 160 178 180 188 180 187 177 199 183 181 180 37 0 0 0 0 0 0 
0 0 0 0 0 0 53 170 176 179 182 178 191 173 188 173 183 198 182 167 189 184 186 163 194 167 174 180 173 167 164 173 179 53 0 0 0 0 0 0 
0 0 0 0 0 0 65 171 177 202 171 153 180 172 158 196 180 194 177 165 189 178 183 156 156 142 190 184 190 184 174 172 197 61 0 0 0 0 0 0 
0 0 0 0 0 0 39 184 168 171 159 191 181 201 204 186 184 175 203 172 166 201 169 170 187 193 159 178 167 177 184 181 166 51 0 0 0 0 0 0 
0 0 0 0 0 0 12 174 202 162 162 160 168 175 178 193 176 183 164 193 192 149 169 190 185 193 164 219 188 194 192 171 198 16 0 0 0 0 0 0 
0 0 0 0 0 0 0 154 171 159 186 207 167 169 181 179 180 186 196 183 191 185 167 183 204 188 176 159 162 185 154 185 149 0 0 0 0 0 0 0 
0 0 0 0 0 0 0 95 185 161 190 168 186 177 172 185 211 177 170 177 166 186 180 210 182 179 192 191 187 178 207 169 115 0 0 0 0 0 0 0 
0 0 0 0 0 0 0 27 156 187 178 194 160 199 184 159 170 178 189 186 173 168 175 196 196 170 184 176 197 169 190 167 25 0 0 0 0 0 0 0 
0 0 0 0 0 0 0 0 109 179 179 203 173 178 189 185 177 170 174 181 193 177 181 190 189 190 169 165 161 179 175 114 0 0 0 0 0 0 0 0 
0 0 0 0 0 0 0 0 14 141 185 170 201 172 192 171 163 187 184 180 170 179 175 171 172 190 190 192 159 174 152 17 0 0 0 0 0 0 0 0 
0 0 0 0 0 0 0 0 0 54 175 175 168 184 184 193 180 166 163 171 191 170 161 183 181 190 171 176 169 177 48 0 0 0 0 0 0 0 0 0 
0 0 0 0 0 0 0 0 0 0 77 176 179 170 194 185 158 187 186 173 170 169 175 171 169 183 160 172 160 68 0 0 0 0 0 0 0 0 0 0 
0 0 0 0 0 0 0 0 0 0 0 63 157 198 180 198 173 202 193 171 182 178 177 197 198 192 183 153 48 0 0 0 0 0 0 0 0 0 0 0 
0 0 0 0 0 0 0 0 0 0 0 0 18 106 175 161 172 196 193 166 184 191 176 172 167 183 114 18 0 0 0 0 0 0 0 0 0 0 0 0 
0 0 0 0 0 0 0 0 0 0 0 0 0 0 37 105 153 180 188 176 184 178 188 160 104 30 0 0 0 0 0 0 0 0 0 0 0 0 0 0 
0 0 0 0 0 0 0 0 0 0 0 0 0 0 0 0 0 16 50 57 37 41 16 0 0 0 0 0 0 0 0 0 0 0 0 0 0 0 0 0 
0 0 0 0 0 0 0 0 0 0 0 0 0 0 0 0 0 0 0 0 0 0 0 0 0 0 0 0 0 0 0 0 0 0 0 0 0 0 0 0 
0 0 0 0 0 0 0 0 0 0 0 0 0 0 0 0 0 0 0 0 0 0 0 0 0 0 0 0 0 0 0 0 0 0 0 0 0 0 0 0 
0 0 0 0 0 0 0 0 0 0 0 0 0 0 0 0 0 0 0 0 0 0 0 0 0 0 0 0 0 0 0 0 0 0 0 0 0 0 0 0 
0 0 0 0 0 0 0 0 0 0 0 0 0 0 0 0 0 0 0 0 0 0 0 0 0 0 0 0 0 0 0 0 0 0 0 0 0 0 0 0 
0 0 0 0 0 0 0 0 0 0 0 0 0 0 0 0 0 0 0 0 0 0 0 0 0 0 0 0 0 0 0 0 0 0 0 0 0 0 0 0 
0 0 0 0 0 0 0 0 0 0 0 0 0 0 0 0 0 0 0 0 0 0 0 0 0 0 0 0 0 0 0 0 0 0 0 0 0 0 0 0 
