# Format: McCode with text headers
# URL: http://www.mccode.org
# Creator: McStas 2.5 - Dec. 12, 2018
# Instrument: ESS_HEIMDAL.instr
# Ncount: 250000
# Trace: no
# Gravitation: no
# Seed: 1565866486
# Directory: TauScan/21
# Nodes: 4
# Param: lmax=4
# Param: lmin=0.5
# Param: T=200
# Param: tau=210
# Param: use_CoFe2O4=1
# Param: use_CoFe=1
# Param: use_magn=1
# Date: Wed Aug 14 15:25:53 2019 (1565789153)
# type: array_2d(40, 40)
# Source: ESS_HEIMDAL (ESS_HEIMDAL.instr)
# component: psd_source
# position: 0 0 0.01
# title: PSD monitor
# Ncount: 1000000
# filename: PSD_source.dat
# statistics: X0=0.00686325; dX=5.00454; Y0=-0.0057165; dY=5.00426;
# signal: Min=0; Max=6.66722e+06; Mean=2.13803e+06;
# values: 3.42084e+09 3.42084e+06 1e+06
# xvar: X 
# yvar: Y 
# xlabel: X position [cm]
# ylabel: Y position [cm]
# zvar: I
# zlabel: Signal per bin
# xylimits: -15 15 -15 15
# variables: I I_err N
# Data [psd_source/PSD_source.dat] I:
0 0 0 0 0 0 0 0 0 0 0 0 0 0 0 0 0 0 0 0 0 0 0 0 0 0 0 0 0 0 0 0 0 0 0 0 0 0 0 0 
0 0 0 0 0 0 0 0 0 0 0 0 0 0 0 0 0 0 0 0 0 0 0 0 0 0 0 0 0 0 0 0 0 0 0 0 0 0 0 0 
0 0 0 0 0 0 0 0 0 0 0 0 0 0 0 0 0 0 0 0 0 0 0 0 0 0 0 0 0 0 0 0 0 0 0 0 0 0 0 0 
0 0 0 0 0 0 0 0 0 0 0 0 0 0 0 0 0 0 0 0 0 0 0 0 0 0 0 0 0 0 0 0 0 0 0 0 0 0 0 0 
0 0 0 0 0 0 0 0 0 0 0 0 0 0 0 0 0 0 0 0 0 0 0 0 0 0 0 0 0 0 0 0 0 0 0 0 0 0 0 0 
0 0 0 0 0 0 0 0 0 0 0 0 0 0 0 0 0 0 0 0 0 0 0 0 0 0 0 0 0 0 0 0 0 0 0 0 0 0 0 0 
0 0 0 0 0 0 0 0 0 0 0 0 0 0 0 0 0 571280.6571 1412807.875 1901988.265 1912250.834 1522274.796 588384.8686 0 0 0 0 0 0 0 0 0 0 0 0 0 0 0 0 0 
0 0 0 0 0 0 0 0 0 0 0 0 0 0 851789.7111 3345583.676 5350197.396 6266983.292 5983053.49 6003578.579 6065153.805 5955686.671 5781223.713 5199680.329 3612409.514 899681.4886 0 0 0 0 0 0 0 0 0 0 0 0 0 0 
0 0 0 0 0 0 0 0 0 0 0 0 571280.6494 3937389.527 6054891.034 6328558.731 6136991.884 6376451.109 6178042.246 6143833.864 6044629.518 6130150.466 6184883.824 6325138.24 6352504.746 6058311.933 3923706.089 649959.9913 0 0 0 0 0 0 0 0 0 0 0 0 
0 0 0 0 0 0 0 0 0 0 0 1754892.088 5487031.193 5914636.867 6136991.988 5952266.787 6171200.953 6284089.025 5996738.183 6301193.444 5935163.126 6219093.093 6174622.051 5969371.259 6225934.251 6243038.15 6314875.401 5777802.731 1652266.806 0 0 0 0 0 0 0 0 0 0 0 
0 0 0 0 0 0 0 0 0 0 2278280.966 5942003.321 6256721.354 5969370.991 6034367.308 6263564.183 6044630.363 6102784.94 6160939.373 5921480.417 6277248.036 6092522.513 6249881.172 6099363.916 6195147.26 6136992.618 6089100.465 5935162.093 6054891.079 2042242.816 0 0 0 0 0 0 0 0 0 0 
0 0 0 0 0 0 0 0 0 1693316.931 6465392.217 6225933.754 6184884.142 6140413.631 6136993.233 6212251.986 6154097.966 6366190.434 6201990.042 6181465.085 6085681.332 6171202.455 6266985.932 6225935.621 6304614.831 6106205.565 6386714.338 6106204.792 6212250.4 6266983.266 1720683.655 0 0 0 0 0 0 0 0 0 
0 0 0 0 0 0 0 0 567859.8124 5541764.649 6318296.467 6181463.333 6058313.473 6126730.744 6311456.681 6352507.147 6113048.325 6239619.698 6201990.593 6051473.458 6123311.239 6007002.408 6198569.586 5938585.234 6150677.343 6041210 6075418.108 6051471.739 6212250.924 5993316.366 5709385.878 584964.0144 0 0 0 0 0 0 0 0 
0 0 0 0 0 0 0 0 3975018.761 5945424.434 6017262.743 6051471.703 6075418.097 6130152.052 6239619.392 6198569.538 6263565.833 6236199.319 6119890.712 6030948.799 6222516.094 5918060.904 6225936.75 5989898.255 6071998.385 6099364.783 5924901.401 6000159.57 6403818.629 6181463.165 6010420.417 3889497.704 0 0 0 0 0 0 0 0 
0 0 0 0 0 0 0 1053619.394 5873586.417 5996737.404 5996737.976 6335402.082 6061735.091 6089102.236 5928322.954 5890693.954 6243041.18 6164361.967 6167782.895 6048053.359 5972794.819 6195149.636 6222516.313 6198570.244 6181465.772 6294353.249 5719651.111 6270406.525 6232776.775 6246459.576 6260142.333 6030945.198 827843.8258 0 0 0 0 0 0 0 
0 0 0 0 0 0 0 3369529.634 5965949.482 5928320.813 6048050.949 6113047.529 5965951.738 5983056.426 6013844.354 6205411.91 6362771.019 6229358.322 6085682.938 6256725.235 6106208.068 5832540.413 5986478.315 6253304.011 6003582.121 6335403.714 6191727.875 6215673.38 6130151.733 5948846.556 6263563.5 6225933.504 3307954.48 0 0 0 0 0 0 0 
0 0 0 0 0 0 0 5514397.885 6215671.25 6017263.02 6136993.142 6246460.712 5907797.612 5897535.511 6198570.212 6260145.683 6013845.157 6208833.488 6256725.457 6017266.35 5983057.905 6068578.957 6215675.173 6342246.226 5921482.095 6157520.064 5931743.957 5955689.487 6239619.009 6140413.999 6208830.259 6174621.134 5121001.016 0 0 0 0 0 0 0 
0 0 0 0 0 0 663643.3865 6184883.078 5935162.293 6089100.909 6102784.89 6301194.397 6150677.754 6390137.302 6297774.879 5890694.658 6123312.351 6157520.976 6314879.989 6154100.328 6256725.676 6085683.357 6048053.949 6270408.691 5986478.313 6102786.738 6068577.926 5863326.857 6219094.119 6082259.845 6095942.59 6099362.769 6082257.818 602068.2281 0 0 0 0 0 0 
0 0 0 0 0 0 1402545.31 6051470.374 5976212.556 5904375.506 5996738.851 5959110.135 6314878.392 6304616.309 5750439.858 5918061.532 6355929.937 6260146.452 6147258.699 5948849.731 6376455.382 6078841.795 6017266.464 6048053.873 6229358.414 6003582.354 6109628.174 6232778.135 6044631.22 5993318.03 6007000.79 6071996.158 6253300.073 1525695.629 0 0 0 0 0 0 
0 0 0 0 0 0 1871200.708 6174620.772 6034366.93 6027525.922 6030947.384 5938585.113 6304615.935 5976215.301 6379875.319 6328562.973 6013845.498 6325142.575 6136996.223 6366192.912 6171204.732 6133575.363 6065158.343 6342246.619 6095945.541 6075420.145 6020686.274 6246461.577 6147256.601 5777804.927 6184884.708 6208829.925 5942003.472 2069609.563 0 0 0 0 0 0 
0 0 0 0 0 0 1963563.44 6154095.71 6140413.058 6065155.183 6492761.264 6136994.081 6147257.091 6007002.9 6342246.054 6017266.097 5736757.05 5938587.08 6249884.113 6208834.025 6007004.169 6095946.073 6294354.969 6003582.946 6078841.298 6140416.207 6328562.285 6219094.833 6095943.938 6116468.467 6222513.976 6301192.678 5918057.57 2035401.14 0 0 0 0 0 0 
0 0 0 0 0 0 1525695.633 6051470.366 6342242.746 6243038.993 6294352.264 6061735.447 6113048.599 6099365.642 5986478.14 6321721.229 5983057.83 6201992.094 6178046.318 6119891.994 6099366.92 6136996.164 5890695.19 6188308.528 5931744.918 6253304.004 6130153.243 5993319.044 6024106.176 6253302.129 6099363.566 6383292.86 5890690.771 1556483.2 0 0 0 0 0 0 
0 0 0 0 0 0 574701.4838 6123307.941 6277246.604 5989896.491 6263564.561 6061735.316 6154098.589 6109628.048 5955690.415 6188308.142 5959111.8 6239621.261 6024108.159 6266988.215 6054895.809 6277250.692 5996741.259 6208833.464 6513288.406 6212253.762 6147257.363 6458553.716 6667224.69 6013842.963 6116467.658 6287509.123 6249879.149 578122.3335 0 0 0 0 0 0 
0 0 0 0 0 0 0 5268097.26 6308034.009 6143834.21 6222514.248 6239618.994 6102785.766 6140415.487 6284091.279 5959111.378 6198570.775 6092524.732 6222516.98 5894115.923 6284092.23 6167783.425 6205412.639 6106207.946 6164362.089 6191728.504 6167782.245 6007002.12 6181464.678 6061734.575 6126729.993 5959108.033 5408351.775 0 0 0 0 0 0 0 
0 0 0 0 0 0 0 3328479.569 6208829.307 5955687.592 6058313.512 6051472.354 5989897.637 6243040.545 6335403.735 5952269.468 5965953.042 6136995.496 6167783.214 6246462.725 6157520.742 6164362.364 6133574.642 6051474.177 5880431.688 6167782.3 6136994.38 6024106.114 6109626.719 6109626.189 6215671.667 6273825.316 3338742.06 0 0 0 0 0 0 0 
0 0 0 0 0 0 0 909944.0229 6003578.441 5989895.757 6208830.276 5849642.31 6099364.358 5866747.382 5928322.94 6095944.597 5979636.159 6188307.853 6277249.954 6178045.504 6065157.588 6164362.049 6078840.783 6212253.588 6167782.385 6178044.545 6044631.29 6260144.01 6205409.993 5935162.877 6130150.283 6178041.421 981781.7193 0 0 0 0 0 0 0 
0 0 0 0 0 0 0 0 3875814.321 6181462.542 5835958.078 6034367.525 6085680.624 6246460.762 6044631.323 6061735.795 5863327.092 6082261.294 6044632.146 6017265.421 5918060.942 6102786.481 5931744.129 6024106.757 6188307.038 5753859.561 6178043.799 5935163.551 6236197.241 6154096.418 6178041.708 4084485.696 0 0 0 0 0 0 0 0 
0 0 0 0 0 0 0 0 533651.3779 5736752.663 6191725.331 5969371.003 5989896.601 6024105.463 5955688.837 6287511.104 6342244.785 6349086.719 6013844.058 6095944.421 6205411.446 6044631.716 6345665.88 5774384.714 6201989.943 5883851.166 5942005.141 6383293.599 6215671.701 5955687.179 5504135.397 622593.2746 0 0 0 0 0 0 0 0 
0 0 0 0 0 0 0 0 0 1648845.963 6164358.036 6054891.619 6376451.407 6044630.016 6054892.916 6191727 6191727.182 6143835.594 5918059.953 5945426.853 6017264.553 6154098.238 6113047.97 6027526.689 6260143.814 6058313.736 6191726.289 6260142.696 6061733.338 5883848.96 1652266.836 0 0 0 0 0 0 0 0 0 
0 0 0 0 0 0 0 0 0 0 2161972.288 6171199.794 6013841.477 6390134.62 6034367.335 6119888.741 6195147.517 6000159.578 6277248.029 6246460.498 5904376.154 6208831.177 6273827.07 6284089.402 6171201.356 6119888.317 6078837.894 5986474.694 6102782.87 2237230.843 0 0 0 0 0 0 0 0 0 0 
0 0 0 0 0 0 0 0 0 0 0 1679633.571 5552027.182 5900953.512 6198567.116 6318296.986 5924900.263 6246459.71 6007000.801 6116467.864 6099363.689 6119888.668 6020684.09 6379872.369 6287509.423 5983054.1 6208829.242 5938582.312 1573587.44 0 0 0 0 0 0 0 0 0 0 0 
0 0 0 0 0 0 0 0 0 0 0 0 626014.1244 4043435.597 6140412.13 5747015.526 6068574.951 5948845.686 6270405.012 6092521.283 6123308.814 5938583.225 6212250.574 6253300.504 6017262.193 6287508.335 3889497.651 602068.244 0 0 0 0 0 0 0 0 0 0 0 0 
0 0 0 0 0 0 0 0 0 0 0 0 0 0 913364.8715 3116387.366 5172313.576 6143833.011 6164358.124 6150674.758 6041207.791 6140412.224 6225933.258 5281780.638 3287429.412 923627.4239 0 0 0 0 0 0 0 0 0 0 0 0 0 0 
0 0 0 0 0 0 0 0 0 0 0 0 0 0 0 0 0 598647.3828 1429912.081 1922513.332 1922513.393 1628320.921 530230.5291 0 0 0 0 0 0 0 0 0 0 0 0 0 0 0 0 0 
0 0 0 0 0 0 0 0 0 0 0 0 0 0 0 0 0 0 0 0 0 0 0 0 0 0 0 0 0 0 0 0 0 0 0 0 0 0 0 0 
0 0 0 0 0 0 0 0 0 0 0 0 0 0 0 0 0 0 0 0 0 0 0 0 0 0 0 0 0 0 0 0 0 0 0 0 0 0 0 0 
0 0 0 0 0 0 0 0 0 0 0 0 0 0 0 0 0 0 0 0 0 0 0 0 0 0 0 0 0 0 0 0 0 0 0 0 0 0 0 0 
0 0 0 0 0 0 0 0 0 0 0 0 0 0 0 0 0 0 0 0 0 0 0 0 0 0 0 0 0 0 0 0 0 0 0 0 0 0 0 0 
0 0 0 0 0 0 0 0 0 0 0 0 0 0 0 0 0 0 0 0 0 0 0 0 0 0 0 0 0 0 0 0 0 0 0 0 0 0 0 0 
0 0 0 0 0 0 0 0 0 0 0 0 0 0 0 0 0 0 0 0 0 0 0 0 0 0 0 0 0 0 0 0 0 0 0 0 0 0 0 0 
# Errors [psd_source/PSD_source.dat] I_err:
0 0 0 0 0 0 0 0 0 0 0 0 0 0 0 0 0 0 0 0 0 0 0 0 0 0 0 0 0 0 0 0 0 0 0 0 0 0 0 0 
0 0 0 0 0 0 0 0 0 0 0 0 0 0 0 0 0 0 0 0 0 0 0 0 0 0 0 0 0 0 0 0 0 0 0 0 0 0 0 0 
0 0 0 0 0 0 0 0 0 0 0 0 0 0 0 0 0 0 0 0 0 0 0 0 0 0 0 0 0 0 0 0 0 0 0 0 0 0 0 0 
0 0 0 0 0 0 0 0 0 0 0 0 0 0 0 0 0 0 0 0 0 0 0 0 0 0 0 0 0 0 0 0 0 0 0 0 0 0 0 0 
0 0 0 0 0 0 0 0 0 0 0 0 0 0 0 0 0 0 0 0 0 0 0 0 0 0 0 0 0 0 0 0 0 0 0 0 0 0 0 0 
0 0 0 0 0 0 0 0 0 0 0 0 0 0 0 0 0 0 0 0 0 0 0 0 0 0 0 0 0 0 0 0 0 0 0 0 0 0 0 0 
0 0 0 0 0 0 0 0 0 0 0 0 0 0 0 0 0 44207.02447 69519.73071 80662.26956 80879.59263 72162.74609 44863.92564 0 0 0 0 0 0 0 0 0 0 0 0 0 0 0 0 0 
0 0 0 0 0 0 0 0 0 0 0 0 0 0 53979.97963 106979.9693 135285.5561 146418.449 143063.2151 143308.3973 144041.4388 142735.6496 140629.4969 133368.9864 111164.2183 55476.73719 0 0 0 0 0 0 0 0 0 0 0 0 0 0 
0 0 0 0 0 0 0 0 0 0 0 0 44207.02388 116056.8343 143919.5189 147136.0018 144891.9741 147691.6968 145375.7609 144972.7233 143797.5256 144811.1931 145456.232 147096.2381 147414.1071 143960.1698 115854.9941 47153.05372 0 0 0 0 0 0 0 0 0 0 0 0 
0 0 0 0 0 0 0 0 0 0 0 77480.37847 137004.6309 142242.8972 144891.9766 142694.6742 145295.2518 146618.1552 143226.7476 146817.5591 142489.519 145857.9544 145335.5226 142899.5544 145938.1498 146138.4694 146976.8507 140587.881 75180.74287 0 0 0 0 0 0 0 0 0 0 0 
0 0 0 0 0 0 0 0 0 0 88281.59424 142571.586 146298.5296 142899.548 143675.4121 146378.5227 143797.5457 144487.6211 145174.413 142325.1871 146538.3359 144366.0862 146218.5546 144447.1158 145576.8805 144891.9914 144325.5225 142489.4942 143919.52 83583.43429 0 0 0 0 0 0 0 0 0 0 
0 0 0 0 0 0 0 0 0 76108.93614 148718.1499 145938.1382 145456.2395 144932.3722 144892.0059 145777.716 145093.7896 147572.8413 145657.2689 145416.0502 144285.0165 145295.2872 146418.5107 145938.1819 146857.4191 144528.1057 147810.5159 144528.0874 145777.6788 146418.4484 76721.49213 0 0 0 0 0 0 0 0 0 
0 0 0 0 0 0 0 0 44074.46919 137686.2497 147016.6601 145416.009 143960.2064 144770.8091 146937.0852 147414.1628 144609.0765 146098.482 145657.2818 143878.9356 144730.4189 143349.2913 145617.1022 142530.6067 145053.4629 143756.8616 144163.2919 143878.8948 145777.6911 143185.8666 139753.0286 44733.31622 0 0 0 0 0 0 0 0 
0 0 0 0 0 0 0 0 116610.0868 142612.6262 143471.6377 143878.8939 144163.2916 144811.2306 146098.4748 145617.1011 146378.5613 146058.4384 144689.9933 143634.7376 145898.1144 142284.1025 145938.2084 143145.0625 144122.7262 144447.1363 142366.2952 143267.6066 148008.3104 145416.0051 143390.0349 115348.8548 0 0 0 0 0 0 0 0 
0 0 0 0 0 0 0 60035.53676 141748.4162 143226.729 143226.7426 147215.552 144000.8628 144325.5645 142407.4051 141954.736 146138.5403 145214.7525 145255.0415 143838.2809 142940.559 145576.9364 145898.1195 145617.1177 145416.0664 146737.8667 139878.6402 146458.4608 146018.3332 146178.5155 146338.5214 143634.6518 53215.81663 0 0 0 0 0 0 0 
0 0 0 0 0 0 0 107362.1413 142858.5807 142407.3537 143838.2235 144609.0577 142858.6348 143063.2853 143430.9082 145697.4576 147533.2203 145978.3129 144285.0545 146298.6203 144528.1649 141252.312 143104.203 146258.6119 143308.4818 147215.5899 145536.7169 145817.8604 144811.2231 142653.6788 146378.5068 145938.1323 106376.6447 0 0 0 0 0 0 0 
0 0 0 0 0 0 0 137345.8623 145817.8104 143471.6443 144892.0038 146178.5421 142160.663 142037.1449 145617.1169 146338.5997 143430.9274 145737.6285 146298.6255 143471.7237 143063.3207 144082.1562 145817.9025 147295.0777 142325.2274 145134.1397 142448.49 142735.7171 146098.4658 144932.3809 145737.5527 145335.501 132356.1 0 0 0 0 0 0 0 
0 0 0 0 0 0 47646.81837 145456.2145 142489.499 144325.533 144487.6199 146817.5813 145053.4726 147850.1447 146777.7541 141954.753 144730.4452 145134.1613 146976.9575 145093.8453 146298.6307 144285.0645 143838.2949 146458.5114 143104.203 144487.6637 144082.1317 141624.6 145857.9784 144244.4432 144406.5919 144447.0886 144244.3952 45382.60025 0 0 0 0 0 0 
0 0 0 0 0 0 69266.77566 143878.8623 142981.4125 142119.4684 143226.7635 142776.699 146976.9203 146857.4536 140254.6307 142284.1176 147453.8941 146338.6177 145013.1718 142653.755 147691.7958 144203.9401 143471.7264 143838.2931 145978.315 143308.4874 144568.6259 146018.3651 143797.566 143185.9063 143349.2527 144122.6734 146258.5197 72243.78189 0 0 0 0 0 0 
0 0 0 0 0 0 80006.76492 145335.4924 143675.4031 143593.9475 143634.7039 142530.6038 146857.4449 142981.4782 147731.3864 147136.1005 143430.9355 147096.339 144892.0766 147572.8988 145295.3408 144851.6882 144041.5465 147295.0868 144406.6618 144163.3402 143512.4781 146178.5623 145013.1223 140587.9344 145456.2528 145737.5448 142571.5897 84141.594 0 0 0 0 0 0 
0 0 0 0 0 0 81957.55448 145093.7364 144932.3587 144041.4715 149032.6179 144892.026 145013.1338 143349.3031 147295.0737 143471.7176 140087.6748 142530.651 146218.6234 145737.6411 143349.3333 144406.6744 146737.9068 143308.5015 144203.9283 144932.433 147136.0845 145857.9952 144406.6238 144649.5157 145898.0647 146817.5413 142284.0223 83443.31143 0 0 0 0 0 0 
0 0 0 0 0 0 72243.78208 143878.8621 147294.9969 146138.4891 146737.8438 144000.8712 144609.083 144447.1566 143104.1988 147056.5447 143063.3189 145657.3171 145375.8567 144690.0236 144447.1869 144892.0751 141954.7658 145496.543 142448.5131 146258.6117 144811.2587 143185.9306 143553.2204 146258.5678 144447.1075 147770.9108 141954.6593 72969.0579 0 0 0 0 0 0 
0 0 0 0 0 0 44339.18209 144730.3409 146538.3024 143145.0203 146378.5316 144000.8681 145093.8042 144568.6229 142735.7393 145496.5339 142776.7389 146098.5186 143553.2677 146418.5641 143919.6324 146538.3979 143226.821 145737.6279 149268.0423 145777.7576 145013.1402 148639.5155 151021.6364 143430.875 144649.4966 146658.0393 146218.5073 44470.94873 0 0 0 0 0 0 
0 0 0 0 0 0 0 134243.5486 146897.2169 144972.7315 145898.0711 146098.4655 144487.6407 144932.416 146618.2078 142776.7287 145617.1302 144366.1388 145898.1352 141995.9751 146618.23 145255.054 145697.4747 144528.162 145214.7554 145536.7316 145255.0262 143349.2844 145416.0407 144000.8505 144770.7913 142776.6486 136018.8181 0 0 0 0 0 0 0 
0 0 0 0 0 0 0 106706.1561 145737.5303 142735.6717 143960.2073 143878.9094 143145.0477 146138.5255 147215.5904 142694.7385 142858.666 144892.0594 145255.049 146178.5892 145134.1557 145214.7618 144851.6711 143878.9527 141831.0346 145255.0275 144892.033 143553.219 144568.5914 144568.5789 145817.8202 146498.3579 106870.5291 0 0 0 0 0 0 0 
0 0 0 0 0 0 0 55792.24772 143308.394 143145.0028 145737.5531 141459.2189 144447.1262 141665.9003 142407.4048 144406.6394 143022.3947 145496.5271 146538.3806 145375.8375 144041.5286 145214.7544 144203.9161 145777.7536 145255.0295 145375.815 143797.5677 146338.5606 145697.4126 142489.513 144811.1888 145375.7414 57952.7425 0 0 0 0 0 0 0 
0 0 0 0 0 0 0 0 115145.7753 145415.9904 141293.6519 143675.4173 144284.9997 146178.5433 143797.5685 144000.8795 141624.6057 144244.4776 143797.5881 143471.7015 142284.1034 144487.6576 142448.4941 143553.2343 145496.508 140296.3143 145375.7974 142489.5292 146058.3898 145093.7531 145375.7482 118204.8282 0 0 0 0 0 0 0 0 
0 0 0 0 0 0 0 0 42726.30496 140087.5676 145536.6571 142899.5483 143145.023 143553.2034 142735.7015 146658.0856 147295.0442 147374.4757 143430.9012 144406.6353 145697.4467 143797.5779 147334.7683 140546.3249 145657.2666 141872.2496 142571.6297 147770.9279 145817.821 142735.6618 137218.0005 46149.68394 0 0 0 0 0 0 0 0 
0 0 0 0 0 0 0 0 0 75102.87564 145214.6599 143919.5328 147691.7037 143797.5374 143919.5637 145536.6963 145536.7006 144972.7641 142284.0796 142612.6843 143471.6808 145093.796 144609.0681 143593.9658 146338.5561 143960.2126 145536.6796 146338.5299 144000.8211 141872.1964 75180.74423 0 0 0 0 0 0 0 0 0 
0 0 0 0 0 0 0 0 0 0 85998.6401 145295.2245 143430.8396 147850.0826 143675.4127 144689.9467 145576.8866 143267.6068 146538.3357 146178.5371 142119.484 145737.5742 146498.3988 146618.164 145295.2613 144689.9366 144203.8476 143104.1165 144487.5721 87482.64875 0 0 0 0 0 0 0 0 0 0 
0 0 0 0 0 0 0 0 0 0 0 75800.80192 137813.6781 142078.2645 145617.0442 147016.6722 142366.2679 146178.5186 143349.253 144649.5014 144447.1104 144689.9449 143512.426 147731.318 146658.0464 143063.2297 145737.5288 142530.5365 73368.89269 0 0 0 0 0 0 0 0 0 0 0 
0 0 0 0 0 0 0 0 0 0 0 0 46276.29567 117609.3343 144932.3368 140212.8218 144082.0611 142653.658 146458.4255 144366.0571 144730.3616 142530.5585 145777.6828 146258.5298 143471.6245 146658.021 115348.8532 45382.60144 0 0 0 0 0 0 0 0 0 0 0 0 
0 0 0 0 0 0 0 0 0 0 0 0 0 0 55897.02238 103250.5197 133017.552 144972.7032 145214.662 145053.402 143756.809 144932.339 145938.1265 134417.7781 106046.1101 56210.17498 0 0 0 0 0 0 0 0 0 0 0 0 0 0 
0 0 0 0 0 0 0 0 0 0 0 0 0 0 0 0 0 45253.48851 69939.28604 81096.33033 81096.33289 74633.96703 42589.14098 0 0 0 0 0 0 0 0 0 0 0 0 0 0 0 0 0 
0 0 0 0 0 0 0 0 0 0 0 0 0 0 0 0 0 0 0 0 0 0 0 0 0 0 0 0 0 0 0 0 0 0 0 0 0 0 0 0 
0 0 0 0 0 0 0 0 0 0 0 0 0 0 0 0 0 0 0 0 0 0 0 0 0 0 0 0 0 0 0 0 0 0 0 0 0 0 0 0 
0 0 0 0 0 0 0 0 0 0 0 0 0 0 0 0 0 0 0 0 0 0 0 0 0 0 0 0 0 0 0 0 0 0 0 0 0 0 0 0 
0 0 0 0 0 0 0 0 0 0 0 0 0 0 0 0 0 0 0 0 0 0 0 0 0 0 0 0 0 0 0 0 0 0 0 0 0 0 0 0 
0 0 0 0 0 0 0 0 0 0 0 0 0 0 0 0 0 0 0 0 0 0 0 0 0 0 0 0 0 0 0 0 0 0 0 0 0 0 0 0 
0 0 0 0 0 0 0 0 0 0 0 0 0 0 0 0 0 0 0 0 0 0 0 0 0 0 0 0 0 0 0 0 0 0 0 0 0 0 0 0 
# Events [psd_source/PSD_source.dat] N:
0 0 0 0 0 0 0 0 0 0 0 0 0 0 0 0 0 0 0 0 0 0 0 0 0 0 0 0 0 0 0 0 0 0 0 0 0 0 0 0 
0 0 0 0 0 0 0 0 0 0 0 0 0 0 0 0 0 0 0 0 0 0 0 0 0 0 0 0 0 0 0 0 0 0 0 0 0 0 0 0 
0 0 0 0 0 0 0 0 0 0 0 0 0 0 0 0 0 0 0 0 0 0 0 0 0 0 0 0 0 0 0 0 0 0 0 0 0 0 0 0 
0 0 0 0 0 0 0 0 0 0 0 0 0 0 0 0 0 0 0 0 0 0 0 0 0 0 0 0 0 0 0 0 0 0 0 0 0 0 0 0 
0 0 0 0 0 0 0 0 0 0 0 0 0 0 0 0 0 0 0 0 0 0 0 0 0 0 0 0 0 0 0 0 0 0 0 0 0 0 0 0 
0 0 0 0 0 0 0 0 0 0 0 0 0 0 0 0 0 0 0 0 0 0 0 0 0 0 0 0 0 0 0 0 0 0 0 0 0 0 0 0 
0 0 0 0 0 0 0 0 0 0 0 0 0 0 0 0 0 167 413 556 559 445 172 0 0 0 0 0 0 0 0 0 0 0 0 0 0 0 0 0 
0 0 0 0 0 0 0 0 0 0 0 0 0 0 249 978 1564 1832 1749 1755 1773 1741 1690 1520 1056 263 0 0 0 0 0 0 0 0 0 0 0 0 0 0 
0 0 0 0 0 0 0 0 0 0 0 0 167 1151 1770 1850 1794 1864 1806 1796 1767 1792 1808 1849 1857 1771 1147 190 0 0 0 0 0 0 0 0 0 0 0 0 
0 0 0 0 0 0 0 0 0 0 0 513 1604 1729 1794 1740 1804 1837 1753 1842 1735 1818 1805 1745 1820 1825 1846 1689 483 0 0 0 0 0 0 0 0 0 0 0 
0 0 0 0 0 0 0 0 0 0 666 1737 1829 1745 1764 1831 1767 1784 1801 1731 1835 1781 1827 1783 1811 1794 1780 1735 1770 597 0 0 0 0 0 0 0 0 0 0 
0 0 0 0 0 0 0 0 0 495 1890 1820 1808 1795 1794 1816 1799 1861 1813 1807 1779 1804 1832 1820 1843 1785 1867 1785 1816 1832 503 0 0 0 0 0 0 0 0 0 
0 0 0 0 0 0 0 0 166 1620 1847 1807 1771 1791 1845 1857 1787 1824 1813 1769 1790 1756 1812 1736 1798 1766 1776 1769 1816 1752 1669 171 0 0 0 0 0 0 0 0 
0 0 0 0 0 0 0 0 1162 1738 1759 1769 1776 1792 1824 1812 1831 1823 1789 1763 1819 1730 1820 1751 1775 1783 1732 1754 1872 1807 1757 1137 0 0 0 0 0 0 0 0 
0 0 0 0 0 0 0 308 1717 1753 1753 1852 1772 1780 1733 1722 1825 1802 1803 1768 1746 1811 1819 1812 1807 1840 1672 1833 1822 1826 1830 1763 242 0 0 0 0 0 0 0 
0 0 0 0 0 0 0 985 1744 1733 1768 1787 1744 1749 1758 1814 1860 1821 1779 1829 1785 1705 1750 1828 1755 1852 1810 1817 1792 1739 1831 1820 967 0 0 0 0 0 0 0 
0 0 0 0 0 0 0 1612 1817 1759 1794 1826 1727 1724 1812 1830 1758 1815 1829 1759 1749 1774 1817 1854 1731 1800 1734 1741 1824 1795 1815 1805 1497 0 0 0 0 0 0 0 
0 0 0 0 0 0 194 1808 1735 1780 1784 1842 1798 1868 1841 1722 1790 1800 1846 1799 1829 1779 1768 1833 1750 1784 1774 1714 1818 1778 1782 1783 1778 176 0 0 0 0 0 0 
0 0 0 0 0 0 410 1769 1747 1726 1753 1742 1846 1843 1681 1730 1858 1830 1797 1739 1864 1777 1759 1768 1821 1755 1786 1822 1767 1752 1756 1775 1828 446 0 0 0 0 0 0 
0 0 0 0 0 0 547 1805 1764 1762 1763 1736 1843 1747 1865 1850 1758 1849 1794 1861 1804 1793 1773 1854 1782 1776 1760 1826 1797 1689 1808 1815 1737 605 0 0 0 0 0 0 
0 0 0 0 0 0 574 1799 1795 1773 1898 1794 1797 1756 1854 1759 1677 1736 1827 1815 1756 1782 1840 1755 1777 1795 1850 1818 1782 1788 1819 1842 1730 595 0 0 0 0 0 0 
0 0 0 0 0 0 446 1769 1854 1825 1840 1772 1787 1783 1750 1848 1749 1813 1806 1789 1783 1794 1722 1809 1734 1828 1792 1752 1761 1828 1783 1866 1722 455 0 0 0 0 0 0 
0 0 0 0 0 0 168 1790 1835 1751 1831 1772 1799 1786 1741 1809 1742 1824 1761 1832 1770 1835 1753 1815 1904 1816 1797 1888 1949 1758 1788 1838 1827 169 0 0 0 0 0 0 
0 0 0 0 0 0 0 1540 1844 1796 1819 1824 1784 1795 1837 1742 1812 1781 1819 1723 1837 1803 1814 1785 1802 1810 1803 1756 1807 1772 1791 1742 1581 0 0 0 0 0 0 0 
0 0 0 0 0 0 0 973 1815 1741 1771 1769 1751 1825 1852 1740 1744 1794 1803 1826 1800 1802 1793 1769 1719 1803 1794 1761 1786 1786 1817 1834 976 0 0 0 0 0 0 0 
0 0 0 0 0 0 0 266 1755 1751 1815 1710 1783 1715 1733 1782 1748 1809 1835 1806 1773 1802 1777 1816 1803 1806 1767 1830 1814 1735 1792 1806 287 0 0 0 0 0 0 0 
0 0 0 0 0 0 0 0 1133 1807 1706 1764 1779 1826 1767 1772 1714 1778 1767 1759 1730 1784 1734 1761 1809 1682 1806 1735 1823 1799 1806 1194 0 0 0 0 0 0 0 0 
0 0 0 0 0 0 0 0 156 1677 1810 1745 1751 1761 1741 1838 1854 1856 1758 1782 1814 1767 1855 1688 1813 1720 1737 1866 1817 1741 1609 182 0 0 0 0 0 0 0 0 
0 0 0 0 0 0 0 0 0 482 1802 1770 1864 1767 1770 1810 1810 1796 1730 1738 1759 1799 1787 1762 1830 1771 1810 1830 1772 1720 483 0 0 0 0 0 0 0 0 0 
0 0 0 0 0 0 0 0 0 0 632 1804 1758 1868 1764 1789 1811 1754 1835 1826 1726 1815 1834 1837 1804 1789 1777 1750 1784 654 0 0 0 0 0 0 0 0 0 0 
0 0 0 0 0 0 0 0 0 0 0 491 1623 1725 1812 1847 1732 1826 1756 1788 1783 1789 1760 1865 1838 1749 1815 1736 460 0 0 0 0 0 0 0 0 0 0 0 
0 0 0 0 0 0 0 0 0 0 0 0 183 1182 1795 1680 1774 1739 1833 1781 1790 1736 1816 1828 1759 1838 1137 176 0 0 0 0 0 0 0 0 0 0 0 0 
0 0 0 0 0 0 0 0 0 0 0 0 0 0 267 911 1512 1796 1802 1798 1766 1795 1820 1544 961 270 0 0 0 0 0 0 0 0 0 0 0 0 0 0 
0 0 0 0 0 0 0 0 0 0 0 0 0 0 0 0 0 175 418 562 562 476 155 0 0 0 0 0 0 0 0 0 0 0 0 0 0 0 0 0 
0 0 0 0 0 0 0 0 0 0 0 0 0 0 0 0 0 0 0 0 0 0 0 0 0 0 0 0 0 0 0 0 0 0 0 0 0 0 0 0 
0 0 0 0 0 0 0 0 0 0 0 0 0 0 0 0 0 0 0 0 0 0 0 0 0 0 0 0 0 0 0 0 0 0 0 0 0 0 0 0 
0 0 0 0 0 0 0 0 0 0 0 0 0 0 0 0 0 0 0 0 0 0 0 0 0 0 0 0 0 0 0 0 0 0 0 0 0 0 0 0 
0 0 0 0 0 0 0 0 0 0 0 0 0 0 0 0 0 0 0 0 0 0 0 0 0 0 0 0 0 0 0 0 0 0 0 0 0 0 0 0 
0 0 0 0 0 0 0 0 0 0 0 0 0 0 0 0 0 0 0 0 0 0 0 0 0 0 0 0 0 0 0 0 0 0 0 0 0 0 0 0 
0 0 0 0 0 0 0 0 0 0 0 0 0 0 0 0 0 0 0 0 0 0 0 0 0 0 0 0 0 0 0 0 0 0 0 0 0 0 0 0 
