# Format: McCode with text headers
# URL: http://www.mccode.org
# Creator: McStas 2.5 - Dec. 12, 2018
# Instrument: ESS_HEIMDAL.instr
# Ncount: 25000
# Trace: no
# Gravitation: no
# Seed: 1565850590
# Directory: TemperatureScan/19
# Nodes: 4
# Param: lmax=4
# Param: lmin=0.5
# Param: T=390
# Param: tau=0
# Param: use_CoFe2O4=1
# Param: use_CoFe=1
# Param: use_magn=1
# Date: Wed Aug 14 12:13:58 2019 (1565777638)
# type: array_2d(40, 40)
# Source: ESS_HEIMDAL (ESS_HEIMDAL.instr)
# component: psd_source
# position: 0 0 0.01
# title: PSD monitor
# Ncount: 100000
# filename: PSD_source.dat
# statistics: X0=0.001575; dX=5.00699; Y0=-0.0162225; dY=5.00718;
# signal: Min=0; Max=7.83373e+06; Mean=2.13803e+06;
# values: 3.42084e+09 1.08177e+07 100000
# xvar: X 
# yvar: Y 
# xlabel: X position [cm]
# ylabel: Y position [cm]
# zvar: I
# zlabel: Signal per bin
# xylimits: -15 15 -15 15
# variables: I I_err N
# Data [psd_source/PSD_source.dat] I:
0 0 0 0 0 0 0 0 0 0 0 0 0 0 0 0 0 0 0 0 0 0 0 0 0 0 0 0 0 0 0 0 0 0 0 0 0 0 0 0 
0 0 0 0 0 0 0 0 0 0 0 0 0 0 0 0 0 0 0 0 0 0 0 0 0 0 0 0 0 0 0 0 0 0 0 0 0 0 0 0 
0 0 0 0 0 0 0 0 0 0 0 0 0 0 0 0 0 0 0 0 0 0 0 0 0 0 0 0 0 0 0 0 0 0 0 0 0 0 0 0 
0 0 0 0 0 0 0 0 0 0 0 0 0 0 0 0 0 0 0 0 0 0 0 0 0 0 0 0 0 0 0 0 0 0 0 0 0 0 0 0 
0 0 0 0 0 0 0 0 0 0 0 0 0 0 0 0 0 0 0 0 0 0 0 0 0 0 0 0 0 0 0 0 0 0 0 0 0 0 0 0 
0 0 0 0 0 0 0 0 0 0 0 0 0 0 0 0 0 0 0 0 0 0 0 0 0 0 0 0 0 0 0 0 0 0 0 0 0 0 0 0 
0 0 0 0 0 0 0 0 0 0 0 0 0 0 0 0 0 821002.1587 1470962.086 1949880.058 2565631.67 1813046.381 444709.4859 0 0 0 0 0 0 0 0 0 0 0 0 0 0 0 0 0 
0 0 0 0 0 0 0 0 0 0 0 0 0 0 923627.4144 3078758.032 5131263.499 6328558.475 6054891.092 5815432.533 5883848.89 5918057.479 5952265.514 5541764.707 3249800.175 1299920.031 0 0 0 0 0 0 0 0 0 0 0 0 0 0 
0 0 0 0 0 0 0 0 0 0 0 0 513126.2848 3694509.89 5575973.151 6431183.986 7046935.806 5644390.594 5815432.886 6739060.544 6157516.976 5918058.38 5541765.3 6260142.037 5439139.672 6362767.085 4515511.981 889418.9716 0 0 0 0 0 0 0 0 0 0 0 0 
0 0 0 0 0 0 0 0 0 0 0 1334128.502 5507556.061 5849640.896 5404931.674 5575974.158 6157517.748 6328559.904 5712808.31 6157517.844 5644391.559 5541766.102 6089100.974 6636435.677 6260142.672 6465392.821 6225933.411 5918057.515 1607795.867 0 0 0 0 0 0 0 0 0 0 0 
0 0 0 0 0 0 0 0 0 0 2086713.783 5575973.232 6602226.276 6499601.566 6054892.29 6020684.351 6225934.841 6123309.985 6225935.398 5815434.31 6020684.799 6054893.249 6020684.479 6123309.849 5986475.826 6362768.189 5883849.907 5918057.844 5131263.87 1642004.308 0 0 0 0 0 0 0 0 0 0 
0 0 0 0 0 0 0 0 0 2257755.875 5439139.521 5815432.748 5473349.012 5575974.624 5815433.938 5712808.925 6157518.767 6225935.743 6875896.384 6431186.516 5883851.542 6362769.754 6431186.56 6978521.412 5986476.187 6123309.638 5610182.893 6294351.095 6841685.554 6054890.977 2257755.882 0 0 0 0 0 0 0 0 0 
0 0 0 0 0 0 0 0 718376.8778 5815431.987 6636434.65 5712807.828 5986475.773 6978520.955 6328560.778 6362769.9 6465395.138 5678601.236 6602229.235 6396978.862 6431187.257 5678601.338 6465395.287 6739062.812 6260144.488 6123310.144 6260143.812 6123309.547 6773269.078 6499601.09 5610181.399 615751.5704 0 0 0 0 0 0 0 0 
0 0 0 0 0 0 0 0 3694509.768 5883849.37 7286395.452 5575974.524 7286396.744 6328560.922 6465395.083 6362770.071 5883852.23 6636438.115 6191728.537 5849643.986 6225936.753 6533812.79 5575976.201 5678601.53 7012730.421 5918060.047 6704853.866 5610183.225 6602227.479 6294350.892 6362767.198 4173427.453 0 0 0 0 0 0 0 0 
0 0 0 0 0 0 0 718376.8668 6396975.218 6568018.055 6465393.54 6602227.859 6225935.474 6089102.239 6465395.449 5918060.753 6636438.356 5883852.724 6396979.514 5781227.558 5370726.132 5883852.785 6602230.009 5747018.635 6465395.759 5712809.706 6431186.558 6533811.579 5952267.613 6978520.052 5849641.321 5199680.492 992044.1945 0 0 0 0 0 0 0 
0 0 0 0 0 0 0 3831343.309 6260142.012 6841685.997 6396977.005 6225935.455 6123310.546 6431186.996 6191728.258 5473351.194 6362771.033 5883853.074 5986478.402 5952270.124 6123312.331 6225937.485 6944314.901 6875897.872 5849644.13 6431187.32 5712809.718 6841687.678 6910104.181 6773269.754 5644390.89 5439139.808 3112966.514 0 0 0 0 0 0 0 
0 0 0 0 0 0 0 5199680.389 5439139.967 6260142.872 5849642.291 6704853.781 6602229.048 5336517.059 6465396.075 6089103.482 6054895.252 5815436.339 5678602.654 6054895.635 5644394.242 6944315.222 6294354.606 5131267.228 5815435.894 6704855.196 5575976.176 4789181.644 6328560.897 6191726.698 6602227.206 6568017.986 5062846.635 0 0 0 0 0 0 0 
0 0 0 0 0 0 786793.7166 6225933.206 6054891.763 6807477.973 6602228.049 5781226.14 6157519.452 5610184.818 6568021.579 6191728.99 6123312.382 6294354.726 7115357.718 6225938.095 6089104.305 5781228.167 5849644.936 6089103.937 6499604.993 5815435.71 6636438.103 6260144.755 5883851.486 6499602.755 6465393.648 6328559.317 5918057.375 855210.5318 0 0 0 0 0 0 
0 0 0 0 0 0 1744629.514 6670642.857 6875894.27 6020684.169 6123310.094 6020685.327 5849643.587 5507559.575 6260145.712 6157520.72 5952270.204 6191729.561 5849645.192 6123312.867 5028642.386 6294355.054 5712811.267 7286399.768 6465396.739 6533813.267 5986477.77 5815435.119 5986476.85 6602228.185 6157517.912 6191725.593 5644390.149 1334128.463 0 0 0 0 0 0 
0 0 0 0 0 0 1847254.783 6191724.935 6739060.585 5815433.669 6944312.619 6533811.979 5336516.989 5747018.718 6260145.745 5541768.734 6089104.081 6704856.37 5610186.061 5644394.558 6704856.63 4960225.507 6260146.53 5918061.821 6328562.977 5644393.737 5849644.054 5541767.694 6670645.768 6568019.867 5439140.822 6191725.728 6157516.522 2155130.605 0 0 0 0 0 0 
0 0 0 0 0 0 1881463.239 6362767.059 6191725.677 6157517.963 6294352.326 5918060.072 6054894.319 6362770.709 5712810.617 5131267.293 6602230.834 5986478.923 7012732.563 5268101.587 6123312.913 6054895.911 6841690.211 6499605.475 6089103.815 5747019.073 5781227.19 5541767.654 6089102.263 5986476.405 6396977.013 7833730.349 6431183.984 1915671.645 0 0 0 0 0 0 
0 0 0 0 0 0 1265711.636 5986474.353 6260142.502 5610182.998 5815434.177 5712809.317 6636437.772 5678601.776 5370726.106 6294354.45 6910106.791 5678602.82 6054895.884 6260146.676 6910107.228 5644394.458 5268101.393 5815436.417 5097058.789 6294354.109 6739063.575 5712809.821 6739062.529 6294352.276 5815433.536 5131264.396 5849640.686 1436753.725 0 0 0 0 0 0 
0 0 0 0 0 0 649959.9996 6773268.049 5404931.674 6431185.19 5849642.491 6602228.688 6704854.487 6260145.248 5678602.052 6396979.716 6123312.348 6773273.116 5644394.336 5678602.844 6465397.237 6807481.653 5952270.278 6225937.688 6294354.3 5883852.683 6089103.002 5712809.699 6054893.642 5781225.633 6089100.904 5439140.101 6260141.615 478917.9098 0 0 0 0 0 0 
0 0 0 0 0 0 0 5062846.728 6807476.983 6704852.456 5507557.983 5781226.017 6191727.757 6191728.164 6499604.445 6191728.897 5781227.764 5541768.708 5610185.692 6020687.106 6328563.193 6396980.129 5541768.697 5404934.747 5918061.175 6260145.464 5815435.264 6807479.508 5781226.024 5233890.486 6362768.041 6157516.924 5918057.242 0 0 0 0 0 0 0 
0 0 0 0 0 0 0 3044549.69 5404931.355 5883850.003 6396977.071 6875895.764 6020685.366 5986477.213 5473350.92 5849644.151 6362770.982 5883852.914 5165475.695 7046940.34 5541768.574 5781227.7 6670647.285 6431188.006 5883852.597 5747018.407 5712809.68 6533811.752 6020684.717 5541766.181 6602226.895 5952266.139 3420842.19 0 0 0 0 0 0 0 
0 0 0 0 0 0 0 786793.69 5849640.501 6123308.623 6191726.002 6636436.173 6978521.229 5781226.411 5918060.443 6465395.842 6328562.269 5439142.887 6568021.641 5644393.73 5918061.341 6362771.102 6704855.408 6157520.019 5883852.319 6123311.012 6670645.762 6191727.191 6294351.944 5952266.971 6225933.854 5952265.936 923627.3822 0 0 0 0 0 0 0 
0 0 0 0 0 0 0 0 3078758.064 5712807.034 5815432.825 5747016.767 5199681.949 6157518.856 5712809.361 5541767.615 5781226.801 5747018.472 6602229.873 6260145.361 6396979.26 6157520.062 5952269.24 6431187.105 5781226.643 5781226.271 6636437.038 6807478.482 5952267.392 5986475.075 5678598.575 3386633.894 0 0 0 0 0 0 0 0 
0 0 0 0 0 0 0 0 410501.0793 5370722.453 5575973.619 5883849.85 6568019.01 6020684.741 6499603.126 5644392.3 6636437.324 6362770.187 7320606.664 5439142.272 6362770.447 6636437.833 5781226.601 6089102.467 5918060.189 5952268.001 5644391.891 6054892.64 6465393.228 6123308.43 5575973.078 376292.6128 0 0 0 0 0 0 0 0 
0 0 0 0 0 0 0 0 0 1676212.677 5302305.702 6225933.827 6191725.912 6739061.086 6054893.07 6499602.732 6157518.808 6054893.687 5883851.333 6260144.397 6499603.388 5678600.963 6841687.941 6636436.874 5781225.843 7046937.467 5849642.011 5781224.821 6739060.288 6465392.142 1778837.996 0 0 0 0 0 0 0 0 0 
0 0 0 0 0 0 0 0 0 0 1402545.37 6260141.74 5849640.822 6123309.015 6191726.212 5644391.438 6910103.696 5986476.209 5712809.003 6260143.754 5815434.314 6328560.669 5952267.906 5883850.458 5918058.836 6328559.937 5302306.578 5849641.046 5575973.199 2565631.762 0 0 0 0 0 0 0 0 0 0 
0 0 0 0 0 0 0 0 0 0 0 1778838.05 5575972.999 5849640.696 6670643.482 6054892.263 6123309.139 6739061.02 6294351.659 6328559.95 6602227.579 5815433.52 5849642.046 6020683.787 6260142.668 6670643.514 5815432.544 5712806.917 1607795.87 0 0 0 0 0 0 0 0 0 0 0 
0 0 0 0 0 0 0 0 0 0 0 0 581543.1881 4070801.969 5986474.122 6123308.201 6739060.023 5918057.962 6157517.35 5986475.374 6910102.743 6123308.847 6465392.889 6054891.736 6020682.921 5678598.342 3626092.889 581543.1301 0 0 0 0 0 0 0 0 0 0 0 0 
0 0 0 0 0 0 0 0 0 0 0 0 0 0 1231503.117 3215591.81 5439139.159 6431183.504 5302306.002 6704851.253 6191724.774 5233889.124 6875893.296 5131263.704 3489259.126 821002.1577 0 0 0 0 0 0 0 0 0 0 0 0 0 0 
0 0 0 0 0 0 0 0 0 0 0 0 0 0 0 0 0 649960.1234 1368336.97 1949880.175 2052505.191 1299920.089 649960.0455 0 0 0 0 0 0 0 0 0 0 0 0 0 0 0 0 0 
0 0 0 0 0 0 0 0 0 0 0 0 0 0 0 0 0 0 0 0 0 0 0 0 0 0 0 0 0 0 0 0 0 0 0 0 0 0 0 0 
0 0 0 0 0 0 0 0 0 0 0 0 0 0 0 0 0 0 0 0 0 0 0 0 0 0 0 0 0 0 0 0 0 0 0 0 0 0 0 0 
0 0 0 0 0 0 0 0 0 0 0 0 0 0 0 0 0 0 0 0 0 0 0 0 0 0 0 0 0 0 0 0 0 0 0 0 0 0 0 0 
0 0 0 0 0 0 0 0 0 0 0 0 0 0 0 0 0 0 0 0 0 0 0 0 0 0 0 0 0 0 0 0 0 0 0 0 0 0 0 0 
0 0 0 0 0 0 0 0 0 0 0 0 0 0 0 0 0 0 0 0 0 0 0 0 0 0 0 0 0 0 0 0 0 0 0 0 0 0 0 0 
0 0 0 0 0 0 0 0 0 0 0 0 0 0 0 0 0 0 0 0 0 0 0 0 0 0 0 0 0 0 0 0 0 0 0 0 0 0 0 0 
# Errors [psd_source/PSD_source.dat] I_err:
0 0 0 0 0 0 0 0 0 0 0 0 0 0 0 0 0 0 0 0 0 0 0 0 0 0 0 0 0 0 0 0 0 0 0 0 0 0 0 0 
0 0 0 0 0 0 0 0 0 0 0 0 0 0 0 0 0 0 0 0 0 0 0 0 0 0 0 0 0 0 0 0 0 0 0 0 0 0 0 0 
0 0 0 0 0 0 0 0 0 0 0 0 0 0 0 0 0 0 0 0 0 0 0 0 0 0 0 0 0 0 0 0 0 0 0 0 0 0 0 0 
0 0 0 0 0 0 0 0 0 0 0 0 0 0 0 0 0 0 0 0 0 0 0 0 0 0 0 0 0 0 0 0 0 0 0 0 0 0 0 0 
0 0 0 0 0 0 0 0 0 0 0 0 0 0 0 0 0 0 0 0 0 0 0 0 0 0 0 0 0 0 0 0 0 0 0 0 0 0 0 0 
0 0 0 0 0 0 0 0 0 0 0 0 0 0 0 0 0 0 0 0 0 0 0 0 0 0 0 0 0 0 0 0 0 0 0 0 0 0 0 0 
0 0 0 0 0 0 0 0 0 0 0 0 0 0 0 0 0 167586.3639 224319.6151 258267.923 296253.6271 249041.0734 123340.2196 0 0 0 0 0 0 0 0 0 0 0 0 0 0 0 0 0 
0 0 0 0 0 0 0 0 0 0 0 0 0 0 177752.1788 324529.5916 418965.9103 465284.8728 455113.4839 446023.3148 448639.2719 449941.5782 451240.0841 435402.156 333422.4628 210874.8748 0 0 0 0 0 0 0 0 0 0 0 0 0 0 
0 0 0 0 0 0 0 0 0 0 0 0 132488.637 355504.3799 436743.9239 469042.2987 490983.2826 439415.2118 446023.3418 480138.1835 458954.2177 449941.6468 435402.2026 462763.0153 431351.8342 466540.7183 393024.8705 174429.4112 0 0 0 0 0 0 0 0 0 0 0 0 
0 0 0 0 0 0 0 0 0 0 0 213631.5339 434056.2244 447333.2197 429993.2764 436744.0028 458954.2752 465284.9779 442070.3793 458954.2824 439415.2869 435402.2656 456397.4137 476468.3138 462763.0622 470288.127 461496.8886 449941.581 234521.1305 0 0 0 0 0 0 0 0 0 0 0 
0 0 0 0 0 0 0 0 0 0 267176.3221 436743.9302 475238.6464 471530.6571 455113.5739 453826.1585 461496.9947 457677.6767 461497.036 446023.4511 453826.1923 455113.646 453826.1681 457677.6665 452535.0362 466540.7993 448639.3495 449941.606 418965.9406 237002.9073 0 0 0 0 0 0 0 0 0 0 
0 0 0 0 0 0 0 0 0 277910.5369 431351.8222 446023.3313 432706.2327 436744.0393 446023.4226 442070.4269 458954.3512 461497.0615 484988.337 469042.4832 448639.4741 466540.914 469042.4864 488594.2275 452535.0634 457677.6507 438081.6837 464025.7191 483780.225 455113.4753 277910.5377 0 0 0 0 0 0 0 0 0 
0 0 0 0 0 0 0 0 156762.6867 446023.2729 476468.2401 442070.3421 452535.0321 488594.1954 465285.0421 466540.9247 470288.2956 440744.9335 475238.8593 467793.424 469042.5373 440744.9414 470288.3064 480138.345 462763.1965 457677.6886 462763.1465 457677.6439 481355.2732 471530.6226 438081.567 145134.037 0 0 0 0 0 0 0 0 
0 0 0 0 0 0 0 0 355504.3682 448639.3085 499255.5899 436744.0315 499255.6784 465285.0526 470288.2915 466540.9372 448639.5265 476468.4889 460227.5577 447333.4559 461497.1364 472770.1011 436744.1628 440744.9563 489790.3382 449941.7735 478918.1333 438081.7096 475238.733 464025.7042 466540.7266 377844.368 0 0 0 0 0 0 0 0 
0 0 0 0 0 0 0 156762.6843 467793.1574 474005.874 470288.1793 475238.7603 461497.0416 456397.5086 470288.3181 449941.8272 476468.5062 448639.5642 467793.4716 444709.8122 428630.6086 448639.5689 475238.915 443392.1139 470288.3407 442070.4873 469042.4863 472770.0134 451240.2432 488594.1322 447333.2522 421749.7794 184217.9822 0 0 0 0 0 0 0 
0 0 0 0 0 0 0 362027.9137 462763.0135 483780.2563 467793.2882 461497.0402 457677.7186 469042.5182 460227.5369 432706.4052 466541.0078 448639.5909 452535.2309 451240.4336 457677.852 461497.1907 487395.3567 484988.4419 447333.467 469042.5419 442070.4883 483780.3752 486193.2335 481355.3212 439415.2348 431351.8449 326327.5594 0 0 0 0 0 0 0 
0 0 0 0 0 0 0 421749.7711 431351.8576 462763.077 447333.3264 478918.1272 475238.8459 427263.3122 470288.3637 456397.6018 455113.7966 446023.6067 440745.0436 455113.8254 439415.4957 487395.3792 464025.9779 418966.2148 446023.5725 478918.2283 436744.1608 404759.7243 465285.0508 460227.421 475238.7133 474005.869 416163.4298 0 0 0 0 0 0 0 
0 0 0 0 0 0 164057.8308 461496.8734 455113.5343 482569.3188 475238.774 444709.703 458954.4023 438081.8339 474006.1284 460227.5914 457677.8558 464025.9868 493361.2903 461497.2358 456397.6635 444709.859 447333.5286 456397.6358 471530.9057 446023.5585 476468.488 462763.2162 448639.4698 471530.7434 470288.1871 465284.9347 449941.5704 171042.1064 0 0 0 0 0 0 
0 0 0 0 0 0 244296.9962 477694.657 484988.1879 453826.1447 457677.6848 453826.232 447333.4255 434056.5014 462763.2869 458954.4968 451240.4396 460227.6338 447333.5482 457677.8921 414755.4336 464026.011 442070.6082 499255.8856 470288.412 472770.1355 452535.1831 446023.5131 452535.1135 475238.7838 458954.2875 460227.3389 439415.1771 213631.5278 0 0 0 0 0 0 
0 0 0 0 0 0 251379.5358 460227.2899 480138.1864 446023.4019 487395.1965 472770.0424 427263.3066 443392.1202 462763.2894 435402.4724 456397.6466 478918.3121 438081.931 439415.5204 478918.3307 411924.3074 462763.3475 449941.9084 465285.2037 439415.4565 447333.4612 435402.3907 477694.8654 474006.0048 431351.9254 460227.3489 458954.1839 271520.9344 0 0 0 0 0 0 
0 0 0 0 0 0 253696.4514 466540.7164 460227.3451 458954.2913 464025.8099 449941.7754 455113.7264 466540.984 442070.5578 418966.2201 475238.9744 452535.2703 489790.4878 424515.7236 457677.8955 455113.8461 483780.5543 471530.9407 456397.6267 443392.1476 444709.7839 435402.3876 456397.5104 452535.0799 467793.2888 517667.4725 469042.2986 255992.3915 0 0 0 0 0 0 
0 0 0 0 0 0 208081.7111 452534.9248 462763.0497 438081.6918 446023.4409 442070.4572 476468.4642 440744.9753 428630.6065 464025.9664 486193.4172 440745.0564 455113.8441 462763.3582 486193.448 439415.5126 424515.7079 446023.6127 417567.326 464025.9413 480138.3994 442070.4962 480138.3248 464025.8062 446023.3917 418965.9835 447333.2036 221695.9129 0 0 0 0 0 0 
0 0 0 0 0 0 149111.0503 481355.2 429993.2763 469042.3865 447333.3417 475238.82 478918.1776 462763.2527 440744.9968 467793.4864 457677.8533 481355.5601 439415.5031 440745.0582 470288.4482 482569.5797 451240.4452 461497.2057 464025.9554 448639.5611 456397.5657 442070.4868 455113.6756 444709.6641 456397.4085 431351.8682 462762.9841 127996.1954 0 0 0 0 0 0 
0 0 0 0 0 0 0 416163.4375 482569.2487 478918.0326 434056.376 444709.6936 460227.4997 460227.53 471530.866 460227.5844 444709.828 435402.4704 438081.9022 453826.3661 465285.2196 467793.5166 435402.4695 429993.5208 449941.8593 462763.2686 446023.5242 482569.4277 444709.6942 423134.9668 466540.7884 458954.2138 449941.5602 0 0 0 0 0 0 0 
0 0 0 0 0 0 0 322721.6217 429993.251 448639.3568 467793.293 484988.2932 453826.235 452535.141 432706.3835 447333.4686 466541.004 448639.5787 420360.4504 490983.5984 435402.4598 444709.8231 477694.974 469042.5919 448639.5545 443392.0963 442070.4854 472770.0259 453826.186 435402.2718 475238.6909 451240.1315 342084.219 0 0 0 0 0 0 0 
0 0 0 0 0 0 0 164057.8253 447333.1894 457677.5748 460227.3692 476468.3495 488594.2146 444709.7239 449941.8036 470288.3467 465285.1517 431352.0891 474006.1328 439415.4559 449941.8719 466541.0128 478918.2434 458954.4445 448639.5334 457677.7534 477694.865 460227.4576 464025.7817 451240.1946 461496.9215 451240.1161 177752.1726 0 0 0 0 0 0 0 
0 0 0 0 0 0 0 0 324529.5948 442070.2806 446023.3372 443391.9697 421749.8976 458954.3578 442070.4606 435402.3845 444709.7539 443392.1012 475238.9052 462763.261 467793.4531 458954.4477 451240.3666 469042.5262 444709.7417 444709.7132 476468.4116 482569.355 451240.2264 452534.9794 440744.7269 340369.513 0 0 0 0 0 0 0 0 
0 0 0 0 0 0 0 0 118501.4543 428630.315 436743.9606 448639.3451 474005.943 453826.1879 471530.7703 439415.3446 476468.4321 466540.9457 500426.3693 431352.0404 466540.9648 476468.4687 444709.7385 456397.5256 449941.7843 451240.2727 439415.3127 455113.6003 470288.1566 457677.5605 436743.9182 113456.4916 0 0 0 0 0 0 0 0 
0 0 0 0 0 0 0 0 0 239458.9539 425891.4427 461496.9195 460227.3626 480138.2221 455113.6326 471530.7417 458954.3543 455113.679 448639.4581 462763.1897 471530.7893 440744.9123 483780.3938 476468.3998 444709.6803 490983.3983 447333.3049 444709.6016 480138.1652 470288.0776 246680.4463 0 0 0 0 0 0 0 0 0 
0 0 0 0 0 0 0 0 0 0 219040.7867 462762.9933 447333.214 457677.6042 460227.3849 439415.2775 486193.1994 452535.0651 442070.433 462763.1422 446023.4514 465285.034 451240.2655 448639.3915 449941.6815 465284.9803 425891.5131 447333.2311 436743.9277 296253.6377 0 0 0 0 0 0 0 0 0 0 
0 0 0 0 0 0 0 0 0 0 0 246680.4539 436743.9121 447333.2044 477694.7017 455113.5719 457677.6134 480138.2174 464025.7606 465284.9812 475238.7401 446023.3904 447333.3076 453826.116 462763.0619 477694.704 446023.3156 442070.2715 234521.1309 0 0 0 0 0 0 0 0 0 0 0 
0 0 0 0 0 0 0 0 0 0 0 0 141044.9406 373169.8047 452534.9074 457677.5433 480138.1463 449941.615 458954.2456 452535.0019 486193.1324 457677.5916 470288.1319 455113.5323 453826.0507 440744.7089 352197.2759 141044.9265 0 0 0 0 0 0 0 0 0 0 0 0 
0 0 0 0 0 0 0 0 0 0 0 0 0 0 205250.5194 331662.9712 431351.7935 469042.2636 425891.4669 478917.9467 460227.278 423134.8567 484988.1192 418965.927 345488.1351 167586.3637 0 0 0 0 0 0 0 0 0 0 0 0 0 0 
0 0 0 0 0 0 0 0 0 0 0 0 0 0 0 0 0 149111.0787 216353.0717 258267.9384 264977.2808 210874.8842 149111.0608 0 0 0 0 0 0 0 0 0 0 0 0 0 0 0 0 0 
0 0 0 0 0 0 0 0 0 0 0 0 0 0 0 0 0 0 0 0 0 0 0 0 0 0 0 0 0 0 0 0 0 0 0 0 0 0 0 0 
0 0 0 0 0 0 0 0 0 0 0 0 0 0 0 0 0 0 0 0 0 0 0 0 0 0 0 0 0 0 0 0 0 0 0 0 0 0 0 0 
0 0 0 0 0 0 0 0 0 0 0 0 0 0 0 0 0 0 0 0 0 0 0 0 0 0 0 0 0 0 0 0 0 0 0 0 0 0 0 0 
0 0 0 0 0 0 0 0 0 0 0 0 0 0 0 0 0 0 0 0 0 0 0 0 0 0 0 0 0 0 0 0 0 0 0 0 0 0 0 0 
0 0 0 0 0 0 0 0 0 0 0 0 0 0 0 0 0 0 0 0 0 0 0 0 0 0 0 0 0 0 0 0 0 0 0 0 0 0 0 0 
0 0 0 0 0 0 0 0 0 0 0 0 0 0 0 0 0 0 0 0 0 0 0 0 0 0 0 0 0 0 0 0 0 0 0 0 0 0 0 0 
# Events [psd_source/PSD_source.dat] N:
0 0 0 0 0 0 0 0 0 0 0 0 0 0 0 0 0 0 0 0 0 0 0 0 0 0 0 0 0 0 0 0 0 0 0 0 0 0 0 0 
0 0 0 0 0 0 0 0 0 0 0 0 0 0 0 0 0 0 0 0 0 0 0 0 0 0 0 0 0 0 0 0 0 0 0 0 0 0 0 0 
0 0 0 0 0 0 0 0 0 0 0 0 0 0 0 0 0 0 0 0 0 0 0 0 0 0 0 0 0 0 0 0 0 0 0 0 0 0 0 0 
0 0 0 0 0 0 0 0 0 0 0 0 0 0 0 0 0 0 0 0 0 0 0 0 0 0 0 0 0 0 0 0 0 0 0 0 0 0 0 0 
0 0 0 0 0 0 0 0 0 0 0 0 0 0 0 0 0 0 0 0 0 0 0 0 0 0 0 0 0 0 0 0 0 0 0 0 0 0 0 0 
0 0 0 0 0 0 0 0 0 0 0 0 0 0 0 0 0 0 0 0 0 0 0 0 0 0 0 0 0 0 0 0 0 0 0 0 0 0 0 0 
0 0 0 0 0 0 0 0 0 0 0 0 0 0 0 0 0 24 43 57 75 53 13 0 0 0 0 0 0 0 0 0 0 0 0 0 0 0 0 0 
0 0 0 0 0 0 0 0 0 0 0 0 0 0 27 90 150 185 177 170 172 173 174 162 95 38 0 0 0 0 0 0 0 0 0 0 0 0 0 0 
0 0 0 0 0 0 0 0 0 0 0 0 15 108 163 188 206 165 170 197 180 173 162 183 159 186 132 26 0 0 0 0 0 0 0 0 0 0 0 0 
0 0 0 0 0 0 0 0 0 0 0 39 161 171 158 163 180 185 167 180 165 162 178 194 183 189 182 173 47 0 0 0 0 0 0 0 0 0 0 0 
0 0 0 0 0 0 0 0 0 0 61 163 193 190 177 176 182 179 182 170 176 177 176 179 175 186 172 173 150 48 0 0 0 0 0 0 0 0 0 0 
0 0 0 0 0 0 0 0 0 66 159 170 160 163 170 167 180 182 201 188 172 186 188 204 175 179 164 184 200 177 66 0 0 0 0 0 0 0 0 0 
0 0 0 0 0 0 0 0 21 170 194 167 175 204 185 186 189 166 193 187 188 166 189 197 183 179 183 179 198 190 164 18 0 0 0 0 0 0 0 0 
0 0 0 0 0 0 0 0 108 172 213 163 213 185 189 186 172 194 181 171 182 191 163 166 205 173 196 164 193 184 186 122 0 0 0 0 0 0 0 0 
0 0 0 0 0 0 0 21 187 192 189 193 182 178 189 173 194 172 187 169 157 172 193 168 189 167 188 191 174 204 171 152 29 0 0 0 0 0 0 0 
0 0 0 0 0 0 0 112 183 200 187 182 179 188 181 160 186 172 175 174 179 182 203 201 171 188 167 200 202 198 165 159 91 0 0 0 0 0 0 0 
0 0 0 0 0 0 0 152 159 183 171 196 193 156 189 178 177 170 166 177 165 203 184 150 170 196 163 140 185 181 193 192 148 0 0 0 0 0 0 0 
0 0 0 0 0 0 23 182 177 199 193 169 180 164 192 181 179 184 208 182 178 169 171 178 190 170 194 183 172 190 189 185 173 25 0 0 0 0 0 0 
0 0 0 0 0 0 51 195 201 176 179 176 171 161 183 180 174 181 171 179 147 184 167 213 189 191 175 170 175 193 180 181 165 39 0 0 0 0 0 0 
0 0 0 0 0 0 54 181 197 170 203 191 156 168 183 162 178 196 164 165 196 145 183 173 185 165 171 162 195 192 159 181 180 63 0 0 0 0 0 0 
0 0 0 0 0 0 55 186 181 180 184 173 177 186 167 150 193 175 205 154 179 177 200 190 178 168 169 162 178 175 187 229 188 56 0 0 0 0 0 0 
0 0 0 0 0 0 37 175 183 164 170 167 194 166 157 184 202 166 177 183 202 165 154 170 149 184 197 167 197 184 170 150 171 42 0 0 0 0 0 0 
0 0 0 0 0 0 19 198 158 188 171 193 196 183 166 187 179 198 165 166 189 199 174 182 184 172 178 167 177 169 178 159 183 14 0 0 0 0 0 0 
0 0 0 0 0 0 0 148 199 196 161 169 181 181 190 181 169 162 164 176 185 187 162 158 173 183 170 199 169 153 186 180 173 0 0 0 0 0 0 0 
0 0 0 0 0 0 0 89 158 172 187 201 176 175 160 171 186 172 151 206 162 169 195 188 172 168 167 191 176 162 193 174 100 0 0 0 0 0 0 0 
0 0 0 0 0 0 0 23 171 179 181 194 204 169 173 189 185 159 192 165 173 186 196 180 172 179 195 181 184 174 182 174 27 0 0 0 0 0 0 0 
0 0 0 0 0 0 0 0 90 167 170 168 152 180 167 162 169 168 193 183 187 180 174 188 169 169 194 199 174 175 166 99 0 0 0 0 0 0 0 0 
0 0 0 0 0 0 0 0 12 157 163 172 192 176 190 165 194 186 214 159 186 194 169 178 173 174 165 177 189 179 163 11 0 0 0 0 0 0 0 0 
0 0 0 0 0 0 0 0 0 49 155 182 181 197 177 190 180 177 172 183 190 166 200 194 169 206 171 169 197 189 52 0 0 0 0 0 0 0 0 0 
0 0 0 0 0 0 0 0 0 0 41 183 171 179 181 165 202 175 167 183 170 185 174 172 173 185 155 171 163 75 0 0 0 0 0 0 0 0 0 0 
0 0 0 0 0 0 0 0 0 0 0 52 163 171 195 177 179 197 184 185 193 170 171 176 183 195 170 167 47 0 0 0 0 0 0 0 0 0 0 0 
0 0 0 0 0 0 0 0 0 0 0 0 17 119 175 179 197 173 180 175 202 179 189 177 176 166 106 17 0 0 0 0 0 0 0 0 0 0 0 0 
0 0 0 0 0 0 0 0 0 0 0 0 0 0 36 94 159 188 155 196 181 153 201 150 102 24 0 0 0 0 0 0 0 0 0 0 0 0 0 0 
0 0 0 0 0 0 0 0 0 0 0 0 0 0 0 0 0 19 40 57 60 38 19 0 0 0 0 0 0 0 0 0 0 0 0 0 0 0 0 0 
0 0 0 0 0 0 0 0 0 0 0 0 0 0 0 0 0 0 0 0 0 0 0 0 0 0 0 0 0 0 0 0 0 0 0 0 0 0 0 0 
0 0 0 0 0 0 0 0 0 0 0 0 0 0 0 0 0 0 0 0 0 0 0 0 0 0 0 0 0 0 0 0 0 0 0 0 0 0 0 0 
0 0 0 0 0 0 0 0 0 0 0 0 0 0 0 0 0 0 0 0 0 0 0 0 0 0 0 0 0 0 0 0 0 0 0 0 0 0 0 0 
0 0 0 0 0 0 0 0 0 0 0 0 0 0 0 0 0 0 0 0 0 0 0 0 0 0 0 0 0 0 0 0 0 0 0 0 0 0 0 0 
0 0 0 0 0 0 0 0 0 0 0 0 0 0 0 0 0 0 0 0 0 0 0 0 0 0 0 0 0 0 0 0 0 0 0 0 0 0 0 0 
0 0 0 0 0 0 0 0 0 0 0 0 0 0 0 0 0 0 0 0 0 0 0 0 0 0 0 0 0 0 0 0 0 0 0 0 0 0 0 0 
