# Format: McCode with text headers
# URL: http://www.mccode.org
# Creator: McStas 2.5 - Dec. 12, 2018
# Instrument: ESS_HEIMDAL.instr
# Ncount: 250000
# Trace: no
# Gravitation: no
# Seed: 1565866229
# Directory: TauScan/6
# Nodes: 4
# Param: lmax=4
# Param: lmin=0.5
# Param: T=200
# Param: tau=60
# Param: use_CoFe2O4=1
# Param: use_CoFe=1
# Param: use_magn=1
# Date: Wed Aug 14 15:23:33 2019 (1565789013)
# type: array_2d(40, 40)
# Source: ESS_HEIMDAL (ESS_HEIMDAL.instr)
# component: psd_source
# position: 0 0 0.01
# title: PSD monitor
# Ncount: 1000000
# filename: PSD_source.dat
# statistics: X0=0.000200249; dX=5.00924; Y0=0.006438; dY=5.00347;
# signal: Min=0; Max=6.47908e+06; Mean=2.13803e+06;
# values: 3.42084e+09 3.42084e+06 1e+06
# xvar: X 
# yvar: Y 
# xlabel: X position [cm]
# ylabel: Y position [cm]
# zvar: I
# zlabel: Signal per bin
# xylimits: -15 15 -15 15
# variables: I I_err N
# Data [psd_source/PSD_source.dat] I:
0 0 0 0 0 0 0 0 0 0 0 0 0 0 0 0 0 0 0 0 0 0 0 0 0 0 0 0 0 0 0 0 0 0 0 0 0 0 0 0 
0 0 0 0 0 0 0 0 0 0 0 0 0 0 0 0 0 0 0 0 0 0 0 0 0 0 0 0 0 0 0 0 0 0 0 0 0 0 0 0 
0 0 0 0 0 0 0 0 0 0 0 0 0 0 0 0 0 0 0 0 0 0 0 0 0 0 0 0 0 0 0 0 0 0 0 0 0 0 0 0 
0 0 0 0 0 0 0 0 0 0 0 0 0 0 0 0 0 0 0 0 0 0 0 0 0 0 0 0 0 0 0 0 0 0 0 0 0 0 0 0 
0 0 0 0 0 0 0 0 0 0 0 0 0 0 0 0 0 0 0 0 0 0 0 0 0 0 0 0 0 0 0 0 0 0 0 0 0 0 0 0 
0 0 0 0 0 0 0 0 0 0 0 0 0 0 0 0 0 0 0 0 0 0 0 0 0 0 0 0 0 0 0 0 0 0 0 0 0 0 0 0 
0 0 0 0 0 0 0 0 0 0 0 0 0 0 0 0 0 547334.7559 1477803.831 1908829.959 2093555.431 1505170.588 519968.0337 0 0 0 0 0 0 0 0 0 0 0 0 0 0 0 0 0 
0 0 0 0 0 0 0 0 0 0 0 0 0 0 862052.2533 3325058.678 5401510.094 6212249.918 6006999.383 6109624.736 6065153.781 6349083.642 6181462.264 5124421.866 3181383.292 971519.1786 0 0 0 0 0 0 0 0 0 0 0 0 0 0 
0 0 0 0 0 0 0 0 0 0 0 0 656801.6954 3865551.808 5989895.052 5842799.151 6130150.253 5948845.684 6044629.386 6017262.687 6136992.245 6438026.442 6075416.869 6092520.94 6297771.226 6284087.562 3920285.267 615751.5839 0 0 0 0 0 0 0 0 0 0 0 0 
0 0 0 0 0 0 0 0 0 0 0 1713841.957 5709385.944 6171200.053 6150675.397 6273825.966 6003579.576 5996738.196 6164359.604 6171201.324 6236197.297 6246459.88 6222513.688 6171200.951 5976212.684 6246458.982 6208829.351 5572552.218 1744629.568 0 0 0 0 0 0 0 0 0 0 0 
0 0 0 0 0 0 0 0 0 0 2322751.884 6061732.789 6054891.516 6037787.746 5870166.842 6243039.035 6102784.74 5866746.68 6000159.682 6270406.419 6061734.977 6325139.876 6078839.046 5983055.188 6068576.044 6030946.485 6181463.202 5972791.249 5972790.892 2004613.554 0 0 0 0 0 0 0 0 0 0 
0 0 0 0 0 0 0 0 0 1642004.272 5952265.823 5914637.045 6342242.906 6195147.197 6263564.423 6000159.748 5750438.378 5945426.623 6253302.737 6253302.752 6061735.495 5904376.611 6126731.326 6102785.3 6020684.777 6109626.394 6099363.52 6102783.862 6318296.537 6119887.163 1686475.235 0 0 0 0 0 0 0 0 0 
0 0 0 0 0 0 0 0 571280.6494 5490452.047 6256721.29 6075417.185 6078838.504 6458552.484 5945426.379 5935164.138 6143835.951 6243040.536 6034369.153 6068577.684 6017264.959 6472237.234 6130152.718 5883851.746 6089102.104 6205410.431 6160939.172 5880429.579 6201988.385 6143833.515 5822273.699 571280.6466 0 0 0 0 0 0 0 0 
0 0 0 0 0 0 0 0 3998964.632 6113045.716 6126729.733 5989896.522 5832538.195 5907797.177 6301194.577 6136994.378 6246461.65 6304616.197 6130153.238 6071998.945 5924902.611 6089103.089 6140415.657 5983056.646 5959110.469 5873589.104 6215673.055 6133572.425 6089101.003 6095942.097 5996737.047 3718455.569 0 0 0 0 0 0 0 0 
0 0 0 0 0 0 0 916785.7096 6342241.866 6068575.145 6195146.908 6123309.787 6068576.744 6215673.456 6215673.867 6089102.943 6095944.893 5962532.1 6297774.983 5952269.783 6181466.31 6030949.103 5948848.7 5859906.585 6037790.246 6160940.36 6037789.57 5983055.683 6106205.581 6102784.188 6284088.219 6184883.114 947573.2951 0 0 0 0 0 0 0 
0 0 0 0 0 0 0 3431104.841 5866745.073 6136992.278 6136992.88 5911217.784 6270406.894 6017264.822 6167782.329 6078840.698 6321720.921 5986478.323 6441450.768 6126733.143 6017266.088 6157520.667 6232779.146 6106207.686 6020686.327 6167782.372 6229357.176 6085681.316 6024105.618 6249880.736 6338822.05 6266983.635 3434525.646 0 0 0 0 0 0 0 
0 0 0 0 0 0 0 5274938.913 6123308.483 6277247.083 6417502.297 6414082.034 6136994.175 6157519.709 5846223.206 6164362.079 6208833.276 5979636.863 6205412.723 6126733.395 6000162.09 6164362.622 6106208.129 5907798.948 6256724.853 6106207.387 6106207.03 6212252.784 6109626.937 6331981.218 6113046.634 6246458.844 5346776.632 0 0 0 0 0 0 0 
0 0 0 0 0 0 612330.7581 6256720.804 5938583.184 6123309.335 6229356.105 6143835.578 6191727.887 5907798.248 5983057.181 6133574.648 5983057.695 5972795.369 6020687.294 6178046.246 6174625.388 6130154.379 6225937.878 6092524.732 6126732.958 6051474.062 6143836.5 6017264.847 6212252.439 6078838.994 6253301.406 5955687.381 6479075.565 677326.7551 0 0 0 0 0 0 
0 0 0 0 0 0 1525695.62 6400396.299 6304613.476 5928321.413 6338823.218 6147256.534 5808593.46 6205411.812 6140416.146 5900957.319 6342246.556 5993320.529 6195150.528 6174625.533 6178046.381 6051475.018 6041212.368 5948849.382 5993320.138 6020686.581 6232778.578 5918060.476 6328561.282 6294352.274 6007000.8 5870166.42 5849640.658 1426491.202 0 0 0 0 0 0 
0 0 0 0 0 0 1888304.914 6010420.326 6253300.903 6164359.638 6260143.895 5928322.596 6321720.154 6054894.722 5918061.295 6294354.524 6051474.788 6054895.808 6263567.483 6164363.039 6126733.751 6205413.13 6092525.109 6232779.577 6017266.094 6041211.717 5962531.921 6164361.323 5798330.515 6280668.969 5924900.605 6314876.073 6304612.783 1943038.385 0 0 0 0 0 0 
0 0 0 0 0 0 2196180.708 6249879.315 5969370.919 6167780.515 6280668.947 6071998.033 6232778.198 6297774.682 6147257.896 6222516.786 5962532.812 6007003.994 6167783.827 6160942.199 5986479.088 6020687.48 5897536.934 5935166.049 6212254.253 6092524.384 6225936.953 6058315.133 6314877.959 6219093.767 6314876.733 6414080.515 6164358.238 1867779.868 0 0 0 0 0 0 
0 0 0 0 0 0 1450437.102 6034366.151 6273825.874 6167780.444 6174622.738 5938585.066 6109627.75 6024107.06 6219095.565 5835961.274 6085683.184 6075420.822 6058316.722 5928324.662 6119891.993 6253304.876 6051474.919 5979636.996 6178045.759 6243041.481 6335403.895 6109627.749 6048052.061 5894113.557 6027525.876 6007000.146 6236195.863 1604375.002 0 0 0 0 0 0 
0 0 0 0 0 0 543913.9109 6037786.877 6280667.429 6338822.477 6099364.057 6171202.325 6239619.717 6208832.532 6352508.382 6212254.066 6236200.237 6065158.183 6201992.099 6253304.822 5969374.692 6116470.96 6037791.413 6095945.574 6171203.927 6195149.535 6089102.991 6140415.241 6232777.517 6102784.898 6109625.99 6212250.588 6044628.554 502863.8011 0 0 0 0 0 0 
0 0 0 0 0 0 0 5172313.612 6143833.572 5979633.754 6318297.86 6030947.547 6215673.58 6225936.551 6171203.442 6020686.57 5942007.414 6379875.725 6061737.266 6290933.919 6133575.095 6136995.852 6273829.554 6119891.293 5965953.05 6089103.166 5948848.199 6113048.289 6051472.625 6160939.046 6232776.145 6253300.5 5199680.375 0 0 0 0 0 0 0 
0 0 0 0 0 0 0 3338742.083 6195145.94 5924900.061 6065155.213 5948847.057 6280669.389 6116469.265 5952269.144 6065157.313 6000161.51 6304616.852 6147258.177 6263566.924 6236200.186 6116470.584 5983057.447 6140416.159 6294353.88 6256724.28 5972793.875 6078839.585 6188306.09 6212251.466 6225934.213 6123308.263 3403738.071 0 0 0 0 0 0 0 
0 0 0 0 0 0 0 903102.3434 6003578.475 5887270.451 6301193.052 6061734.587 5935163.874 6130152.377 6225936.413 6212253.328 6243041.184 6191728.661 6109628.553 6102786.87 6075420.142 6301195.83 6260145.596 6277249.588 6215674.231 6082260.953 5979635.264 6171202.068 6246460.166 5986475.481 6034366.679 6191724.8 824422.9798 0 0 0 0 0 0 0 
0 0 0 0 0 0 0 0 3841605.911 6000157.9 6393555.441 5986475.674 6277247.883 6133572.882 6133573.251 6164361.15 6048052.715 6071998.739 6078840.605 6041211.307 5948848.522 5989898.59 6136994.802 6201990.635 6071998.339 6314878.005 6068576.803 6335402.206 6174622.08 6239617.498 6051470.487 3964756.233 0 0 0 0 0 0 0 0 
0 0 0 0 0 0 0 0 557597.2887 5723069.265 6006999.778 6290930.288 6273826.566 6171201.727 5750438.289 6277248.494 6116469.146 6277248.95 6212253.063 6143836.247 6195148.964 6273828.283 6243040.583 6174623.438 6160939.895 6126731.11 6263564.477 6188305.533 5948845.997 6106204.228 5931740.651 574701.4949 0 0 0 0 0 0 0 0 
0 0 0 0 0 0 0 0 0 1676212.701 5719648.588 6205408.71 6260142.735 6328559.999 6229355.906 6232777.06 6113047.844 6133573.068 6266986.141 6277248.725 5866747.368 6195148.36 6116468.779 6119889.499 6147255.968 6133572.286 5818854.389 6239617.648 6342242.46 5907794.882 1833571.399 0 0 0 0 0 0 0 0 0 
0 0 0 0 0 0 0 0 0 0 2261176.741 6102782.879 6208829.47 5952266.723 6201988.718 6239618.204 6082259.618 6010422.103 5911217.759 6314877.382 5582816.797 6147256.002 6167780.872 6366189.641 6085680.218 6215671.896 6222513.33 6174621.129 6109624.666 2079872.087 0 0 0 0 0 0 0 0 0 0 
0 0 0 0 0 0 0 0 0 0 0 1768575.462 5726490.16 6102783.19 6246459 6007000.292 6167780.002 6208830.456 6126730.273 6253301.599 6068576.008 6167780.479 6085680.127 6253301.183 6150675.758 6150675.377 6030945.491 5367301.701 1710421.118 0 0 0 0 0 0 0 0 0 0 0 
0 0 0 0 0 0 0 0 0 0 0 0 646539.1714 3858710.087 6219091.575 6164358.395 6034366.615 6106204.351 6143833.873 6167779.833 6157517.259 6054892.029 6071996.035 5983053.9 6044628.902 6095941.173 3643196.986 622593.289 0 0 0 0 0 0 0 0 0 0 0 0 
0 0 0 0 0 0 0 0 0 0 0 0 0 0 927048.2338 3280587.759 5507556.17 6102782.877 6054891.277 5921478.355 6109624.741 6284087.65 6024103.499 5233888.82 3379792.172 882577.2953 0 0 0 0 0 0 0 0 0 0 0 0 0 0 
0 0 0 0 0 0 0 0 0 0 0 0 0 0 0 0 0 554176.4311 1481224.708 2141447.281 2042242.735 1477803.816 574701.4961 0 0 0 0 0 0 0 0 0 0 0 0 0 0 0 0 0 
0 0 0 0 0 0 0 0 0 0 0 0 0 0 0 0 0 0 0 0 0 0 0 0 0 0 0 0 0 0 0 0 0 0 0 0 0 0 0 0 
0 0 0 0 0 0 0 0 0 0 0 0 0 0 0 0 0 0 0 0 0 0 0 0 0 0 0 0 0 0 0 0 0 0 0 0 0 0 0 0 
0 0 0 0 0 0 0 0 0 0 0 0 0 0 0 0 0 0 0 0 0 0 0 0 0 0 0 0 0 0 0 0 0 0 0 0 0 0 0 0 
0 0 0 0 0 0 0 0 0 0 0 0 0 0 0 0 0 0 0 0 0 0 0 0 0 0 0 0 0 0 0 0 0 0 0 0 0 0 0 0 
0 0 0 0 0 0 0 0 0 0 0 0 0 0 0 0 0 0 0 0 0 0 0 0 0 0 0 0 0 0 0 0 0 0 0 0 0 0 0 0 
0 0 0 0 0 0 0 0 0 0 0 0 0 0 0 0 0 0 0 0 0 0 0 0 0 0 0 0 0 0 0 0 0 0 0 0 0 0 0 0 
# Errors [psd_source/PSD_source.dat] I_err:
0 0 0 0 0 0 0 0 0 0 0 0 0 0 0 0 0 0 0 0 0 0 0 0 0 0 0 0 0 0 0 0 0 0 0 0 0 0 0 0 
0 0 0 0 0 0 0 0 0 0 0 0 0 0 0 0 0 0 0 0 0 0 0 0 0 0 0 0 0 0 0 0 0 0 0 0 0 0 0 0 
0 0 0 0 0 0 0 0 0 0 0 0 0 0 0 0 0 0 0 0 0 0 0 0 0 0 0 0 0 0 0 0 0 0 0 0 0 0 0 0 
0 0 0 0 0 0 0 0 0 0 0 0 0 0 0 0 0 0 0 0 0 0 0 0 0 0 0 0 0 0 0 0 0 0 0 0 0 0 0 0 
0 0 0 0 0 0 0 0 0 0 0 0 0 0 0 0 0 0 0 0 0 0 0 0 0 0 0 0 0 0 0 0 0 0 0 0 0 0 0 0 
0 0 0 0 0 0 0 0 0 0 0 0 0 0 0 0 0 0 0 0 0 0 0 0 0 0 0 0 0 0 0 0 0 0 0 0 0 0 0 0 
0 0 0 0 0 0 0 0 0 0 0 0 0 0 0 0 0 43270.61178 71100.86995 80807.21575 84626.96251 71756.19232 42174.97668 0 0 0 0 0 0 0 0 0 0 0 0 0 0 0 0 0 
0 0 0 0 0 0 0 0 0 0 0 0 0 0 54304.18761 106651.3068 135932.7575 145777.6675 143349.2191 144568.5445 144041.4382 147374.4043 145415.9839 132400.3 104321.6678 57649.05709 0 0 0 0 0 0 0 0 0 0 0 0 0 0 
0 0 0 0 0 0 0 0 0 0 0 0 47400.57946 114993.231 143144.9859 141376.4344 144811.1881 142653.6579 143797.5224 143471.6363 144891.9826 148403.0909 144163.2625 144366.049 146777.6689 146618.1211 115804.4802 45895.4133 0 0 0 0 0 0 0 0 0 0 0 0 
0 0 0 0 0 0 0 0 0 0 0 76568.81179 139753.0302 145295.2306 145053.417 146498.3731 143308.4211 143226.7479 145214.6968 145295.2606 146058.3911 146178.5226 145898.058 145295.2518 142981.4156 146178.5016 145737.5314 138068.1814 77253.49576 0 0 0 0 0 0 0 0 0 0 0 
0 0 0 0 0 0 0 0 0 0 89139.03616 144000.8081 143919.5304 143716.121 141707.1629 146138.4901 144487.6164 141665.8834 143267.6093 146458.4583 144000.8601 147096.2762 144203.8749 143063.2557 144082.087 143634.6825 145416.0059 142940.4736 142940.465 82809.82263 0 0 0 0 0 0 0 0 0 0 
0 0 0 0 0 0 0 0 0 74946.89827 142694.6511 142242.9015 147295.0006 145576.8791 146378.5283 143267.6109 140254.5946 142612.6787 146258.582 146258.5824 144000.8724 142119.495 144770.8228 144487.6297 143512.4424 144568.5837 144447.1064 144487.5956 147016.6617 144689.9093 75955.02456 0 0 0 0 0 0 0 0 0 
0 0 0 0 0 0 0 0 44207.02388 137047.3317 146298.5281 144163.27 144203.8621 148639.4871 142612.6729 142489.5433 144972.7726 146138.5253 143675.456 144082.126 143471.6905 148796.8925 144811.2464 141872.2636 144325.5614 145697.4229 145174.4083 141830.9837 145657.23 144972.7151 141127.8871 44207.02366 0 0 0 0 0 0 0 0 
0 0 0 0 0 0 0 0 116960.7939 144609.0148 144770.7852 143145.0211 141252.2583 142160.6525 146817.5855 144892.033 146178.564 146857.451 144811.2586 144122.7395 142366.3243 144325.5847 144932.42 143063.2906 142776.707 141748.4811 145817.8528 144851.6188 144325.5352 144406.5802 143226.7204 112784.086 0 0 0 0 0 0 0 0 
0 0 0 0 0 0 0 56001.60037 147294.9764 144082.0657 145576.8723 144730.3846 144082.1036 145817.8622 145817.8718 144325.5812 144406.6464 142817.7006 146777.7565 142694.7461 145416.0791 143634.7448 142653.7302 141583.2937 143716.1805 145174.4363 143716.1644 143063.2675 144528.1061 144487.6033 146618.1364 145456.2153 56934.1614 0 0 0 0 0 0 0 
0 0 0 0 0 0 0 108338.6756 141665.8446 144891.9834 144891.9976 142201.7991 146458.4694 143471.6872 145255.0282 144203.9141 147056.5375 143104.2032 148442.5929 144770.8658 143471.7174 145134.154 146018.3888 144528.1559 143512.4794 145255.0292 145978.286 144285.0161 143553.2071 146218.5444 147255.2713 146418.4571 108392.6682 0 0 0 0 0 0 0 
0 0 0 0 0 0 0 134330.6907 144730.3537 146538.3136 148166.3614 148126.8795 144892.0282 145134.1314 141417.8926 145214.7551 145737.6235 143022.4115 145697.4767 144770.8717 143267.6668 145214.7679 144528.1664 142160.6951 146298.6114 144528.1488 144528.1404 145777.7347 144568.5966 147175.8012 144609.0365 146178.4984 135242.3013 0 0 0 0 0 0 0 
0 0 0 0 0 0 45767.7497 146298.5167 142530.5575 144730.3739 145978.2609 144972.7638 145536.7171 142160.6783 143063.3034 144851.6713 143063.3157 142940.5722 143512.5024 145375.855 145335.6011 144811.2856 145938.2348 144366.1388 144770.8614 143878.95 144972.7855 143471.6878 145777.7266 144203.8737 146258.5509 142735.6666 148875.4399 48135.51647 0 0 0 0 0 0 
0 0 0 0 0 0 72243.78145 147968.7386 146857.3876 142407.3681 147255.2985 145013.1207 140962.0278 145697.4553 144932.4316 142078.3562 147295.0853 143185.966 145576.9573 145335.6045 145375.8582 143878.9727 143756.918 142653.7466 143185.9567 143512.4854 146018.3755 142284.0922 147136.0611 146737.844 143349.2529 141707.1527 141459.179 69855.57472 0 0 0 0 0 0 
0 0 0 0 0 0 80371.5945 143390.0327 146258.5392 145214.6976 146338.5579 142407.3966 147056.5196 143919.6066 142284.1119 146737.8965 143878.9672 143919.6324 146378.5998 145214.7777 144770.8801 145697.4863 144366.1477 146018.3989 143471.7176 143756.9025 142817.6963 145214.7373 140837.438 146578.2612 142366.2761 146976.8664 146857.3714 81528.07954 0 0 0 0 0 0 
0 0 0 0 0 0 86676.33876 146218.5112 142899.5463 145254.9855 146578.2607 144122.7179 146018.3666 146777.7495 145013.1528 145898.1306 142817.7177 143349.3292 145255.0635 145174.4796 143104.2215 143512.5068 142037.1791 142489.5891 145777.7692 144366.1306 145938.2132 143960.2458 146976.9103 145857.9702 146976.8817 148126.8445 145214.6646 79933.59921 0 0 0 0 0 0 
0 0 0 0 0 0 70439.45257 143675.3845 146498.3709 145254.9838 145335.5387 142530.6026 144568.6158 143553.2415 145858.0123 141293.7293 144285.0604 144163.3563 143960.2836 142407.4462 144690.0235 146258.6321 143878.9703 143022.4147 145375.8435 146138.5474 147215.5941 144568.6158 143838.25 141995.9181 143593.9464 143349.2373 146058.3575 74083.15427 0 0 0 0 0 0 
0 0 0 0 0 0 43135.17896 143716.1003 146578.2252 147255.2813 144447.1191 145295.2841 146098.4824 145737.606 147414.1915 145777.7648 146058.46 144041.5427 145657.3172 146258.6308 142899.6366 144649.5746 143716.2083 144406.6626 145295.3218 145576.934 144325.5824 144932.4102 146018.3506 144487.6201 144568.5742 145777.6832 143797.5026 41475.50728 0 0 0 0 0 0 
0 0 0 0 0 0 0 133017.5529 144972.7164 143022.3371 147016.6925 143634.7078 145817.8651 145938.2037 145295.3104 143512.4851 142571.6842 147731.3958 144000.9145 146698.0222 144851.6818 144892.0678 146498.4568 144690.007 142858.6662 144325.5865 142653.7182 144609.0757 143878.9158 145174.4053 146018.3185 146258.5297 133368.9876 0 0 0 0 0 0 0 
0 0 0 0 0 0 0 106870.5298 145576.8495 142366.263 144041.4722 142653.6908 146578.271 144649.5346 142694.7308 144041.5221 143267.6529 146857.4662 145013.1594 146378.5868 146058.4588 144649.5657 143063.3097 144932.4319 146737.8815 146298.598 142940.5364 144203.8877 145496.4857 145777.7038 145938.1489 144730.3485 107905.7511 0 0 0 0 0 0 0 
0 0 0 0 0 0 0 55582.10698 143308.3948 141913.4479 146817.55 144000.8508 142489.5369 144811.2383 145938.2005 145777.7475 146138.5404 145536.7353 144568.6348 144487.6668 144163.3401 146817.6147 146338.5977 146538.3721 145817.8804 144244.4695 143022.3733 145295.2781 146178.5293 143104.1353 143675.3971 145536.6446 53105.75254 0 0 0 0 0 0 0 
0 0 0 0 0 0 0 0 114636.5039 143267.5668 147889.6512 143104.1399 146538.3323 144851.6296 144851.6383 145214.7332 143838.2655 144122.7346 144203.9119 143756.8927 142653.726 143145.0705 144892.043 145657.2828 144122.7251 146976.9113 144082.1051 147215.5549 145335.5232 146098.4305 143878.865 116459.4601 0 0 0 0 0 0 0 0 
0 0 0 0 0 0 0 0 43674.39032 139920.3979 143349.2286 146697.9375 146498.3871 145295.2701 140254.5924 146538.3465 144649.5317 146538.3572 145777.7412 144972.7796 145576.9206 146498.4272 146138.5264 145335.5552 145174.4253 144770.8177 146378.5296 145496.4726 142653.6654 144528.0741 142448.4106 44339.18294 0 0 0 0 0 0 0 0 
0 0 0 0 0 0 0 0 0 75723.57111 139878.5785 145697.3825 146338.5308 147136.0313 145978.2562 146018.3399 144609.0651 144851.634 146418.5156 146538.3519 141665.9 145576.9064 144649.5231 144689.9646 145013.1073 144851.6155 141086.4587 146098.434 147294.9902 142160.5973 79198.22188 0 0 0 0 0 0 0 0 0 
0 0 0 0 0 0 0 0 0 0 87949.58203 144487.5723 145737.5342 142694.6727 145657.2378 146098.447 144244.4379 143390.0751 142201.7985 146976.8968 138195.3084 145013.1081 145254.9939 147572.8229 144284.99 145817.8256 145898.0496 145335.5008 144568.5429 84349.95143 0 0 0 0 0 0 0 0 0 0 
0 0 0 0 0 0 0 0 0 0 0 77781.85989 139962.2102 144487.5797 146178.502 143349.2408 145254.9734 145737.5573 144770.798 146258.5554 144082.0862 145254.9846 144284.9879 146258.5457 145053.4256 145053.4166 143634.6588 135501.6352 76492.35782 0 0 0 0 0 0 0 0 0 0 0 
0 0 0 0 0 0 0 0 0 0 0 0 47028.80465 114891.4209 145857.9187 145214.6683 143675.3956 144528.0769 144972.7235 145254.9694 145134.0736 143919.5426 144122.6704 143063.2249 143797.5109 144406.5583 111636.921 46149.685 0 0 0 0 0 0 0 0 0 0 0 0 
0 0 0 0 0 0 0 0 0 0 0 0 0 0 56314.16972 105935.7039 137260.6329 144487.5723 143919.5247 142325.1375 144568.5446 146618.1231 143553.1566 133806.9827 107525.513 54946.86236 0 0 0 0 0 0 0 0 0 0 0 0 0 0 
0 0 0 0 0 0 0 0 0 0 0 0 0 0 0 0 0 43540.21249 71183.11677 85589.44707 83583.43094 71100.86924 44339.18303 0 0 0 0 0 0 0 0 0 0 0 0 0 0 0 0 0 
0 0 0 0 0 0 0 0 0 0 0 0 0 0 0 0 0 0 0 0 0 0 0 0 0 0 0 0 0 0 0 0 0 0 0 0 0 0 0 0 
0 0 0 0 0 0 0 0 0 0 0 0 0 0 0 0 0 0 0 0 0 0 0 0 0 0 0 0 0 0 0 0 0 0 0 0 0 0 0 0 
0 0 0 0 0 0 0 0 0 0 0 0 0 0 0 0 0 0 0 0 0 0 0 0 0 0 0 0 0 0 0 0 0 0 0 0 0 0 0 0 
0 0 0 0 0 0 0 0 0 0 0 0 0 0 0 0 0 0 0 0 0 0 0 0 0 0 0 0 0 0 0 0 0 0 0 0 0 0 0 0 
0 0 0 0 0 0 0 0 0 0 0 0 0 0 0 0 0 0 0 0 0 0 0 0 0 0 0 0 0 0 0 0 0 0 0 0 0 0 0 0 
0 0 0 0 0 0 0 0 0 0 0 0 0 0 0 0 0 0 0 0 0 0 0 0 0 0 0 0 0 0 0 0 0 0 0 0 0 0 0 0 
# Events [psd_source/PSD_source.dat] N:
0 0 0 0 0 0 0 0 0 0 0 0 0 0 0 0 0 0 0 0 0 0 0 0 0 0 0 0 0 0 0 0 0 0 0 0 0 0 0 0 
0 0 0 0 0 0 0 0 0 0 0 0 0 0 0 0 0 0 0 0 0 0 0 0 0 0 0 0 0 0 0 0 0 0 0 0 0 0 0 0 
0 0 0 0 0 0 0 0 0 0 0 0 0 0 0 0 0 0 0 0 0 0 0 0 0 0 0 0 0 0 0 0 0 0 0 0 0 0 0 0 
0 0 0 0 0 0 0 0 0 0 0 0 0 0 0 0 0 0 0 0 0 0 0 0 0 0 0 0 0 0 0 0 0 0 0 0 0 0 0 0 
0 0 0 0 0 0 0 0 0 0 0 0 0 0 0 0 0 0 0 0 0 0 0 0 0 0 0 0 0 0 0 0 0 0 0 0 0 0 0 0 
0 0 0 0 0 0 0 0 0 0 0 0 0 0 0 0 0 0 0 0 0 0 0 0 0 0 0 0 0 0 0 0 0 0 0 0 0 0 0 0 
0 0 0 0 0 0 0 0 0 0 0 0 0 0 0 0 0 160 432 558 612 440 152 0 0 0 0 0 0 0 0 0 0 0 0 0 0 0 0 0 
0 0 0 0 0 0 0 0 0 0 0 0 0 0 252 972 1579 1816 1756 1786 1773 1856 1807 1498 930 284 0 0 0 0 0 0 0 0 0 0 0 0 0 0 
0 0 0 0 0 0 0 0 0 0 0 0 192 1130 1751 1708 1792 1739 1767 1759 1794 1882 1776 1781 1841 1837 1146 180 0 0 0 0 0 0 0 0 0 0 0 0 
0 0 0 0 0 0 0 0 0 0 0 501 1669 1804 1798 1834 1755 1753 1802 1804 1823 1826 1819 1804 1747 1826 1815 1629 510 0 0 0 0 0 0 0 0 0 0 0 
0 0 0 0 0 0 0 0 0 0 679 1772 1770 1765 1716 1825 1784 1715 1754 1833 1772 1849 1777 1749 1774 1763 1807 1746 1746 586 0 0 0 0 0 0 0 0 0 0 
0 0 0 0 0 0 0 0 0 480 1740 1729 1854 1811 1831 1754 1681 1738 1828 1828 1772 1726 1791 1784 1760 1786 1783 1784 1847 1789 493 0 0 0 0 0 0 0 0 0 
0 0 0 0 0 0 0 0 167 1605 1829 1776 1777 1888 1738 1735 1796 1825 1764 1774 1759 1892 1792 1720 1780 1814 1801 1719 1813 1796 1702 167 0 0 0 0 0 0 0 0 
0 0 0 0 0 0 0 0 1169 1787 1791 1751 1705 1727 1842 1794 1826 1843 1792 1775 1732 1780 1795 1749 1742 1717 1817 1793 1780 1782 1753 1087 0 0 0 0 0 0 0 0 
0 0 0 0 0 0 0 268 1854 1774 1811 1790 1774 1817 1817 1780 1782 1743 1841 1740 1807 1763 1739 1713 1765 1801 1765 1749 1785 1784 1837 1808 277 0 0 0 0 0 0 0 
0 0 0 0 0 0 0 1003 1715 1794 1794 1728 1833 1759 1803 1777 1848 1750 1883 1791 1759 1800 1822 1785 1760 1803 1821 1779 1761 1827 1853 1832 1004 0 0 0 0 0 0 0 
0 0 0 0 0 0 0 1542 1790 1835 1876 1875 1794 1800 1709 1802 1815 1748 1814 1791 1754 1802 1785 1727 1829 1785 1785 1816 1786 1851 1787 1826 1563 0 0 0 0 0 0 0 
0 0 0 0 0 0 179 1829 1736 1790 1821 1796 1810 1727 1749 1793 1749 1746 1760 1806 1805 1792 1820 1781 1791 1769 1796 1759 1816 1777 1828 1741 1894 198 0 0 0 0 0 0 
0 0 0 0 0 0 446 1871 1843 1733 1853 1797 1698 1814 1795 1725 1854 1752 1811 1805 1806 1769 1766 1739 1752 1760 1822 1730 1850 1840 1756 1716 1710 417 0 0 0 0 0 0 
0 0 0 0 0 0 552 1757 1828 1802 1830 1733 1848 1770 1730 1840 1769 1770 1831 1802 1791 1814 1781 1822 1759 1766 1743 1802 1695 1836 1732 1846 1843 568 0 0 0 0 0 0 
0 0 0 0 0 0 642 1827 1745 1803 1836 1775 1822 1841 1797 1819 1743 1756 1803 1801 1750 1760 1724 1735 1816 1781 1820 1771 1846 1818 1846 1875 1802 546 0 0 0 0 0 0 
0 0 0 0 0 0 424 1764 1834 1803 1805 1736 1786 1761 1818 1706 1779 1776 1771 1733 1789 1828 1769 1748 1806 1825 1852 1786 1768 1723 1762 1756 1823 469 0 0 0 0 0 0 
0 0 0 0 0 0 159 1765 1836 1853 1783 1804 1824 1815 1857 1816 1823 1773 1813 1828 1745 1788 1765 1782 1804 1811 1780 1795 1822 1784 1786 1816 1767 147 0 0 0 0 0 0 
0 0 0 0 0 0 0 1512 1796 1748 1847 1763 1817 1820 1804 1760 1737 1865 1772 1839 1793 1794 1834 1789 1744 1780 1739 1787 1769 1801 1822 1828 1520 0 0 0 0 0 0 0 
0 0 0 0 0 0 0 976 1811 1732 1773 1739 1836 1788 1740 1773 1754 1843 1797 1831 1823 1788 1749 1795 1840 1829 1746 1777 1809 1816 1820 1790 995 0 0 0 0 0 0 0 
0 0 0 0 0 0 0 264 1755 1721 1842 1772 1735 1792 1820 1816 1825 1810 1786 1784 1776 1842 1830 1835 1817 1778 1748 1804 1826 1750 1764 1810 241 0 0 0 0 0 0 0 
0 0 0 0 0 0 0 0 1123 1754 1869 1750 1835 1793 1793 1802 1768 1775 1777 1766 1739 1751 1794 1813 1775 1846 1774 1852 1805 1824 1769 1159 0 0 0 0 0 0 0 0 
0 0 0 0 0 0 0 0 163 1673 1756 1839 1834 1804 1681 1835 1788 1835 1816 1796 1811 1834 1825 1805 1801 1791 1831 1809 1739 1785 1734 168 0 0 0 0 0 0 0 0 
0 0 0 0 0 0 0 0 0 490 1672 1814 1830 1850 1821 1822 1787 1793 1832 1835 1715 1811 1788 1789 1797 1793 1701 1824 1854 1727 536 0 0 0 0 0 0 0 0 0 
0 0 0 0 0 0 0 0 0 0 661 1784 1815 1740 1813 1824 1778 1757 1728 1846 1632 1797 1803 1861 1779 1817 1819 1805 1786 608 0 0 0 0 0 0 0 0 0 0 
0 0 0 0 0 0 0 0 0 0 0 517 1674 1784 1826 1756 1803 1815 1791 1828 1774 1803 1779 1828 1798 1798 1763 1569 500 0 0 0 0 0 0 0 0 0 0 0 
0 0 0 0 0 0 0 0 0 0 0 0 189 1128 1818 1802 1764 1785 1796 1803 1800 1770 1775 1749 1767 1782 1065 182 0 0 0 0 0 0 0 0 0 0 0 0 
0 0 0 0 0 0 0 0 0 0 0 0 0 0 271 959 1610 1784 1770 1731 1786 1837 1761 1530 988 258 0 0 0 0 0 0 0 0 0 0 0 0 0 0 
0 0 0 0 0 0 0 0 0 0 0 0 0 0 0 0 0 162 433 626 597 432 168 0 0 0 0 0 0 0 0 0 0 0 0 0 0 0 0 0 
0 0 0 0 0 0 0 0 0 0 0 0 0 0 0 0 0 0 0 0 0 0 0 0 0 0 0 0 0 0 0 0 0 0 0 0 0 0 0 0 
0 0 0 0 0 0 0 0 0 0 0 0 0 0 0 0 0 0 0 0 0 0 0 0 0 0 0 0 0 0 0 0 0 0 0 0 0 0 0 0 
0 0 0 0 0 0 0 0 0 0 0 0 0 0 0 0 0 0 0 0 0 0 0 0 0 0 0 0 0 0 0 0 0 0 0 0 0 0 0 0 
0 0 0 0 0 0 0 0 0 0 0 0 0 0 0 0 0 0 0 0 0 0 0 0 0 0 0 0 0 0 0 0 0 0 0 0 0 0 0 0 
0 0 0 0 0 0 0 0 0 0 0 0 0 0 0 0 0 0 0 0 0 0 0 0 0 0 0 0 0 0 0 0 0 0 0 0 0 0 0 0 
0 0 0 0 0 0 0 0 0 0 0 0 0 0 0 0 0 0 0 0 0 0 0 0 0 0 0 0 0 0 0 0 0 0 0 0 0 0 0 0 
