# Format: McCode with text headers
# URL: http://www.mccode.org
# Creator: McStas 2.4.1 - Jun. 26, 2017
# Instrument: MAGiC_elearning.instr
# Ncount: 2500000
# Trace: no
# Gravitation: no
# Seed: 1563291880
# Directory: MAGiC_HR/7
# Nodes: 40
# Param: spectrum=0
# Param: high_res=1
# Param: coll_set=0.3
# Param: sample_rot=70
# Date: Tue Jul 16 10:25:23 2019 (1563265523)
# type: array_1d(101)
# Source: MAGiC_half_polarized (MAGiC_elearning.instr)
# component: L_out
# position: -0.034 -0.674259 159.42
# title: Wavelength monitor
# Ncount: 100000000
# filename: L_out.txt
# statistics: X0=1.43448; dX=0.35321;
# signal: Min=0; Max=2.44284e+07; Mean=4.30653e+06;
# values: 4.34959e+08 1.12764e+06 292800
# xvar: L
# yvar: (I,I_err)
# xlabel: Wavelength [AA]
# ylabel: Intensity
# xlimits: 0.2 6
# variables: L I I_err N
0.2287128713 0 0 0 
0.2861386139 0 0 0 
0.3435643564 2.869050421e-128 3.098928604e-128 6 
0.400990099 8.304648331e-17 6.796939888e-17 1257 
0.4584158416 1645.111005 406.9663373 5653 
0.5158415842 56272.94749 3914.738508 9801 
0.5732673267 333202.3876 12359.1221 10172 
0.6306930693 1049157.261 25781.44968 10307 
0.6881188119 2272019.646 46880.03224 9797 
0.7455445545 4280072.529 79140.49813 10112 
0.802970297 6849609.508 117481.443 10142 
0.8603960396 9616240.712 157265.3533 9997 
0.9178217822 12855640.42 199609.2262 10001 
0.9752475248 16106984.38 237551.8332 10151 
1.032673267 18870662.69 267336.3132 10238 
1.09009901 20515722.26 285954.1391 9951 
1.147524752 22600124.91 302011.9677 10057 
1.204950495 23514452.54 306637.529 10170 
1.262376238 23664203 303273.5203 10001 
1.31980198 24428408.77 302473.7122 10131 
1.377227723 23388696.77 288049.6942 9831 
1.434653465 23203575.09 278091.9772 9950 
1.492079208 22857371.22 266987.8638 10052 
1.54950495 21917953.77 251800.1146 10017 
1.606930693 21226408.47 238062.3234 10206 
1.664356436 20249626.82 223274.7732 10134 
1.721782178 19198367.37 208448.883 10121 
1.779207921 17966536.41 192760.214 10106 
1.836633663 16819411.98 178440.7698 10018 
1.894059406 15639887.19 164424.6162 9973 
1.951485149 14819311.59 153104.0731 10098 
2.008910891 13794860.68 140934.2303 10148 
2.066336634 10780033.94 120193.6334 8292 
2.123762376 5255041.882 78262.87287 4744 
2.181188119 827730.5801 26113.95995 1166 
2.238613861 0 0 0 
2.296039604 0 0 0 
2.353465347 0 0 0 
2.410891089 0 0 0 
2.468316832 0 0 0 
2.525742574 0 0 0 
2.583168317 0 0 0 
2.640594059 0 0 0 
2.698019802 0 0 0 
2.755445545 0 0 0 
2.812871287 0 0 0 
2.87029703 0 0 0 
2.927722772 0 0 0 
2.985148515 0 0 0 
3.042574257 0 0 0 
3.1 0 0 0 
3.157425743 0 0 0 
3.214851485 0 0 0 
3.272277228 0 0 0 
3.32970297 0 0 0 
3.387128713 0 0 0 
3.444554455 0 0 0 
3.501980198 0 0 0 
3.559405941 0 0 0 
3.616831683 0 0 0 
3.674257426 0 0 0 
3.731683168 0 0 0 
3.789108911 0 0 0 
3.846534653 0 0 0 
3.903960396 0 0 0 
3.961386139 0 0 0 
4.018811881 0 0 0 
4.076237624 0 0 0 
4.133663366 0 0 0 
4.191089109 0 0 0 
4.248514851 0 0 0 
4.305940594 0 0 0 
4.363366337 0 0 0 
4.420792079 0 0 0 
4.478217822 0 0 0 
4.535643564 0 0 0 
4.593069307 0 0 0 
4.65049505 0 0 0 
4.707920792 0 0 0 
4.765346535 0 0 0 
4.822772277 0 0 0 
4.88019802 0 0 0 
4.937623762 0 0 0 
4.995049505 0 0 0 
5.052475248 0 0 0 
5.10990099 0 0 0 
5.167326733 0 0 0 
5.224752475 0 0 0 
5.282178218 0 0 0 
5.33960396 0 0 0 
5.397029703 0 0 0 
5.454455446 0 0 0 
5.511881188 0 0 0 
5.569306931 0 0 0 
5.626732673 0 0 0 
5.684158416 0 0 0 
5.741584158 0 0 0 
5.799009901 0 0 0 
5.856435644 0 0 0 
5.913861386 0 0 0 
5.971287129 0 0 0 
