# Format: McCode with text headers
# URL: http://www.mccode.org
# Creator: McStas 2.4.1 - Jun. 26, 2017
# Instrument: MAGiC_elearning.instr
# Ncount: 2500000
# Trace: no
# Gravitation: no
# Seed: 1563291791
# Directory: MAGiC_HR/6
# Nodes: 40
# Param: spectrum=0
# Param: high_res=1
# Param: coll_set=0.3
# Param: sample_rot=60
# Date: Tue Jul 16 10:24:41 2019 (1563265481)
# type: array_1d(101)
# Source: MAGiC_half_polarized (MAGiC_elearning.instr)
# component: L_out
# position: -0.034 -0.674259 159.42
# title: Wavelength monitor
# Ncount: 100000000
# filename: L_out.txt
# statistics: X0=1.43355; dX=0.353759;
# signal: Min=0; Max=2.38766e+07; Mean=4.28216e+06;
# values: 4.32498e+08 1.12357e+06 291064
# xvar: L
# yvar: (I,I_err)
# xlabel: Wavelength [AA]
# ylabel: Intensity
# xlimits: 0.2 6
# variables: L I I_err N
0.2287128713 0 0 0 
0.2861386139 0 0 0 
0.3435643564 1.44521871e-112 1.545003789e-112 7 
0.400990099 2.136084476e-18 1.321727405e-18 1187 
0.4584158416 740.7897428 167.3819199 5511 
0.5158415842 54865.97208 3927.383384 9677 
0.5732673267 360224.4217 12849.78168 9945 
0.6306930693 995068.0207 25004.02409 10007 
0.6881188119 2380195.918 48062.80203 10103 
0.7455445545 4373895.841 80004.14378 10053 
0.802970297 6741389.226 116357.8988 10085 
0.8603960396 9708535.608 158192.5053 10100 
0.9178217822 13137826.89 201782.0226 10122 
0.9752475248 15972288.22 237134.7527 10107 
1.032673267 18412159.81 264146.8377 10127 
1.09009901 20894721.3 288099.3313 10149 
1.147524752 22532626.93 301140.7862 10145 
1.204950495 23039177.75 302851.5664 10103 
1.262376238 23633619.44 302297.0237 9974 
1.31980198 23876597.66 298341.9808 9931 
1.377227723 23408834.94 288174.0377 9831 
1.434653465 23617266.66 280099.9059 10176 
1.492079208 22565979.77 265075.7718 9911 
1.54950495 21506824.87 249386.2197 9797 
1.606930693 20533500.45 234041.7776 9857 
1.664356436 19857353.3 220925.4601 9981 
1.721782178 19102499.38 207997.4434 10065 
1.779207921 18161488.57 194246.0624 10088 
1.836633663 16815200.41 178783.7926 9927 
1.894059406 15844442.18 165776.1777 10068 
1.951485149 14808257.65 152890.6955 10109 
2.008910891 13572087.57 139942.9285 9978 
2.066336634 10730379 119897.9539 8257 
2.123762376 5043962.521 76448.09958 4569 
2.181188119 815756.4328 26167.82686 1117 
2.238613861 0 0 0 
2.296039604 0 0 0 
2.353465347 0 0 0 
2.410891089 0 0 0 
2.468316832 0 0 0 
2.525742574 0 0 0 
2.583168317 0 0 0 
2.640594059 0 0 0 
2.698019802 0 0 0 
2.755445545 0 0 0 
2.812871287 0 0 0 
2.87029703 0 0 0 
2.927722772 0 0 0 
2.985148515 0 0 0 
3.042574257 0 0 0 
3.1 0 0 0 
3.157425743 0 0 0 
3.214851485 0 0 0 
3.272277228 0 0 0 
3.32970297 0 0 0 
3.387128713 0 0 0 
3.444554455 0 0 0 
3.501980198 0 0 0 
3.559405941 0 0 0 
3.616831683 0 0 0 
3.674257426 0 0 0 
3.731683168 0 0 0 
3.789108911 0 0 0 
3.846534653 0 0 0 
3.903960396 0 0 0 
3.961386139 0 0 0 
4.018811881 0 0 0 
4.076237624 0 0 0 
4.133663366 0 0 0 
4.191089109 0 0 0 
4.248514851 0 0 0 
4.305940594 0 0 0 
4.363366337 0 0 0 
4.420792079 0 0 0 
4.478217822 0 0 0 
4.535643564 0 0 0 
4.593069307 0 0 0 
4.65049505 0 0 0 
4.707920792 0 0 0 
4.765346535 0 0 0 
4.822772277 0 0 0 
4.88019802 0 0 0 
4.937623762 0 0 0 
4.995049505 0 0 0 
5.052475248 0 0 0 
5.10990099 0 0 0 
5.167326733 0 0 0 
5.224752475 0 0 0 
5.282178218 0 0 0 
5.33960396 0 0 0 
5.397029703 0 0 0 
5.454455446 0 0 0 
5.511881188 0 0 0 
5.569306931 0 0 0 
5.626732673 0 0 0 
5.684158416 0 0 0 
5.741584158 0 0 0 
5.799009901 0 0 0 
5.856435644 0 0 0 
5.913861386 0 0 0 
5.971287129 0 0 0 
