# Format: McCode with text headers
# URL: http://www.mccode.org
# Creator: McStas 2.5 - Dec. 12, 2018
# Instrument: ESS_HEIMDAL.instr
# Ncount: 250000
# Trace: no
# Gravitation: no
# Seed: 1565866443
# Directory: TauScan/19
# Nodes: 4
# Param: lmax=4
# Param: lmin=0.5
# Param: T=200
# Param: tau=190
# Param: use_CoFe2O4=1
# Param: use_CoFe=1
# Param: use_magn=1
# Date: Wed Aug 14 15:25:33 2019 (1565789133)
# type: array_2d(40, 40)
# Source: ESS_HEIMDAL (ESS_HEIMDAL.instr)
# component: psd_source
# position: 0 0 0.01
# title: PSD monitor
# Ncount: 1000000
# filename: PSD_source.dat
# statistics: X0=-0.00462075; dX=5.0022; Y0=-0.00543975; dY=5.00269;
# signal: Min=0; Max=6.59539e+06; Mean=2.13803e+06;
# values: 3.42084e+09 3.42084e+06 1e+06
# xvar: X 
# yvar: Y 
# xlabel: X position [cm]
# ylabel: Y position [cm]
# zvar: I
# zlabel: Signal per bin
# xylimits: -15 15 -15 15
# variables: I I_err N
# Data [psd_source/PSD_source.dat] I:
0 0 0 0 0 0 0 0 0 0 0 0 0 0 0 0 0 0 0 0 0 0 0 0 0 0 0 0 0 0 0 0 0 0 0 0 0 0 0 0 
0 0 0 0 0 0 0 0 0 0 0 0 0 0 0 0 0 0 0 0 0 0 0 0 0 0 0 0 0 0 0 0 0 0 0 0 0 0 0 0 
0 0 0 0 0 0 0 0 0 0 0 0 0 0 0 0 0 0 0 0 0 0 0 0 0 0 0 0 0 0 0 0 0 0 0 0 0 0 0 0 
0 0 0 0 0 0 0 0 0 0 0 0 0 0 0 0 0 0 0 0 0 0 0 0 0 0 0 0 0 0 0 0 0 0 0 0 0 0 0 0 
0 0 0 0 0 0 0 0 0 0 0 0 0 0 0 0 0 0 0 0 0 0 0 0 0 0 0 0 0 0 0 0 0 0 0 0 0 0 0 0 
0 0 0 0 0 0 0 0 0 0 0 0 0 0 0 0 0 0 0 0 0 0 0 0 0 0 0 0 0 0 0 0 0 0 0 0 0 0 0 0 
0 0 0 0 0 0 0 0 0 0 0 0 0 0 0 0 0 571280.6324 1388861.938 2008034.413 1990930.177 1460699.648 557597.286 0 0 0 0 0 0 0 0 0 0 0 0 0 0 0 0 0 
0 0 0 0 0 0 0 0 0 0 0 0 0 0 944152.4522 3362687.929 5271518.032 6068574.485 6294350.11 6130149.809 6171199.937 5955686.829 6345662.645 5326251.593 3266904.359 899681.502 0 0 0 0 0 0 0 0 0 0 0 0 0 0 
0 0 0 0 0 0 0 0 0 0 0 0 694430.9773 3834764.238 5972790.893 6024103.809 6314875.696 6284088.331 6037787.809 5900954.051 6359347.129 6058312.811 5986474.921 6171200.233 5986474.496 6058311.991 3903181.093 636276.6326 0 0 0 0 0 0 0 0 0 0 0 0 
0 0 0 0 0 0 0 0 0 0 0 1707000.294 5493872.845 6123308.236 6099362.719 5962529.311 6260142.937 5983054.795 6130151.159 6061734.354 6041209.322 6280668.309 5825696 6102784.15 6147254.835 6147254.477 6020683.002 5764119.468 1607795.85 0 0 0 0 0 0 0 0 0 0 0 
0 0 0 0 0 0 0 0 0 0 2131184.725 6178041.373 6109625.022 6201988.266 6201988.604 6099363.68 6010421.98 6154097.501 6287510.507 6239618.823 6417502.719 6301193.925 6092522.378 6178043.183 6253301.56 6106205.019 6065154.547 5959108.034 6017261.862 2247493.356 0 0 0 0 0 0 0 0 0 0 
0 0 0 0 0 0 0 0 0 1768575.453 6071995.306 5979633.09 6205409.211 6147255.336 6010421.912 5938584.558 6167781.378 6154098.1 6058314.561 6044631.328 6106206.465 6441449.097 6311456.936 6201989.703 5931742.782 6116468.091 5979633.97 6225934.28 6417500.957 5750436.106 1727525.326 0 0 0 0 0 0 0 0 0 
0 0 0 0 0 0 0 0 513126.3378 5569131.413 6109625.037 6280667.767 6119888.545 6054893.048 6041210.038 6225935.88 6147256.743 5993318.933 6280669.961 6157519.647 6071998.519 6113048.603 6366190.919 6184886.036 6243040.165 6178043.792 5972792.816 6024104.988 6116467.294 6400396.667 5716227.587 564438.9837 0 0 0 0 0 0 0 0 
0 0 0 0 0 0 0 0 3810818.319 6167779.191 6027525.27 6273826.521 6331981.362 6396977.809 6222515.189 5959110.471 6212253.201 6219095.065 6065157.18 6041211.316 6089103.187 6082261.425 6150678.19 6160940.516 5952268.774 6092523.131 5859905.334 6239618.602 5907796.306 6260142.573 5962528.639 4115273.286 0 0 0 0 0 0 0 0 
0 0 0 0 0 0 0 1019410.986 6085678.658 6167779.543 6184884.434 5924900.877 5938584.709 6318298.778 5794910.052 5993319.336 5965952.767 6082261.661 6167782.91 6208833.108 5972794.841 6219095.57 6007003.095 6007002.881 6191728.27 6208832.191 6232777.728 6071997.58 6174622.463 6061734.044 6082258.544 6140412.181 909944.0378 0 0 0 0 0 0 0 
0 0 0 0 0 0 0 3390054.706 6215670.993 6078837.965 6007000.868 6017263.916 6130152.25 6188307.025 6109628.008 6335404.024 6417504.586 6595388.678 6205412.5 6212254.308 6030949.469 6352508.808 5907798.877 6263566.589 6119890.83 6126732.233 6184886.223 5962530.898 6174622.724 6092521.913 6150675.67 6126729.073 3437946.49 0 0 0 0 0 0 0 
0 0 0 0 0 0 0 5384405.871 5849641.059 6061733.981 6215672.547 5979634.915 6229357.005 5996740.012 6342245.672 6208833.06 6075420.334 5952270.104 6455134.438 6225937.897 6191729.44 6167783.456 6133574.897 6355929.637 6331983.448 6188307.651 6085681.962 6123310.818 5900955.466 6314877.031 6256722.056 6198567.056 5319409.852 0 0 0 0 0 0 0 
0 0 0 0 0 0 540493.0744 6116466.265 6243038.179 6191726.188 6013842.977 6260144.26 6349086.724 6273828.586 6044632.381 5794910.998 6150679.121 5969374.509 6095945.894 6366192.708 6287513.269 6284092.379 6133575.066 6075420.525 6048053.538 6154099.417 5887273.145 5996739.764 5897534.824 6407239.979 5900954.534 5877007.992 6140412.162 639697.4935 0 0 0 0 0 0 
0 0 0 0 0 0 1470962.166 6037786.982 6085679.535 6065155.138 6030947.306 5938585.073 6136994.501 6024107.046 6260145.705 5983057.602 6106208.259 6147258.579 6290934.19 5989899.88 6160942.126 6335405.187 6123312.637 5989899.506 6061737.014 6208833.039 6321720.527 5983056.523 5726492.749 6212252.014 6154097.046 6109625.432 6130149.753 1423070.355 0 0 0 0 0 0 
0 0 0 0 0 0 1878042.388 6099362.22 6007000.192 6102784.472 6201989.549 6157519.142 6393557.875 6246462.013 6342246.041 6085682.992 6078841.55 6133575.254 6249884.123 6157521.348 5996741.63 6058316.781 6352509.338 6061737.325 6106208.063 6178045.491 6119890.765 6164361.309 6051472.981 6284089.8 6243039.044 6160938.135 6160937.382 2059347.03 0 0 0 0 0 0 
0 0 0 0 0 0 1984088.494 6212250.026 6140413.079 6239618.206 5979634.688 6061735.51 6236199.048 6355929.038 6116470.291 6003582.718 6256725.491 6160942.017 6342246.925 6027529.232 6417505.584 5983058.187 6256725.682 6154100.131 6198570.881 6044632.549 6078840.635 6058315.153 6201990.115 6195147.851 6133572.054 6044629.456 6041207.898 1949880.075 0 0 0 0 0 0 
0 0 0 0 0 0 1447016.263 6243037.544 6195146.505 6171201.279 6290931.432 6116468.95 6338824.312 5989898.607 6082261.785 6311458.69 6061737.26 6359350.962 6205413.044 5870170.301 6065158.468 6003583.198 6174625.335 6376455.005 5986478.444 6054895.015 6034369.6 6119890.272 6225935.964 6048051.529 6239618.137 6150675.537 6461971.47 1508591.413 0 0 0 0 0 0 
0 0 0 0 0 0 533651.3788 6147253.865 6030945.927 6116467.655 6246460.347 5962530.872 6095944.24 6256724.366 6030949.004 5952269.872 6133574.897 6054895.632 6041212.359 6222517.232 6331984.267 6024108.153 6034370.553 6396979.945 6003582.523 5993319.687 6075419.645 6157519.445 6308036.062 6136993.352 5983054.771 6082258.555 5983053.386 533651.3836 0 0 0 0 0 0 
0 0 0 0 0 0 0 5196259.528 6191725.362 6181463.511 5812013.022 6181464.691 6246461.204 6311457.657 6113049.091 6188307.954 6198570.765 5979636.861 6198571.062 6095945.783 5945428.586 6123312.469 6201991.781 6219095.804 6089103.482 5969373.622 6314878.57 6065156.48 6119889.478 6246460.129 6054892.285 6102783.434 5315989.012 0 0 0 0 0 0 0 
0 0 0 0 0 0 0 3345583.759 6126729.111 6236196.761 6160938.8 5996738.87 5996739.336 6037789.897 6123311.343 6126732.509 6229358.091 6010424.202 5996740.953 6095945.529 6058316.253 6208833.333 6410663.064 5924902.936 6044632.261 5986477.579 6147256.927 6044631.136 6219093.733 5853062.919 6160938.187 6191725.111 3130070.69 0 0 0 0 0 0 0 
0 0 0 0 0 0 0 865473.0747 6178041.43 6140412.857 5887271.056 6229355.921 6126731.098 6417503.268 6092523.427 6140415.577 6256724.559 6030948.986 6109628.524 5894115.377 6082261.848 6225937.321 5853065.057 6260145.376 6027527.736 6130152.749 6095943.937 5887272.054 6225935.092 5948846.214 6006999.942 6136991.335 927048.2317 0 0 0 0 0 0 0 
0 0 0 0 0 0 0 0 3882656.042 6078837.267 6003579.329 6249880.542 6037788.813 6171202.186 6068577.191 6082260.918 6171203.08 5979635.994 6102786.481 6243041.149 6236199.515 6075419.766 6314878.73 6143836.293 6102785.925 5904376.676 6024105.898 5815434.036 6160938.677 6106204.645 5887270.057 3858710.137 0 0 0 0 0 0 0 0 
0 0 0 0 0 0 0 0 516547.1714 5654652.381 5931741.226 5801749.727 6030946.68 6089101.52 6123310.325 6236198.47 6030948.057 5842801.81 6065156.803 6273828.385 6044631.775 6345665.967 6225936.353 6030948.035 6178044.026 5962530.607 6119889.072 5723070.793 6239617.665 6260142.138 5555448.076 543913.9021 0 0 0 0 0 0 0 0 
0 0 0 0 0 0 0 0 0 1693316.891 6174620.572 6119887.705 6331980.427 5952267.245 6219093.398 6164360.202 6239619.029 6075418.687 6058314.613 6198569.258 6099364.789 6301194.503 6075418.736 5952268.109 6174622.723 6075418.001 6116467.722 6068575.507 6181462.776 6109624.671 1624900.07 0 0 0 0 0 0 0 0 0 
0 0 0 0 0 0 0 0 0 0 2185918.192 6215670.626 6246458.744 6393555.416 6191726.111 6212251.45 6044630.381 6331981.449 5921480.33 6102785.091 6075418.385 6082259.933 5863325.9 6171201.592 6024105.054 5945425.421 5989896.019 6119887.588 6030945.235 2257755.881 0 0 0 0 0 0 0 0 0 0 
0 0 0 0 0 0 0 0 0 0 0 1792521.329 5702544.225 6160937.537 5979633.228 6403818.021 5972792.068 6068575.885 6256722.403 6236197.437 6208830.532 6099363.599 5808591.744 6407239.103 6273826.042 6284088.244 6359346.428 5552027.17 1734367.015 0 0 0 0 0 0 0 0 0 0 0 
0 0 0 0 0 0 0 0 0 0 0 0 564438.949 3906601.796 6191724.788 6246458.674 5986474.875 6410659.516 5942004.169 6150675.684 6041208.526 5996737.57 5835957.892 6208829.516 6154095.836 5965949.115 4016068.811 608909.9201 0 0 0 0 0 0 0 0 0 0 0 0 
0 0 0 0 0 0 0 0 0 0 0 0 0 0 933889.8874 3277166.962 5298884.803 5894111.456 6065153.72 6109624.777 6095941.39 6188304.1 6130149.584 5394668.411 3239537.551 827843.8171 0 0 0 0 0 0 0 0 0 0 0 0 0 0 
0 0 0 0 0 0 0 0 0 0 0 0 0 0 0 0 0 533651.3837 1436753.71 1956721.769 2062767.86 1450437.07 550755.6009 0 0 0 0 0 0 0 0 0 0 0 0 0 0 0 0 0 
0 0 0 0 0 0 0 0 0 0 0 0 0 0 0 0 0 0 0 0 0 0 0 0 0 0 0 0 0 0 0 0 0 0 0 0 0 0 0 0 
0 0 0 0 0 0 0 0 0 0 0 0 0 0 0 0 0 0 0 0 0 0 0 0 0 0 0 0 0 0 0 0 0 0 0 0 0 0 0 0 
0 0 0 0 0 0 0 0 0 0 0 0 0 0 0 0 0 0 0 0 0 0 0 0 0 0 0 0 0 0 0 0 0 0 0 0 0 0 0 0 
0 0 0 0 0 0 0 0 0 0 0 0 0 0 0 0 0 0 0 0 0 0 0 0 0 0 0 0 0 0 0 0 0 0 0 0 0 0 0 0 
0 0 0 0 0 0 0 0 0 0 0 0 0 0 0 0 0 0 0 0 0 0 0 0 0 0 0 0 0 0 0 0 0 0 0 0 0 0 0 0 
0 0 0 0 0 0 0 0 0 0 0 0 0 0 0 0 0 0 0 0 0 0 0 0 0 0 0 0 0 0 0 0 0 0 0 0 0 0 0 0 
# Errors [psd_source/PSD_source.dat] I_err:
0 0 0 0 0 0 0 0 0 0 0 0 0 0 0 0 0 0 0 0 0 0 0 0 0 0 0 0 0 0 0 0 0 0 0 0 0 0 0 0 
0 0 0 0 0 0 0 0 0 0 0 0 0 0 0 0 0 0 0 0 0 0 0 0 0 0 0 0 0 0 0 0 0 0 0 0 0 0 0 0 
0 0 0 0 0 0 0 0 0 0 0 0 0 0 0 0 0 0 0 0 0 0 0 0 0 0 0 0 0 0 0 0 0 0 0 0 0 0 0 0 
0 0 0 0 0 0 0 0 0 0 0 0 0 0 0 0 0 0 0 0 0 0 0 0 0 0 0 0 0 0 0 0 0 0 0 0 0 0 0 0 
0 0 0 0 0 0 0 0 0 0 0 0 0 0 0 0 0 0 0 0 0 0 0 0 0 0 0 0 0 0 0 0 0 0 0 0 0 0 0 0 
0 0 0 0 0 0 0 0 0 0 0 0 0 0 0 0 0 0 0 0 0 0 0 0 0 0 0 0 0 0 0 0 0 0 0 0 0 0 0 0 
0 0 0 0 0 0 0 0 0 0 0 0 0 0 0 0 0 44207.02257 68928.06064 82880.45005 82526.71098 70688.21043 43674.39011 0 0 0 0 0 0 0 0 0 0 0 0 0 0 0 0 0 
0 0 0 0 0 0 0 0 0 0 0 0 0 0 56831.2992 107253.0882 134287.1254 144082.05 146737.7936 144811.1776 145295.2279 142735.6534 147334.6932 134982.47 105714.5425 55476.73801 0 0 0 0 0 0 0 0 0 0 0 0 0 0 
0 0 0 0 0 0 0 0 0 0 0 0 48739.49967 114534.3782 142940.465 143553.164 146976.8576 146618.139 143716.1225 142078.2775 147493.4849 143960.1906 143104.1219 145295.2349 143104.1117 143960.1711 115551.5776 46654.06626 0 0 0 0 0 0 0 0 0 0 0 0 
0 0 0 0 0 0 0 0 0 0 0 76415.82797 137090.0179 144730.3479 144447.0874 142817.6338 146338.5356 143063.2463 144811.2095 144000.8453 143756.8455 146578.2458 141169.3758 144487.6024 145013.0806 145013.0722 143512.4001 140421.3102 74162.09239 0 0 0 0 0 0 0 0 0 0 0 
0 0 0 0 0 0 0 0 0 0 85384.11305 145375.7403 144568.5513 145657.2272 145657.2351 144447.1102 143390.0722 145093.7786 146658.0716 146098.4615 148166.3711 146817.5703 144366.083 145375.7829 146258.5545 144528.0928 144041.4564 142776.6486 143471.6167 87683.06692 0 0 0 0 0 0 0 0 0 0 
0 0 0 0 0 0 0 0 0 77781.85947 144122.6532 143022.3212 145697.3943 145013.0924 143390.0705 142530.5904 145255.0058 145093.7927 143960.2322 143797.5686 144528.127 148442.5544 146937.0912 145657.2609 142448.4618 144649.5068 143022.3423 145938.1505 148166.3304 140254.5392 76873.86803 0 0 0 0 0 0 0 0 0 
0 0 0 0 0 0 0 0 41896.59004 138025.7977 144568.5516 146578.2331 144689.942 143919.5668 143756.8625 145938.188 145013.1256 143185.9279 146578.2844 145134.1299 144122.7294 144609.0831 147572.8526 145456.2841 146138.5166 145375.7972 142940.5111 143553.1921 144649.4879 147968.7472 139836.7387 43941.51529 0 0 0 0 0 0 0 0 
0 0 0 0 0 0 0 0 114176.2169 145254.9543 143593.932 146498.386 147175.8045 147929.2451 145898.0932 142776.707 145777.7445 145858.0006 144041.5189 143756.8929 144325.587 144244.4807 145053.4829 145174.4399 142694.7219 144366.1009 141583.2635 146098.4563 142160.6315 146338.5271 142817.6177 118649.4877 0 0 0 0 0 0 0 0 
0 0 0 0 0 0 0 59052.89284 144284.9531 145254.9626 145456.2464 142366.2826 142530.5941 147016.7139 140795.8961 143185.9375 142858.6594 144244.4863 145255.0419 145737.6195 142940.5595 145858.0125 143349.3077 143349.3026 145536.7261 145737.598 146018.3555 144122.7071 145335.5322 144000.8379 144244.4124 144932.338 55792.24863 0 0 0 0 0 0 0 
0 0 0 0 0 0 0 107688.6368 145817.8044 144203.8493 143349.2546 143471.6656 144811.2353 145496.5077 144568.6219 147215.5972 148166.4142 150205.8612 145697.4715 145777.7705 143634.7536 147414.2014 142160.6934 146378.5789 144689.996 144770.8443 145456.2885 142817.6718 145335.5384 144366.072 145053.4235 144770.7696 108446.6353 0 0 0 0 0 0 0 
0 0 0 0 0 0 0 135717.3669 141459.1887 144000.8364 145817.8409 143022.3649 145978.282 143226.7912 147295.0648 145737.6184 144163.3447 142694.7538 148600.182 145938.2353 145536.7536 145255.0547 144851.6772 147453.8872 147175.853 145496.5224 144285.0314 144730.4089 142078.3116 146976.8887 146298.546 145617.0428 134895.7467 0 0 0 0 0 0 0 
0 0 0 0 0 0 42999.32024 144649.4636 146138.4701 145536.6772 143430.8754 146338.5665 147374.4758 146498.4342 143797.5937 140795.9191 145053.5049 142899.6322 144406.6702 147572.894 146658.1361 146618.2335 144851.6811 144163.3492 143838.2851 145093.8238 141913.5129 143226.7853 142037.1283 148047.849 142078.2891 141789.7059 144932.3375 46779.31368 0 0 0 0 0 0 
0 0 0 0 0 0 70936.09462 143716.1028 144284.9739 144041.4704 143634.702 142530.6028 144892.0359 143553.2412 146338.6003 143063.3134 144528.1695 145013.1689 146698.0285 143145.1013 145174.4779 147215.6242 144730.4519 143145.0924 144000.9085 145737.6179 147056.5283 143063.2876 139962.2735 145777.7166 145093.7679 144568.561 144811.1763 69771.76453 0 0 0 0 0 0 
0 0 0 0 0 0 80152.89593 144447.0756 143349.2384 144487.61 145657.2573 145134.118 147889.7076 146178.5726 147295.0734 144285.0558 144203.9343 144851.6856 146218.6237 145134.17 143226.8299 143960.285 147414.2137 144000.9159 144528.1648 145375.8372 144689.9945 145214.737 143878.9243 146618.1733 146138.4903 145174.3838 145174.3661 83932.71895 0 0 0 0 0 0 
0 0 0 0 0 0 82384.79051 145777.67 144932.3592 146098.447 143022.3595 144000.8727 146058.4321 147453.8733 144649.5588 143308.4961 146298.6263 145174.4753 147295.0939 143594.0264 148166.4373 143063.3274 146298.6308 145093.8406 145617.1326 143797.5977 144203.9126 143960.2463 145657.2706 145576.8944 144851.61 143797.5241 143756.8116 81671.48903 0 0 0 0 0 0 
0 0 0 0 0 0 70356.3383 146138.4552 145576.8628 145295.2595 146697.9642 144649.5271 147255.3239 143145.0709 144244.4892 146937.132 144000.9143 147493.5738 145697.4842 141707.2464 144041.5495 143308.5075 145335.5998 147691.7871 143104.2061 143919.6136 143675.4667 144689.9829 145938.19 143838.2373 146098.4454 145053.4203 148678.8034 71837.68635 0 0 0 0 0 0 
0 0 0 0 0 0 42726.30503 145013.0577 143634.6692 144649.4965 146178.5336 142817.6712 144406.631 146298.6 143634.7425 142694.7482 144851.6772 143919.6282 143756.9177 145898.1411 147175.872 143553.2675 143675.4894 147929.2945 143308.4914 143185.9459 144163.3284 145134.1252 146897.2647 144892.0088 143063.2457 144244.4126 143063.2126 42726.30542 0 0 0 0 0 0 
0 0 0 0 0 0 0 133325.1089 145536.6578 145416.0132 141003.4988 145416.041 146178.5536 146937.1079 144609.0947 145496.5295 145617.1299 143022.4114 145617.1369 144406.6675 142612.7258 144730.448 145657.3097 145858.0179 144325.594 142899.611 146976.9245 144041.5023 144689.9641 146178.5285 143919.5487 144487.5855 134852.365 0 0 0 0 0 0 0 
0 0 0 0 0 0 0 106979.972 144770.7705 146058.3785 145174.3995 143226.764 143226.7751 143716.1722 144730.4213 144770.8508 145978.3074 143390.1252 143226.8137 144406.6615 143960.2724 145737.6248 148087.4171 142366.3321 143797.5908 143104.1854 145013.13 143797.5641 145857.9694 141500.5696 145174.3851 145536.6519 103476.9451 0 0 0 0 0 0 0 
0 0 0 0 0 0 0 54411.82601 145375.7417 144932.3539 141913.4625 145978.2566 144770.8175 148166.3838 144366.1079 144932.4181 146298.6045 143634.7421 144568.6341 141995.962 144244.4907 145938.2218 141500.6212 146338.5926 143593.9907 144811.2471 144406.6238 141913.4866 145938.1695 142653.6706 143349.2325 144891.9612 56314.16959 0 0 0 0 0 0 0 
0 0 0 0 0 0 0 0 115247.3606 144203.8327 143308.4152 146218.5399 143716.1464 145295.2808 144082.1143 144244.4687 145295.3019 143022.3907 144487.6576 146138.5396 146058.443 144163.3312 146976.9282 144972.7806 144487.6445 142119.4965 143553.2138 141044.9929 145174.3966 144528.0839 141913.4385 114891.4224 0 0 0 0 0 0 0 0 
0 0 0 0 0 0 0 0 42036.01265 139081.5382 142448.4244 140878.9372 143634.6871 144325.5475 144730.3973 146058.4186 143634.7199 141376.4988 144041.51 146498.4296 143797.5792 147334.7703 145938.1991 143634.7194 145375.8027 142817.6649 144689.9545 139920.4353 146098.4344 146338.5169 137856.1293 43135.17825 0 0 0 0 0 0 0 0 
0 0 0 0 0 0 0 0 0 76108.93432 145335.4877 144689.9221 147175.7828 142694.6852 145857.9615 145214.7109 146098.4663 144163.3056 143960.2334 145617.0945 144447.1364 146817.5838 144163.3068 142694.7059 145335.5384 144163.2893 144649.4981 144082.0743 145415.9959 144568.543 74555.5284 0 0 0 0 0 0 0 0 0 
0 0 0 0 0 0 0 0 0 0 86473.58723 145817.7958 146178.496 147889.6507 145536.6754 145777.7034 143797.5461 147175.8065 142325.185 144487.6247 144163.2984 144244.4453 141624.5769 145295.2669 143553.1937 142612.6499 143145.009 144689.9194 143634.6527 87883.02849 0 0 0 0 0 0 0 0 0 0 
0 0 0 0 0 0 0 0 0 0 0 78306.65783 139669.2696 145174.3697 143022.3246 148008.2964 142940.4932 144082.0832 146298.5541 146058.3944 145737.5591 144447.1083 140961.9861 148047.8287 146498.3748 146618.137 147493.4686 137813.6778 77025.94329 0 0 0 0 0 0 0 0 0 0 0 
0 0 0 0 0 0 0 0 0 0 0 0 43941.51259 115602.1985 145536.6443 146178.4944 143104.1208 148087.3351 142571.6064 145053.4238 143756.8265 143226.7329 141293.6474 145737.5352 145093.7393 142858.572 117210.6561 45639.72809 0 0 0 0 0 0 0 0 0 0 0 0 
0 0 0 0 0 0 0 0 0 0 0 0 0 0 56521.58723 105880.4585 134635.2463 141995.8675 144041.4368 144568.5455 144406.5635 145496.4389 144811.1723 135846.6424 105270.8256 53215.81608 0 0 0 0 0 0 0 0 0 0 0 0 0 0 
0 0 0 0 0 0 0 0 0 0 0 0 0 0 0 0 0 42726.30543 70106.4025 81814.64725 84002.40111 70439.45103 43405.62203 0 0 0 0 0 0 0 0 0 0 0 0 0 0 0 0 0 
0 0 0 0 0 0 0 0 0 0 0 0 0 0 0 0 0 0 0 0 0 0 0 0 0 0 0 0 0 0 0 0 0 0 0 0 0 0 0 0 
0 0 0 0 0 0 0 0 0 0 0 0 0 0 0 0 0 0 0 0 0 0 0 0 0 0 0 0 0 0 0 0 0 0 0 0 0 0 0 0 
0 0 0 0 0 0 0 0 0 0 0 0 0 0 0 0 0 0 0 0 0 0 0 0 0 0 0 0 0 0 0 0 0 0 0 0 0 0 0 0 
0 0 0 0 0 0 0 0 0 0 0 0 0 0 0 0 0 0 0 0 0 0 0 0 0 0 0 0 0 0 0 0 0 0 0 0 0 0 0 0 
0 0 0 0 0 0 0 0 0 0 0 0 0 0 0 0 0 0 0 0 0 0 0 0 0 0 0 0 0 0 0 0 0 0 0 0 0 0 0 0 
0 0 0 0 0 0 0 0 0 0 0 0 0 0 0 0 0 0 0 0 0 0 0 0 0 0 0 0 0 0 0 0 0 0 0 0 0 0 0 0 
# Events [psd_source/PSD_source.dat] N:
0 0 0 0 0 0 0 0 0 0 0 0 0 0 0 0 0 0 0 0 0 0 0 0 0 0 0 0 0 0 0 0 0 0 0 0 0 0 0 0 
0 0 0 0 0 0 0 0 0 0 0 0 0 0 0 0 0 0 0 0 0 0 0 0 0 0 0 0 0 0 0 0 0 0 0 0 0 0 0 0 
0 0 0 0 0 0 0 0 0 0 0 0 0 0 0 0 0 0 0 0 0 0 0 0 0 0 0 0 0 0 0 0 0 0 0 0 0 0 0 0 
0 0 0 0 0 0 0 0 0 0 0 0 0 0 0 0 0 0 0 0 0 0 0 0 0 0 0 0 0 0 0 0 0 0 0 0 0 0 0 0 
0 0 0 0 0 0 0 0 0 0 0 0 0 0 0 0 0 0 0 0 0 0 0 0 0 0 0 0 0 0 0 0 0 0 0 0 0 0 0 0 
0 0 0 0 0 0 0 0 0 0 0 0 0 0 0 0 0 0 0 0 0 0 0 0 0 0 0 0 0 0 0 0 0 0 0 0 0 0 0 0 
0 0 0 0 0 0 0 0 0 0 0 0 0 0 0 0 0 167 406 587 582 427 163 0 0 0 0 0 0 0 0 0 0 0 0 0 0 0 0 0 
0 0 0 0 0 0 0 0 0 0 0 0 0 0 276 983 1541 1774 1840 1792 1804 1741 1855 1557 955 263 0 0 0 0 0 0 0 0 0 0 0 0 0 0 
0 0 0 0 0 0 0 0 0 0 0 0 203 1121 1746 1761 1846 1837 1765 1725 1859 1771 1750 1804 1750 1771 1141 186 0 0 0 0 0 0 0 0 0 0 0 0 
0 0 0 0 0 0 0 0 0 0 0 499 1606 1790 1783 1743 1830 1749 1792 1772 1766 1836 1703 1784 1797 1797 1760 1685 470 0 0 0 0 0 0 0 0 0 0 0 
0 0 0 0 0 0 0 0 0 0 623 1806 1786 1813 1813 1783 1757 1799 1838 1824 1876 1842 1781 1806 1828 1785 1773 1742 1759 657 0 0 0 0 0 0 0 0 0 0 
0 0 0 0 0 0 0 0 0 517 1775 1748 1814 1797 1757 1736 1803 1799 1771 1767 1785 1883 1845 1813 1734 1788 1748 1820 1876 1681 505 0 0 0 0 0 0 0 0 0 
0 0 0 0 0 0 0 0 150 1628 1786 1836 1789 1770 1766 1820 1797 1752 1836 1800 1775 1787 1861 1808 1825 1806 1746 1761 1788 1871 1671 165 0 0 0 0 0 0 0 0 
0 0 0 0 0 0 0 0 1114 1803 1762 1834 1851 1870 1819 1742 1816 1818 1773 1766 1780 1778 1798 1801 1740 1781 1713 1824 1727 1830 1743 1203 0 0 0 0 0 0 0 0 
0 0 0 0 0 0 0 298 1779 1803 1808 1732 1736 1847 1694 1752 1744 1778 1803 1815 1746 1818 1756 1756 1810 1815 1822 1775 1805 1772 1778 1795 266 0 0 0 0 0 0 0 
0 0 0 0 0 0 0 991 1817 1777 1756 1759 1792 1809 1786 1852 1876 1928 1814 1816 1763 1857 1727 1831 1789 1791 1808 1743 1805 1781 1798 1791 1005 0 0 0 0 0 0 0 
0 0 0 0 0 0 0 1574 1710 1772 1817 1748 1821 1753 1854 1815 1776 1740 1887 1820 1810 1803 1793 1858 1851 1809 1779 1790 1725 1846 1829 1812 1555 0 0 0 0 0 0 0 
0 0 0 0 0 0 158 1788 1825 1810 1758 1830 1856 1834 1767 1694 1798 1745 1782 1861 1838 1837 1793 1776 1768 1799 1721 1753 1724 1873 1725 1718 1795 187 0 0 0 0 0 0 
0 0 0 0 0 0 430 1765 1779 1773 1763 1736 1794 1761 1830 1749 1785 1797 1839 1751 1801 1852 1790 1751 1772 1815 1848 1749 1674 1816 1799 1786 1792 416 0 0 0 0 0 0 
0 0 0 0 0 0 549 1783 1756 1784 1813 1800 1869 1826 1854 1779 1777 1793 1827 1800 1753 1771 1857 1772 1785 1806 1789 1802 1769 1837 1825 1801 1801 602 0 0 0 0 0 0 
0 0 0 0 0 0 580 1816 1795 1824 1748 1772 1823 1858 1788 1755 1829 1801 1854 1762 1876 1749 1829 1799 1812 1767 1777 1771 1813 1811 1793 1767 1766 570 0 0 0 0 0 0 
0 0 0 0 0 0 423 1825 1811 1804 1839 1788 1853 1751 1778 1845 1772 1859 1814 1716 1773 1755 1805 1864 1750 1770 1764 1789 1820 1768 1824 1798 1889 441 0 0 0 0 0 0 
0 0 0 0 0 0 156 1797 1763 1788 1826 1743 1782 1829 1763 1740 1793 1770 1766 1819 1851 1761 1764 1870 1755 1752 1776 1800 1844 1794 1749 1778 1749 156 0 0 0 0 0 0 
0 0 0 0 0 0 0 1519 1810 1807 1699 1807 1826 1845 1787 1809 1812 1748 1812 1782 1738 1790 1813 1818 1780 1745 1846 1773 1789 1826 1770 1784 1554 0 0 0 0 0 0 0 
0 0 0 0 0 0 0 978 1791 1823 1801 1753 1753 1765 1790 1791 1821 1757 1753 1782 1771 1815 1874 1732 1767 1750 1797 1767 1818 1711 1801 1810 915 0 0 0 0 0 0 0 
0 0 0 0 0 0 0 253 1806 1795 1721 1821 1791 1876 1781 1795 1829 1763 1786 1723 1778 1820 1711 1830 1762 1792 1782 1721 1820 1739 1756 1794 271 0 0 0 0 0 0 0 
0 0 0 0 0 0 0 0 1135 1777 1755 1827 1765 1804 1774 1778 1804 1748 1784 1825 1823 1776 1846 1796 1784 1726 1761 1700 1801 1785 1721 1128 0 0 0 0 0 0 0 0 
0 0 0 0 0 0 0 0 151 1653 1734 1696 1763 1780 1790 1823 1763 1708 1773 1834 1767 1855 1820 1763 1806 1743 1789 1673 1824 1830 1624 159 0 0 0 0 0 0 0 0 
0 0 0 0 0 0 0 0 0 495 1805 1789 1851 1740 1818 1802 1824 1776 1771 1812 1783 1842 1776 1740 1805 1776 1788 1774 1807 1786 475 0 0 0 0 0 0 0 0 0 
0 0 0 0 0 0 0 0 0 0 639 1817 1826 1869 1810 1816 1767 1851 1731 1784 1776 1778 1714 1804 1761 1738 1751 1789 1763 660 0 0 0 0 0 0 0 0 0 0 
0 0 0 0 0 0 0 0 0 0 0 524 1667 1801 1748 1872 1746 1774 1829 1823 1815 1783 1698 1873 1834 1837 1859 1623 507 0 0 0 0 0 0 0 0 0 0 0 
0 0 0 0 0 0 0 0 0 0 0 0 165 1142 1810 1826 1750 1874 1737 1798 1766 1753 1706 1815 1799 1744 1174 178 0 0 0 0 0 0 0 0 0 0 0 0 
0 0 0 0 0 0 0 0 0 0 0 0 0 0 273 958 1549 1723 1773 1786 1782 1809 1792 1577 947 242 0 0 0 0 0 0 0 0 0 0 0 0 0 0 
0 0 0 0 0 0 0 0 0 0 0 0 0 0 0 0 0 156 420 572 603 424 161 0 0 0 0 0 0 0 0 0 0 0 0 0 0 0 0 0 
0 0 0 0 0 0 0 0 0 0 0 0 0 0 0 0 0 0 0 0 0 0 0 0 0 0 0 0 0 0 0 0 0 0 0 0 0 0 0 0 
0 0 0 0 0 0 0 0 0 0 0 0 0 0 0 0 0 0 0 0 0 0 0 0 0 0 0 0 0 0 0 0 0 0 0 0 0 0 0 0 
0 0 0 0 0 0 0 0 0 0 0 0 0 0 0 0 0 0 0 0 0 0 0 0 0 0 0 0 0 0 0 0 0 0 0 0 0 0 0 0 
0 0 0 0 0 0 0 0 0 0 0 0 0 0 0 0 0 0 0 0 0 0 0 0 0 0 0 0 0 0 0 0 0 0 0 0 0 0 0 0 
0 0 0 0 0 0 0 0 0 0 0 0 0 0 0 0 0 0 0 0 0 0 0 0 0 0 0 0 0 0 0 0 0 0 0 0 0 0 0 0 
0 0 0 0 0 0 0 0 0 0 0 0 0 0 0 0 0 0 0 0 0 0 0 0 0 0 0 0 0 0 0 0 0 0 0 0 0 0 0 0 
