# Format: McCode with text headers
# URL: http://www.mccode.org
# Creator: McStas 2.5 - Dec. 12, 2018
# Instrument: ESS_HEIMDAL.instr
# Ncount: 250000
# Trace: no
# Gravitation: no
# Seed: 1565866463
# Directory: TauScan/20
# Nodes: 4
# Param: lmax=4
# Param: lmin=0.5
# Param: T=200
# Param: tau=200
# Param: use_CoFe2O4=1
# Param: use_CoFe=1
# Param: use_magn=1
# Date: Wed Aug 14 15:25:44 2019 (1565789144)
# type: array_2d(40, 40)
# Source: ESS_HEIMDAL (ESS_HEIMDAL.instr)
# component: psd_source
# position: 0 0 0.01
# title: PSD monitor
# Ncount: 1000000
# filename: PSD_source.dat
# statistics: X0=0.00157575; dX=5.00259; Y0=-0.000397502; dY=5.00525;
# signal: Min=0; Max=6.51671e+06; Mean=2.13803e+06;
# values: 3.42084e+09 3.42084e+06 1e+06
# xvar: X 
# yvar: Y 
# xlabel: X position [cm]
# ylabel: Y position [cm]
# zvar: I
# zlabel: Signal per bin
# xylimits: -15 15 -15 15
# variables: I I_err N
# Data [psd_source/PSD_source.dat] I:
0 0 0 0 0 0 0 0 0 0 0 0 0 0 0 0 0 0 0 0 0 0 0 0 0 0 0 0 0 0 0 0 0 0 0 0 0 0 0 0 
0 0 0 0 0 0 0 0 0 0 0 0 0 0 0 0 0 0 0 0 0 0 0 0 0 0 0 0 0 0 0 0 0 0 0 0 0 0 0 0 
0 0 0 0 0 0 0 0 0 0 0 0 0 0 0 0 0 0 0 0 0 0 0 0 0 0 0 0 0 0 0 0 0 0 0 0 0 0 0 0 
0 0 0 0 0 0 0 0 0 0 0 0 0 0 0 0 0 0 0 0 0 0 0 0 0 0 0 0 0 0 0 0 0 0 0 0 0 0 0 0 
0 0 0 0 0 0 0 0 0 0 0 0 0 0 0 0 0 0 0 0 0 0 0 0 0 0 0 0 0 0 0 0 0 0 0 0 0 0 0 0 
0 0 0 0 0 0 0 0 0 0 0 0 0 0 0 0 0 0 0 0 0 0 0 0 0 0 0 0 0 0 0 0 0 0 0 0 0 0 0 0 
0 0 0 0 0 0 0 0 0 0 0 0 0 0 0 0 0 543913.9148 1464120.485 2079872.108 2038821.946 1600954.147 533651.3634 0 0 0 0 0 0 0 0 0 0 0 0 0 0 0 0 0 
0 0 0 0 0 0 0 0 0 0 0 0 0 0 957835.8271 3489259.193 5278359.752 6027524.318 6027524.472 5914636.784 6284087.772 6482496.458 6219091.524 5083371.703 3328479.532 930469.1139 0 0 0 0 0 0 0 0 0 0 0 0 0 0 
0 0 0 0 0 0 0 0 0 0 0 0 533651.3707 3920285.226 6249879.123 6109624.919 6140412.705 6147254.601 6284088.448 6249880.033 6068575.303 6078837.787 6154096.318 6191725.313 6003578.699 6143832.985 3821080.921 523388.869 0 0 0 0 0 0 0 0 0 0 0 0 
0 0 0 0 0 0 0 0 0 0 0 1676212.708 5476768.674 5989895.428 6164358.687 6342242.885 6113046.611 5962529.737 6119888.627 6143834.557 6321718.426 6253301.511 6215672.216 6222513.547 6338822.007 6225933.956 6383292.221 5579393.922 1676212.682 0 0 0 0 0 0 0 0 0 0 0 
0 0 0 0 0 0 0 0 0 0 2206443.227 5935161.579 6308033.958 6160938.094 6369609.956 6157517.994 6277247.779 5935163.508 6126730.927 6181464.528 6044630.753 6034368.169 6184885.13 6010421.948 6427764.544 6013842.256 6116467.12 6160937.667 5924899.088 2285122.631 0 0 0 0 0 0 0 0 0 0 
0 0 0 0 0 0 0 0 0 1679633.541 6095941.224 6253300.536 6010421.135 6167780.374 6085680.491 6092522.441 6263564.848 6041210.232 5942005.918 6126731.531 5948847.717 6078839.636 6290931.829 6208831.447 5877009.329 5976213.51 5983054.86 6037787.937 5938583.02 5630706.619 1686475.213 0 0 0 0 0 0 0 0 0 
0 0 0 0 0 0 0 0 578122.3349 5524660.471 6113045.913 6157517.427 6393556.043 6232776.892 5853063.646 6109627.193 6260144.569 6369611.723 5955689.689 6065156.765 6256724.126 5911218.748 6041210.734 6020685.547 6109627.215 6229356.43 6130151.604 6191726.392 5770962.136 6270404.717 5671756.643 612330.7609 0 0 0 0 0 0 0 0 
0 0 0 0 0 0 0 0 3721876.436 5914636.839 6287509.303 6150676.15 5972792.783 6133572.871 6071998.009 6034369.072 5969373.3 5866748.091 6308037.219 6123311.635 5969373.632 6126732.393 6219095.03 5699126.554 6000160.625 6277248.684 5801751.005 5986476.157 5801750.142 6208829.97 6075416.467 3920285.259 0 0 0 0 0 0 0 0 
0 0 0 0 0 0 0 913364.8663 6191724.809 5965949.881 6188305.26 5825696.402 5935163.894 6154098.269 5918060.423 6362770.472 6010423.735 6253303.891 6065157.55 6095945.211 6082261.851 6243041.477 6249883.016 6256724.563 6273828.524 5952268.858 6136994.033 6041210.026 5959109.299 6195146.92 6048050.039 6130149.612 885998.1302 0 0 0 0 0 0 0 
0 0 0 0 0 0 0 3318217.028 5770961.415 6366188.756 6335401.85 6092522.497 6243040.116 6253303.068 6297774.439 6229357.825 6010424.065 6191729.007 6273829.376 6143837.367 5784648.629 6239620.929 6020686.787 6201991.318 6140415.882 5972794.205 6273828.132 5996739.349 6136993.458 6393556.149 6003579.432 6273825.327 3417421.464 0 0 0 0 0 0 0 
0 0 0 0 0 0 0 5353618.286 6092520.908 5959108.679 5948846.795 5945426.46 6198569.389 6246461.649 6328562.303 6092524.328 6041211.867 6198570.928 6154100.087 6099366.623 5904378.467 6191729.408 6082262.194 6167783.172 6116470.253 6236199.493 6044631.821 6236198.657 6355927.72 6140413.988 6160938.436 6106204.262 5404930.906 0 0 0 0 0 0 0 
0 0 0 0 0 0 619172.4285 5835957.176 6071996.031 6154096.944 6294352.154 6024106.022 6362770.085 6154099.039 6003582.254 6099366.194 6191729.257 6208833.67 6099366.718 6270409.051 6270409.063 6215675.454 6417505.216 6034370.374 6058316.05 6017265.606 6109628.055 6116469.313 6379873.798 6136993.329 6089100.918 5924899.794 6051470.239 619172.4419 0 0 0 0 0 0 
0 0 0 0 0 0 1539379.005 6201987.465 6068575.303 6232776.46 6256722.984 6150677.367 6434607.941 6020686.218 6318300.069 6034370.264 6246462.889 6075420.807 6181467.126 6116471.162 6369613.697 6331984.34 6085683.357 6246462.882 6287512.795 6092524.318 6410662.485 6030948.325 6099364.731 6154097.665 6102784.433 6352505.261 6198566.593 1488066.368 0 0 0 0 0 0 
0 0 0 0 0 0 1960142.6 6003578.66 5996737.654 6396976.992 6273827.285 6349086.398 6123311.19 6215674.414 6249883.236 6157520.736 6089104.087 6095945.951 5952270.59 6243042.484 6068579.381 5986479.038 5945428.77 6215675.355 6355929.74 6003582.424 6017265.439 6396978.723 5965951.88 5798330.014 6253301.573 6164358.973 6102783.08 1966984.287 0 0 0 0 0 0 
0 0 0 0 0 0 1854096.496 5794907.239 5914637.439 6164359.636 6280668.961 6301194.577 6174623.851 6143836.688 6133574.513 6222516.785 6253304.643 6054895.819 6273830.029 6321721.923 6246463.328 6174625.515 5918062.014 6061737.325 6243041.855 6191728.868 6044632.188 6058315.149 6359348.929 6099364.241 5918058.928 6116467.166 5942003.471 2055926.186 0 0 0 0 0 0 
0 0 0 0 0 0 1320445.093 6290929.337 5948845.808 6085680.206 6308035.634 6010422.772 5931743.851 6034369.581 5945427.997 6051474.495 6147258.392 6147258.566 6003583.206 5918062.133 6277250.87 5948849.676 5942007.852 6249883.725 5801752.814 6126732.78 6092523.942 6352507.708 5986476.869 6113047.561 6178042.961 6061733.649 6201987.412 1532537.318 0 0 0 0 0 0 
0 0 0 0 0 0 533651.3796 5948844.982 6369609.358 6167780.312 6243039.503 6270406.804 6061735.808 6027527.783 6126732.649 6390137.998 6147258.267 6099366.616 5993320.529 6420926.228 6150679.483 6089104.189 6215675.352 6215675.139 6184887.313 6017265.618 6184886.654 5770964.059 6089102.087 5928321.88 6116467.665 6123308.677 6171199.734 602068.225 0 0 0 0 0 0 
0 0 0 0 0 0 0 5199680.393 6037787.429 6071996.524 6024105.31 6092522.741 6178044.314 6106207.035 5948848.573 6188307.97 6099366.267 6297775.436 6130154.151 6116470.838 6075420.701 6503026.25 6147258.278 6000161.727 6277249.927 6184886.822 6236199.098 6366190.766 6126731.144 6273826.879 5972792.08 6294350.638 5374143.313 0 0 0 0 0 0 0 
0 0 0 0 0 0 0 3362687.946 5918057.672 6143833.992 5945425.695 6191726.945 5989897.613 6431186.972 6215674.177 6092524.082 6109628.567 6154099.699 6068578.699 6256725.264 6386717.338 5959111.677 6027528.421 6065157.593 6041211.41 6184886.59 6270407.271 6496182.552 5788067.367 6256722.417 6263563.462 5996737.069 3328479.548 0 0 0 0 0 0 0 
0 0 0 0 0 0 0 961256.6715 6065153.56 6318296.656 6403818.354 5880429.87 5972793.122 6167781.654 6092523.449 6099365.448 6030948.783 6007003.109 6154099.526 5945428.032 6007003.275 6294354.144 5883852.689 5880431.653 5993319.291 6222515.54 6113048.171 6054893.42 6273826.907 6232776.181 6051470.913 6109624.576 909944.0321 0 0 0 0 0 0 0 
0 0 0 0 0 0 0 0 3766347.385 6082258.111 6157517.28 5723070.784 6024105.416 5993318.257 6003581.18 6034369.034 6126732.094 5894114.895 6273828.683 6366191.591 5959111.097 6003582.012 5853064.739 6136994.647 5904377.023 5829118.099 6027526.72 6133572.416 6331980.826 5948845.82 6116466.519 3899760.22 0 0 0 0 0 0 0 0 
0 0 0 0 0 0 0 0 605489.0593 5829115.447 6304613.126 6099363.105 5907796.326 6109626.553 6468815.493 6297773.532 6133573.345 6068577.558 6030948.296 5938585.585 6041210.933 6068577.606 5959110.515 6116469.135 6092522.954 6068576.779 6136993.312 6249880.678 6140413.229 6472234.38 5781223.596 557597.2895 0 0 0 0 0 0 0 0 
0 0 0 0 0 0 0 0 0 1580429.122 5617023.258 6266983.872 6061733.813 5996738.229 6287510.204 6027526.415 6123310.289 6007001.805 6205410.858 6150677.471 6010422.859 6212252.568 6041210.252 6113047.824 6071997.393 6054892.9 6041209.077 6174621.627 6284088.101 6041207.771 1665950.186 0 0 0 0 0 0 0 0 0 
0 0 0 0 0 0 0 0 0 0 2421956.3 6085678.692 6229354.558 6516705.844 6071996.564 6243038.992 6219093.445 6106205.768 6178043.594 5825696.792 6236198.037 6270406.328 6020684.613 6058313.75 6051471.872 6150675.947 6075417.071 6075416.678 6191724.748 2250914.181 0 0 0 0 0 0 0 0 0 0 
0 0 0 0 0 0 0 0 0 0 0 1802783.847 5921478.159 5976212.002 6147254.459 6222513.294 6020683.885 6123309.353 6263564.032 6068576.008 6095942.936 6188305.514 6154096.935 6171201.056 6054892.03 5989895.763 6085678.953 5877007.22 1761733.766 0 0 0 0 0 0 0 0 0 0 0 
0 0 0 0 0 0 0 0 0 0 0 0 660222.5469 3841605.847 6171199.765 5979632.84 6061733.277 6420921.999 6219092.295 6256721.816 6171200.546 6075416.936 6140412.892 6154096.112 6287508.709 5890690.664 4094748.16 584964.0117 0 0 0 0 0 0 0 0 0 0 0 0 
0 0 0 0 0 0 0 0 0 0 0 0 0 0 858631.3884 3222433.412 5185997.089 6184883.063 6277246.045 5959107.653 6331979.497 5880428.26 6130149.598 5312568.228 3304533.696 841527.1804 0 0 0 0 0 0 0 0 0 0 0 0 0 0 
0 0 0 0 0 0 0 0 0 0 0 0 0 0 0 0 0 667064.2042 1477803.851 1881463.196 1919092.458 1474382.981 543913.9075 0 0 0 0 0 0 0 0 0 0 0 0 0 0 0 0 0 
0 0 0 0 0 0 0 0 0 0 0 0 0 0 0 0 0 0 0 0 0 0 0 0 0 0 0 0 0 0 0 0 0 0 0 0 0 0 0 0 
0 0 0 0 0 0 0 0 0 0 0 0 0 0 0 0 0 0 0 0 0 0 0 0 0 0 0 0 0 0 0 0 0 0 0 0 0 0 0 0 
0 0 0 0 0 0 0 0 0 0 0 0 0 0 0 0 0 0 0 0 0 0 0 0 0 0 0 0 0 0 0 0 0 0 0 0 0 0 0 0 
0 0 0 0 0 0 0 0 0 0 0 0 0 0 0 0 0 0 0 0 0 0 0 0 0 0 0 0 0 0 0 0 0 0 0 0 0 0 0 0 
0 0 0 0 0 0 0 0 0 0 0 0 0 0 0 0 0 0 0 0 0 0 0 0 0 0 0 0 0 0 0 0 0 0 0 0 0 0 0 0 
0 0 0 0 0 0 0 0 0 0 0 0 0 0 0 0 0 0 0 0 0 0 0 0 0 0 0 0 0 0 0 0 0 0 0 0 0 0 0 0 
# Errors [psd_source/PSD_source.dat] I_err:
0 0 0 0 0 0 0 0 0 0 0 0 0 0 0 0 0 0 0 0 0 0 0 0 0 0 0 0 0 0 0 0 0 0 0 0 0 0 0 0 
0 0 0 0 0 0 0 0 0 0 0 0 0 0 0 0 0 0 0 0 0 0 0 0 0 0 0 0 0 0 0 0 0 0 0 0 0 0 0 0 
0 0 0 0 0 0 0 0 0 0 0 0 0 0 0 0 0 0 0 0 0 0 0 0 0 0 0 0 0 0 0 0 0 0 0 0 0 0 0 0 
0 0 0 0 0 0 0 0 0 0 0 0 0 0 0 0 0 0 0 0 0 0 0 0 0 0 0 0 0 0 0 0 0 0 0 0 0 0 0 0 
0 0 0 0 0 0 0 0 0 0 0 0 0 0 0 0 0 0 0 0 0 0 0 0 0 0 0 0 0 0 0 0 0 0 0 0 0 0 0 0 
0 0 0 0 0 0 0 0 0 0 0 0 0 0 0 0 0 0 0 0 0 0 0 0 0 0 0 0 0 0 0 0 0 0 0 0 0 0 0 0 
0 0 0 0 0 0 0 0 0 0 0 0 0 0 0 0 0 43135.17926 70770.93484 84349.95227 83513.40091 74004.13165 42726.3038 0 0 0 0 0 0 0 0 0 0 0 0 0 0 0 0 0 
0 0 0 0 0 0 0 0 0 0 0 0 0 0 57241.63918 109252.9432 134374.2408 143593.9093 143593.913 142242.8952 146618.126 148914.7377 145857.9176 131868.924 106706.1549 56417.97703 0 0 0 0 0 0 0 0 0 0 0 0 0 0 
0 0 0 0 0 0 0 0 0 0 0 0 42726.30438 115804.479 146218.5067 144568.5488 144932.3503 145013.0751 146618.1417 146218.528 144082.0694 144203.845 145093.7507 145536.6567 143308.4001 144972.7026 114329.8539 42313.48216 0 0 0 0 0 0 0 0 0 0 0 0 
0 0 0 0 0 0 0 0 0 0 0 75723.57143 136876.4496 143144.9949 145214.6752 147295.0001 144609.036 142817.644 144689.9439 144972.7397 147056.4795 146258.5534 145817.8331 145898.0547 147255.2703 145938.1429 147770.8961 138152.9123 75723.57024 0 0 0 0 0 0 0 0 0 0 0 
0 0 0 0 0 0 0 0 0 0 86878.61723 142489.4818 146897.2157 145174.3829 147612.4541 145134.091 146538.3298 142489.5281 144770.8134 145416.0372 143797.5549 143675.4326 145456.2627 143390.0714 148284.7774 143430.8582 144649.4838 145174.3728 142366.2396 88414.04904 0 0 0 0 0 0 0 0 0 0 
0 0 0 0 0 0 0 0 0 75800.80056 144406.5595 146258.5306 143390.052 145254.9821 144284.9965 144366.0845 146378.5383 143756.8671 142571.6484 144770.8277 142653.7067 144203.8889 146697.9735 145737.5806 141789.7381 142981.4353 143063.2478 143716.1256 142530.5535 138786.743 75955.02356 0 0 0 0 0 0 0 0 0 
0 0 0 0 0 0 0 0 44470.94884 137473.6075 144609.0195 145134.0776 147889.6652 146018.336 141500.5871 144568.6027 146338.5737 147612.4951 142735.7219 144041.5091 146298.5944 142201.8223 143756.8791 143512.4608 144568.6032 145978.2685 144811.22 145536.682 140504.6455 146458.4186 139291.7277 45767.74991 0 0 0 0 0 0 0 0 
0 0 0 0 0 0 0 0 112835.9535 142242.8965 146658.0436 145053.4348 142940.5103 144851.6293 144122.7173 143675.4541 142899.6033 141665.9174 146897.2916 144730.4282 142899.6112 144770.8481 145857.9998 139627.4487 143267.6318 146538.351 140878.9682 143104.1514 140878.9472 145737.5459 144163.2529 115804.48 0 0 0 0 0 0 0 0 
0 0 0 0 0 0 0 55897.02206 145536.6448 142858.5903 145496.4662 141169.3855 142489.5374 145093.7967 142284.0909 147533.2076 143390.114 146258.609 144041.5277 144406.654 144244.4908 146138.5473 146218.5978 146298.6046 146498.4328 142694.7239 144892.0248 143756.8622 142776.6789 145576.8725 143838.2019 144811.173 55053.24509 0 0 0 0 0 0 0 
0 0 0 0 0 0 0 106541.5279 140504.628 147572.8024 147215.5466 144366.0859 146138.5154 146258.5898 146777.7438 145978.3012 143390.1219 145536.7435 146498.4527 144972.806 140671.1962 146098.5108 143512.4903 145657.2988 144932.4253 142940.5443 146498.4236 143226.7754 144892.0113 147889.6676 143308.4176 146498.3581 108122.4302 0 0 0 0 0 0 0 
0 0 0 0 0 0 0 135328.8003 144366.0482 142776.6641 142653.6845 142612.6748 145617.0976 146178.564 147136.0849 144366.1292 143756.906 145617.1337 145093.8396 144447.1799 142119.5396 145536.7529 144244.499 145255.0481 144649.5579 146058.4425 143797.5804 146058.423 147453.8427 144932.3806 145174.3909 144528.0748 135975.7939 0 0 0 0 0 0 0 
0 0 0 0 0 0 46022.72416 141293.6301 144122.6704 145093.7655 146737.8412 143553.2168 147533.1986 145093.8148 143308.485 144447.1697 145536.7493 145737.6327 144447.1821 146458.5198 146458.5201 145817.9091 148166.4288 143675.4851 143960.2676 143471.7059 144568.6231 144649.5357 147731.3511 144892.0082 144325.5332 142366.2566 143878.8591 46022.72515 0 0 0 0 0 0 
0 0 0 0 0 0 72567.0222 145657.2084 144082.0694 146018.3259 146298.5677 145053.4635 148363.7127 143512.4768 147016.7439 143675.4825 146178.593 144163.3559 145416.0983 144649.5794 147612.5409 147175.8737 144285.0645 146178.5929 146658.125 144366.129 148087.4037 143634.7263 144447.1351 145093.7825 144487.6091 147414.1191 145617.0319 71347.32138 0 0 0 0 0 0 
0 0 0 0 0 0 81886.13184 143308.3992 143226.7349 147929.2262 146498.4039 147374.4682 144730.4177 145817.8847 146218.6029 145134.1556 144325.6083 144406.6715 142694.7654 146138.5709 144082.1663 143104.2203 142612.7303 145817.9067 147453.8896 143308.4891 143471.7019 147929.2662 142858.6382 140837.4258 146258.5548 145214.682 144487.5771 82028.9152 0 0 0 0 0 0 
0 0 0 0 0 0 79640.26378 140795.8278 142242.9109 145214.6976 146578.261 146817.5855 145335.5649 144972.79 144851.6681 145898.1306 146258.6266 143919.6327 146498.4679 147056.5608 146178.6033 145335.6041 142284.1292 144000.9159 146138.5562 145536.7402 143797.5891 143960.2462 147493.5266 144447.1235 142284.055 144649.4849 142571.5897 83862.97835 0 0 0 0 0 0 
0 0 0 0 0 0 67208.88566 146697.9154 142653.6609 144284.9898 146897.2547 143390.0911 142448.4875 143675.4662 142612.7117 143878.9603 145013.1645 145013.1686 143308.5077 142284.132 146538.402 142653.7536 142571.6948 146218.6144 140879.0121 144770.8572 144366.1201 147414.1759 143104.1685 144609.0585 145375.7777 144000.8285 145657.2071 72405.58246 0 0 0 0 0 0 
0 0 0 0 0 0 42726.3051 142653.6411 147612.4403 145254.9807 146138.5011 146458.4673 144000.8798 143593.9918 144770.8541 147850.1608 145013.1616 144447.1797 143185.966 148205.9173 145053.5134 144325.6108 145817.9067 145817.9017 145456.3141 143471.7062 145456.2986 140504.6923 144325.5609 142407.3793 144649.4967 144730.3583 145295.2231 45382.60001 0 0 0 0 0 0 
0 0 0 0 0 0 0 133368.988 143716.1135 144122.6821 143553.1998 144366.0916 145375.8095 144528.1405 142653.7272 145496.5299 144447.1715 146777.767 144811.2802 144649.5717 144163.3534 149150.409 145013.1618 143267.6581 146538.38 145456.3026 146058.4333 147572.849 144770.8185 146498.3944 142940.4935 146737.8059 135587.9677 0 0 0 0 0 0 0 
0 0 0 0 0 0 0 107253.0888 142284.0248 144972.7263 142612.6565 145536.695 143145.0471 148324.2672 145817.8791 144366.1234 144568.6352 145093.8304 144082.1501 146298.621 147810.5853 142776.7359 143594.007 144041.5287 143756.8952 145456.2971 146458.4782 149071.8834 140712.7329 146298.5544 146378.5059 143226.721 106706.1554 0 0 0 0 0 0 0 
0 0 0 0 0 0 0 57343.76542 144041.433 147016.6645 148008.3041 141830.9907 142940.5184 145255.0123 144366.1084 144447.1521 143634.7372 143349.3081 145093.8263 142612.7125 143349.312 146737.8876 141872.2863 141831.0337 143185.9365 145898.1014 144609.0729 143919.5756 146498.395 146018.3193 143878.8751 144568.5407 55792.24828 0 0 0 0 0 0 0 
0 0 0 0 0 0 0 0 113508.0636 144244.4021 145134.0741 139920.4351 143553.2023 143185.9117 143308.4594 143675.4532 144770.841 141995.9503 146498.4365 147572.8681 142776.722 143308.4792 141500.6135 144892.0393 142119.5049 141210.8474 143593.9665 144851.6186 147175.7921 142653.6612 144649.4696 115500.9295 0 0 0 0 0 0 0 0 
0 0 0 0 0 0 0 0 45511.34464 141210.7831 146857.3794 144447.0966 142160.632 144568.5875 148757.5441 146777.7227 144851.6405 144082.123 143634.7256 142530.6151 143756.8838 144082.1241 142776.7081 144649.5315 144366.0967 144082.1045 144892.0078 146218.5431 144932.3627 148796.8269 140629.4941 43674.39039 0 0 0 0 0 0 0 0 
0 0 0 0 0 0 0 0 0 73528.21719 138618.0055 146418.4626 144000.8324 143226.7487 146658.0646 143593.9592 144730.3964 143349.2769 145697.4329 145053.4659 143390.0931 145777.7296 143756.8676 144609.0647 144122.7027 143919.5633 143756.8396 145335.5126 146618.1337 143756.8086 75491.40889 0 0 0 0 0 0 0 0 0 
0 0 0 0 0 0 0 0 0 0 91022.69166 144284.9539 145978.2247 149307.1577 144122.683 146138.4891 145857.9626 144528.1105 145375.7926 141169.3949 146058.4084 146458.4562 143512.4385 143960.2129 143878.8979 145053.43 144163.2672 144163.2579 145536.6434 87749.77076 0 0 0 0 0 0 0 0 0 0 
0 0 0 0 0 0 0 0 0 0 0 78530.49782 142325.1328 142981.3993 145013.0717 145898.0487 143512.4212 144730.3743 146378.5192 144082.0862 144406.6001 145496.4721 145093.7652 145295.2543 143919.5426 143145.0029 144284.9601 141789.6872 77631.26512 0 0 0 0 0 0 0 0 0 0 0 
0 0 0 0 0 0 0 0 0 0 0 0 47523.85882 114636.502 145295.2238 143022.3153 144000.8197 148205.8198 145857.9356 146298.5404 145295.2422 144163.2641 144932.3548 145093.7458 146658.0297 141954.6567 118353.2318 44733.31601 0 0 0 0 0 0 0 0 0 0 0 0 
0 0 0 0 0 0 0 0 0 0 0 0 0 0 54196.33267 104992.5541 133193.3886 145456.2142 146538.2894 142776.6395 147175.7612 141830.9519 144811.1726 134808.9707 106321.6289 53653.81337 0 0 0 0 0 0 0 0 0 0 0 0 0 0 
0 0 0 0 0 0 0 0 0 0 0 0 0 0 0 0 0 47769.45986 71100.87091 80225.86023 81024.14706 71018.52926 43135.17868 0 0 0 0 0 0 0 0 0 0 0 0 0 0 0 0 0 
0 0 0 0 0 0 0 0 0 0 0 0 0 0 0 0 0 0 0 0 0 0 0 0 0 0 0 0 0 0 0 0 0 0 0 0 0 0 0 0 
0 0 0 0 0 0 0 0 0 0 0 0 0 0 0 0 0 0 0 0 0 0 0 0 0 0 0 0 0 0 0 0 0 0 0 0 0 0 0 0 
0 0 0 0 0 0 0 0 0 0 0 0 0 0 0 0 0 0 0 0 0 0 0 0 0 0 0 0 0 0 0 0 0 0 0 0 0 0 0 0 
0 0 0 0 0 0 0 0 0 0 0 0 0 0 0 0 0 0 0 0 0 0 0 0 0 0 0 0 0 0 0 0 0 0 0 0 0 0 0 0 
0 0 0 0 0 0 0 0 0 0 0 0 0 0 0 0 0 0 0 0 0 0 0 0 0 0 0 0 0 0 0 0 0 0 0 0 0 0 0 0 
0 0 0 0 0 0 0 0 0 0 0 0 0 0 0 0 0 0 0 0 0 0 0 0 0 0 0 0 0 0 0 0 0 0 0 0 0 0 0 0 
# Events [psd_source/PSD_source.dat] N:
0 0 0 0 0 0 0 0 0 0 0 0 0 0 0 0 0 0 0 0 0 0 0 0 0 0 0 0 0 0 0 0 0 0 0 0 0 0 0 0 
0 0 0 0 0 0 0 0 0 0 0 0 0 0 0 0 0 0 0 0 0 0 0 0 0 0 0 0 0 0 0 0 0 0 0 0 0 0 0 0 
0 0 0 0 0 0 0 0 0 0 0 0 0 0 0 0 0 0 0 0 0 0 0 0 0 0 0 0 0 0 0 0 0 0 0 0 0 0 0 0 
0 0 0 0 0 0 0 0 0 0 0 0 0 0 0 0 0 0 0 0 0 0 0 0 0 0 0 0 0 0 0 0 0 0 0 0 0 0 0 0 
0 0 0 0 0 0 0 0 0 0 0 0 0 0 0 0 0 0 0 0 0 0 0 0 0 0 0 0 0 0 0 0 0 0 0 0 0 0 0 0 
0 0 0 0 0 0 0 0 0 0 0 0 0 0 0 0 0 0 0 0 0 0 0 0 0 0 0 0 0 0 0 0 0 0 0 0 0 0 0 0 
0 0 0 0 0 0 0 0 0 0 0 0 0 0 0 0 0 159 428 608 596 468 156 0 0 0 0 0 0 0 0 0 0 0 0 0 0 0 0 0 
0 0 0 0 0 0 0 0 0 0 0 0 0 0 280 1020 1543 1762 1762 1729 1837 1895 1818 1486 973 272 0 0 0 0 0 0 0 0 0 0 0 0 0 0 
0 0 0 0 0 0 0 0 0 0 0 0 156 1146 1827 1786 1795 1797 1837 1827 1774 1777 1799 1810 1755 1796 1117 153 0 0 0 0 0 0 0 0 0 0 0 0 
0 0 0 0 0 0 0 0 0 0 0 490 1601 1751 1802 1854 1787 1743 1789 1796 1848 1828 1817 1819 1853 1820 1866 1631 490 0 0 0 0 0 0 0 0 0 0 0 
0 0 0 0 0 0 0 0 0 0 645 1735 1844 1801 1862 1800 1835 1735 1791 1807 1767 1764 1808 1757 1879 1758 1788 1801 1732 668 0 0 0 0 0 0 0 0 0 0 
0 0 0 0 0 0 0 0 0 491 1782 1828 1757 1803 1779 1781 1831 1766 1737 1791 1739 1777 1839 1815 1718 1747 1749 1765 1736 1646 493 0 0 0 0 0 0 0 0 0 
0 0 0 0 0 0 0 0 169 1615 1787 1800 1869 1822 1711 1786 1830 1862 1741 1773 1829 1728 1766 1760 1786 1821 1792 1810 1687 1833 1658 179 0 0 0 0 0 0 0 0 
0 0 0 0 0 0 0 0 1088 1729 1838 1798 1746 1793 1775 1764 1745 1715 1844 1790 1745 1791 1818 1666 1754 1835 1696 1750 1696 1815 1776 1146 0 0 0 0 0 0 0 0 
0 0 0 0 0 0 0 267 1810 1744 1809 1703 1735 1799 1730 1860 1757 1828 1773 1782 1778 1825 1827 1829 1834 1740 1794 1766 1742 1811 1768 1792 259 0 0 0 0 0 0 0 
0 0 0 0 0 0 0 970 1687 1861 1852 1781 1825 1828 1841 1821 1757 1810 1834 1796 1691 1824 1760 1813 1795 1746 1834 1753 1794 1869 1755 1834 999 0 0 0 0 0 0 0 
0 0 0 0 0 0 0 1565 1781 1742 1739 1738 1812 1826 1850 1781 1766 1812 1799 1783 1726 1810 1778 1803 1788 1823 1767 1823 1858 1795 1801 1785 1580 0 0 0 0 0 0 0 
0 0 0 0 0 0 181 1706 1775 1799 1840 1761 1860 1799 1755 1783 1810 1815 1783 1833 1833 1817 1876 1764 1771 1759 1786 1788 1865 1794 1780 1732 1769 181 0 0 0 0 0 0 
0 0 0 0 0 0 450 1813 1774 1822 1829 1798 1881 1760 1847 1764 1826 1776 1807 1788 1862 1851 1779 1826 1838 1781 1874 1763 1783 1799 1784 1857 1812 435 0 0 0 0 0 0 
0 0 0 0 0 0 573 1755 1753 1870 1834 1856 1790 1817 1827 1800 1780 1782 1740 1825 1774 1750 1738 1817 1858 1755 1759 1870 1744 1695 1828 1802 1784 575 0 0 0 0 0 0 
0 0 0 0 0 0 542 1694 1729 1802 1836 1842 1805 1796 1793 1819 1828 1770 1834 1848 1826 1805 1730 1772 1825 1810 1767 1771 1859 1783 1730 1788 1737 601 0 0 0 0 0 0 
0 0 0 0 0 0 386 1839 1739 1779 1844 1757 1734 1764 1738 1769 1797 1797 1755 1730 1835 1739 1737 1827 1696 1791 1781 1857 1750 1787 1806 1772 1813 448 0 0 0 0 0 0 
0 0 0 0 0 0 156 1739 1862 1803 1825 1833 1772 1762 1791 1868 1797 1783 1752 1877 1798 1780 1817 1817 1808 1759 1808 1687 1780 1733 1788 1790 1804 176 0 0 0 0 0 0 
0 0 0 0 0 0 0 1520 1765 1775 1761 1781 1806 1785 1739 1809 1783 1841 1792 1788 1776 1901 1797 1754 1835 1808 1823 1861 1791 1834 1746 1840 1571 0 0 0 0 0 0 0 
0 0 0 0 0 0 0 983 1730 1796 1738 1810 1751 1880 1817 1781 1786 1799 1774 1829 1867 1742 1762 1773 1766 1808 1833 1899 1692 1829 1831 1753 973 0 0 0 0 0 0 0 
0 0 0 0 0 0 0 281 1773 1847 1872 1719 1746 1803 1781 1783 1763 1756 1799 1738 1756 1840 1720 1719 1752 1819 1787 1770 1834 1822 1769 1786 266 0 0 0 0 0 0 0 
0 0 0 0 0 0 0 0 1101 1778 1800 1673 1761 1752 1755 1764 1791 1723 1834 1861 1742 1755 1711 1794 1726 1704 1762 1793 1851 1739 1788 1140 0 0 0 0 0 0 0 0 
0 0 0 0 0 0 0 0 177 1704 1843 1783 1727 1786 1891 1841 1793 1774 1763 1736 1766 1774 1742 1788 1781 1774 1794 1827 1795 1892 1690 163 0 0 0 0 0 0 0 0 
0 0 0 0 0 0 0 0 0 462 1642 1832 1772 1753 1838 1762 1790 1756 1814 1798 1757 1816 1766 1787 1775 1770 1766 1805 1837 1766 487 0 0 0 0 0 0 0 0 0 
0 0 0 0 0 0 0 0 0 0 708 1779 1821 1905 1775 1825 1818 1785 1806 1703 1823 1833 1760 1771 1769 1798 1776 1776 1810 658 0 0 0 0 0 0 0 0 0 0 
0 0 0 0 0 0 0 0 0 0 0 527 1731 1747 1797 1819 1760 1790 1831 1774 1782 1809 1799 1804 1770 1751 1779 1718 515 0 0 0 0 0 0 0 0 0 0 0 
0 0 0 0 0 0 0 0 0 0 0 0 193 1123 1804 1748 1772 1877 1818 1829 1804 1776 1795 1799 1838 1722 1197 171 0 0 0 0 0 0 0 0 0 0 0 0 
0 0 0 0 0 0 0 0 0 0 0 0 0 0 251 942 1516 1808 1835 1742 1851 1719 1792 1553 966 246 0 0 0 0 0 0 0 0 0 0 0 0 0 0 
0 0 0 0 0 0 0 0 0 0 0 0 0 0 0 0 0 195 432 550 561 431 159 0 0 0 0 0 0 0 0 0 0 0 0 0 0 0 0 0 
0 0 0 0 0 0 0 0 0 0 0 0 0 0 0 0 0 0 0 0 0 0 0 0 0 0 0 0 0 0 0 0 0 0 0 0 0 0 0 0 
0 0 0 0 0 0 0 0 0 0 0 0 0 0 0 0 0 0 0 0 0 0 0 0 0 0 0 0 0 0 0 0 0 0 0 0 0 0 0 0 
0 0 0 0 0 0 0 0 0 0 0 0 0 0 0 0 0 0 0 0 0 0 0 0 0 0 0 0 0 0 0 0 0 0 0 0 0 0 0 0 
0 0 0 0 0 0 0 0 0 0 0 0 0 0 0 0 0 0 0 0 0 0 0 0 0 0 0 0 0 0 0 0 0 0 0 0 0 0 0 0 
0 0 0 0 0 0 0 0 0 0 0 0 0 0 0 0 0 0 0 0 0 0 0 0 0 0 0 0 0 0 0 0 0 0 0 0 0 0 0 0 
0 0 0 0 0 0 0 0 0 0 0 0 0 0 0 0 0 0 0 0 0 0 0 0 0 0 0 0 0 0 0 0 0 0 0 0 0 0 0 0 
