# Format: McCode with text headers
# URL: http://www.mccode.org
# Creator: McStas 2.5 - Dec. 12, 2018
# Instrument: ESS_HEIMDAL.instr
# Ncount: 25000
# Trace: no
# Gravitation: no
# Seed: 1565850614
# Directory: TemperatureScan/22
# Nodes: 4
# Param: lmax=4
# Param: lmin=0.5
# Param: T=450
# Param: tau=0
# Param: use_CoFe2O4=1
# Param: use_CoFe=1
# Param: use_magn=1
# Date: Wed Aug 14 12:14:05 2019 (1565777645)
# type: array_2d(40, 40)
# Source: ESS_HEIMDAL (ESS_HEIMDAL.instr)
# component: psd_source
# position: 0 0 0.01
# title: PSD monitor
# Ncount: 100000
# filename: PSD_source.dat
# statistics: X0=-0.0241725; dX=5.01918; Y0=-0.010215; dY=5.00592;
# signal: Min=0; Max=7.79952e+06; Mean=2.13803e+06;
# values: 3.42084e+09 1.08177e+07 100000
# xvar: X 
# yvar: Y 
# xlabel: X position [cm]
# ylabel: Y position [cm]
# zvar: I
# zlabel: Signal per bin
# xylimits: -15 15 -15 15
# variables: I I_err N
# Data [psd_source/PSD_source.dat] I:
0 0 0 0 0 0 0 0 0 0 0 0 0 0 0 0 0 0 0 0 0 0 0 0 0 0 0 0 0 0 0 0 0 0 0 0 0 0 0 0 
0 0 0 0 0 0 0 0 0 0 0 0 0 0 0 0 0 0 0 0 0 0 0 0 0 0 0 0 0 0 0 0 0 0 0 0 0 0 0 0 
0 0 0 0 0 0 0 0 0 0 0 0 0 0 0 0 0 0 0 0 0 0 0 0 0 0 0 0 0 0 0 0 0 0 0 0 0 0 0 0 
0 0 0 0 0 0 0 0 0 0 0 0 0 0 0 0 0 0 0 0 0 0 0 0 0 0 0 0 0 0 0 0 0 0 0 0 0 0 0 0 
0 0 0 0 0 0 0 0 0 0 0 0 0 0 0 0 0 0 0 0 0 0 0 0 0 0 0 0 0 0 0 0 0 0 0 0 0 0 0 0 
0 0 0 0 0 0 0 0 0 0 0 0 0 0 0 0 0 0 0 0 0 0 0 0 0 0 0 0 0 0 0 0 0 0 0 0 0 0 0 0 
0 0 0 0 0 0 0 0 0 0 0 0 0 0 0 0 0 649960.1254 1436753.666 2018296.985 1607795.821 1368336.855 581543.2035 0 0 0 0 0 0 0 0 0 0 0 0 0 0 0 0 0 
0 0 0 0 0 0 0 0 0 0 0 0 0 0 1060461.223 3626092.964 5336513.985 6054891.148 6260141.632 6020682.868 6260141.844 5610181.589 6465392.19 5644389.865 2907715.876 923627.4213 0 0 0 0 0 0 0 0 0 0 0 0 0 0 
0 0 0 0 0 0 0 0 0 0 0 0 478917.9406 3865551.715 6670642.695 6739059.856 5815432.436 5507557.035 5404931.617 5473348.481 6191725.824 6157517.503 7183770.01 5541765.174 5849640.727 7252186.168 4036594.09 444709.5679 0 0 0 0 0 0 0 0 0 0 0 0 
0 0 0 0 0 0 0 0 0 0 0 1505170.634 5815432.211 6089099.623 5952266.601 6533809.898 6054892.402 6294351.582 5952267.218 6328560.289 6123309.369 6499602.12 6465393.652 6191725.913 5815433.027 5849641.432 6841685.246 5028638.375 1607795.817 0 0 0 0 0 0 0 0 0 0 0 
0 0 0 0 0 0 0 0 0 0 1813046.318 6225933.28 6396975.983 6875894.233 6328559.742 5883850.424 5610183.341 6362768.859 6431186.082 6225935.637 5952267.793 7046937.907 6465394.184 6123309.779 6123309.347 5678599.737 5815432.979 6020683.525 5883849.066 2189339.047 0 0 0 0 0 0 0 0 0 0 
0 0 0 0 0 0 0 0 0 1778838.024 6362766.81 6533809.761 5986475.21 5302306.929 6089101.297 6225935.211 6431186.238 5610183.869 6568020.356 5610184.134 6089102.039 6739062.585 5883851.44 5815434.357 5644392.029 6568019.293 6294351.664 6739060.932 5712807.381 5473348.094 1881463.25 0 0 0 0 0 0 0 0 0 
0 0 0 0 0 0 0 0 649960.0201 5986474.136 6225933.62 6123309.101 7799522.701 6362768.945 6089101.734 6123310.622 6396978.372 6670646.055 6431187.207 5678601.31 5644393.183 6054894.321 6123311.153 5986476.957 5268099.656 5952268.126 6636436.447 6807478.144 5678599.418 5815432.643 6328558.44 752585.3019 0 0 0 0 0 0 0 0 
0 0 0 0 0 0 0 0 3181383.328 6773268.397 5849641.415 6875894.969 5747017.072 6157518.802 6191727.607 6704854.512 6191727.967 6978522.46 6875897.326 5644393.361 5781227.147 5644393.38 6054894.644 6020686.101 6944313.584 5883851.648 6191727.203 5952267.773 5233890.183 5678599.18 5610181.863 3420842.265 0 0 0 0 0 0 0 0 
0 0 0 0 0 0 0 923627.4126 5781223.608 6396976.084 5507557.475 6396977.327 5952268.149 7525856.82 6089102.607 5678601.539 6123311.579 6225937.149 5644393.681 5473351.596 5712810.528 6362771.095 6054894.939 5507559.629 6499604.161 6191728.041 6123310.664 6020684.969 6704853.123 5815433.411 5575973.822 5849640.388 684168.4634 0 0 0 0 0 0 0 
0 0 0 0 0 0 0 3694509.611 6089099.771 6704852.188 5747016.765 5815434.222 6328561.141 6568020.811 6499604.223 6157520.129 6294354.13 6636438.867 5473351.659 6191729.218 6054895.393 6089103.797 6225937.458 5473351.439 6157520.117 5815435.285 6157519.459 6362769.658 6191727.003 5678599.947 6328559.583 5370722.931 3797135.018 0 0 0 0 0 0 0 
0 0 0 0 0 0 0 5575973.059 7115352.998 5952267.01 6739061.551 6739062.326 5644392.649 6670646.238 6054894.71 7183773.712 6978523.428 5575977.203 6225937.838 6089104.085 5610185.804 6054895.552 5781227.762 5781227.684 5541768.25 5541768.125 6636437.952 5507558.847 6020684.973 6910103.772 6260142.78 6089100.039 4823387.699 0 0 0 0 0 0 0 
0 0 0 0 0 0 615751.6028 6875893.23 5918058.178 5849641.826 5986476.227 5986476.765 5336516.855 6157519.811 6123311.854 5644393.821 5918061.686 5986478.676 6533814.106 5849645.171 6020687.347 6362771.846 7491650.503 4310264.517 5575976.927 5815435.812 7012731.043 6396978.487 6602228.706 6465394.402 6123309.39 6465392.961 6465392.203 273667.3727 0 0 0 0 0 0 
0 0 0 0 0 0 1676212.688 6944310.257 6602226.786 5575974.501 5918059.506 5678600.912 6978522.211 6636438.147 6773272.413 5883853.094 5883853.29 5781228.181 5747019.81 6294355.112 6157521.306 5747019.789 6054895.763 6123312.499 6773272.752 6704855.504 6157520.03 5918060.444 5918059.958 6054893.197 6773269.678 6773268.948 6602226.018 1436753.715 0 0 0 0 0 0 
0 0 0 0 0 0 1949880.062 5199680.648 6602226.855 6396977.065 6533811.396 7046938.558 5712809.929 5952269.394 6499604.915 5439143.29 6191729.445 5883853.57 6807481.882 5712811.475 5747019.921 6465397.37 6499605.651 6191729.45 5473351.756 6362771.118 5610184.976 5747018.32 5678600.96 6294352.34 6157517.963 5952266.679 5404931.193 2257755.88 0 0 0 0 0 0 
0 0 0 0 0 0 1744629.535 6465392.358 5644390.853 7046937.249 5678600.463 6670645.794 5712809.858 6773272.097 5610185.273 5712810.909 5849644.913 6465397.209 6465397.356 5610186.111 5918062.16 5781228.334 6465397.214 6020687.18 6157520.733 5918061.307 6396979.15 6225936.535 6225935.99 6054893.289 6157517.958 6362767.869 6636434.456 1949880.062 0 0 0 0 0 0 
0 0 0 0 0 0 1470962.157 5986474.393 5883849.761 6123309.505 5507558.243 6568020.389 6773271.519 6396979.097 5883852.83 6260146.012 6739064.602 5781228.147 6499605.725 5233893.078 6362772.035 6568022.651 6294354.911 6020687.147 6260145.979 5986478.137 5541768.056 6431187.116 6260144.371 6225935.374 5404932.36 6328559.375 5028638.495 1436753.755 0 0 0 0 0 0 
0 0 0 0 0 0 615751.5996 5986474.199 6260142.422 6978520.097 5610183.39 6362769.586 6123311.02 6431187.409 6533813.188 5747019.15 6054895.439 6020687.202 5952270.426 5610185.996 6225938.066 6465397.146 6533813.908 5849644.805 7183773.996 6499604.705 7046939.385 5781226.675 6157518.94 5815434.028 5883850.333 6396976.057 5233888.976 649959.9961 0 0 0 0 0 0 
0 0 0 0 0 0 0 5952265.724 5575973.656 7217978.988 5883850.723 5199682.478 4823390.081 6020685.911 6157520.083 4926016.236 6533813.496 6157520.768 6225937.844 5575977.336 6191729.307 7081149.03 6054895.376 6089103.66 7149565.224 5473351.264 6294353.519 6089102.356 6191727.152 6157518.112 6396976.502 6191725.413 5028638.282 0 0 0 0 0 0 0 
0 0 0 0 0 0 0 3797134.879 6123308.328 5849641.452 6636436.18 5473349.663 5986476.826 6089102.556 6773271.713 5439142.83 5883852.836 6054895.151 6431188.267 5541768.685 5918061.709 6191729.135 5815436.107 5952269.649 5883852.553 5302308.796 6191727.835 5370724.899 5610183.477 6328560.089 5849641.548 7081144.204 2976132.805 0 0 0 0 0 0 0 
0 0 0 0 0 0 0 923627.399 5815432.146 5815432.795 5747016.514 6841686.849 5199682.456 5781226.293 5918060.487 5781226.92 6089103.237 6157520.28 5849644.34 5404934.521 5336517.621 5986478.222 6328562.514 6396979.121 5507559.435 7046939.046 6773270.982 7081146.558 6157518.222 6294351.373 6225933.765 7081143.763 923627.4034 0 0 0 0 0 0 0 
0 0 0 0 0 0 0 0 3660301.183 5541764.974 6396976.25 6260143.153 5644391.838 5986476.567 6773270.992 5986477.21 5404933.918 5815435.338 5712810.274 6294353.765 6123311.592 6294353.646 5370725.552 6499604.219 5747018.127 6157519.133 5370724.79 5849642.483 6123309.442 6465393.193 6362767.21 4549720.262 0 0 0 0 0 0 0 0 
0 0 0 0 0 0 0 0 547334.7541 6123307.836 6396975.986 6054892.226 6294351.467 6944312.32 5644392.082 6773271.043 6157519.302 5986477.123 5404933.888 7012730.631 5781226.668 6123311.144 5815434.989 5507559.006 5165474.186 6054893.511 6157518.175 6533810.669 6431185.034 6465392.685 6602225.783 786793.7014 0 0 0 0 0 0 0 0 
0 0 0 0 0 0 0 0 0 1470962.046 6020682.595 6362767.273 6123309.03 6465393.913 5678600.033 6020684.826 5986476.609 6362769.67 6910104.74 4515514.139 6499603.607 5473350.2 6123310.445 5712809.131 6396977.715 6944312.292 6191726.224 6396976.59 6362767.401 5370722.657 1813046.505 0 0 0 0 0 0 0 0 0 
0 0 0 0 0 0 0 0 0 0 2189339.038 6054891.084 7525853.909 6670643.792 6260143.167 6910103.353 6225935.083 6396977.468 5712808.965 5233890.742 6739062.142 5575975.069 6396977.39 6431185.729 5747016.773 6089101.139 5541765.456 6020683.374 5849640.455 2155130.815 0 0 0 0 0 0 0 0 0 0 
0 0 0 0 0 0 0 0 0 0 0 1642004.339 5541764.76 6944310.255 6157517.275 5883849.912 6499602.058 5439140.437 5473349.311 5541766.103 5952267.456 5336515.52 6294351.565 6533810.024 5781224.257 5233889.637 5986474.695 5575973.13 1676212.698 0 0 0 0 0 0 0 0 0 0 0 
0 0 0 0 0 0 0 0 0 0 0 0 649960.005 3762926.475 6465391.983 6020683.139 6841685.626 6089100.433 6841685.763 5986475.138 6739060.588 5918058.122 5644390.699 6191725.351 6465392.349 5747015.156 3626092.739 684168.3526 0 0 0 0 0 0 0 0 0 0 0 0 
0 0 0 0 0 0 0 0 0 0 0 0 0 0 786793.719 3044549.567 5404930.896 6191724.755 6157516.396 5918057.716 6568017.82 5986474.388 6875893.242 5507556.098 2907715.989 821002.1091 0 0 0 0 0 0 0 0 0 0 0 0 0 0 
0 0 0 0 0 0 0 0 0 0 0 0 0 0 0 0 0 410501.1019 1436753.714 1984088.344 2155130.54 1505170.643 581543.2062 0 0 0 0 0 0 0 0 0 0 0 0 0 0 0 0 0 
0 0 0 0 0 0 0 0 0 0 0 0 0 0 0 0 0 0 0 0 0 0 0 0 0 0 0 0 0 0 0 0 0 0 0 0 0 0 0 0 
0 0 0 0 0 0 0 0 0 0 0 0 0 0 0 0 0 0 0 0 0 0 0 0 0 0 0 0 0 0 0 0 0 0 0 0 0 0 0 0 
0 0 0 0 0 0 0 0 0 0 0 0 0 0 0 0 0 0 0 0 0 0 0 0 0 0 0 0 0 0 0 0 0 0 0 0 0 0 0 0 
0 0 0 0 0 0 0 0 0 0 0 0 0 0 0 0 0 0 0 0 0 0 0 0 0 0 0 0 0 0 0 0 0 0 0 0 0 0 0 0 
0 0 0 0 0 0 0 0 0 0 0 0 0 0 0 0 0 0 0 0 0 0 0 0 0 0 0 0 0 0 0 0 0 0 0 0 0 0 0 0 
0 0 0 0 0 0 0 0 0 0 0 0 0 0 0 0 0 0 0 0 0 0 0 0 0 0 0 0 0 0 0 0 0 0 0 0 0 0 0 0 
# Errors [psd_source/PSD_source.dat] I_err:
0 0 0 0 0 0 0 0 0 0 0 0 0 0 0 0 0 0 0 0 0 0 0 0 0 0 0 0 0 0 0 0 0 0 0 0 0 0 0 0 
0 0 0 0 0 0 0 0 0 0 0 0 0 0 0 0 0 0 0 0 0 0 0 0 0 0 0 0 0 0 0 0 0 0 0 0 0 0 0 0 
0 0 0 0 0 0 0 0 0 0 0 0 0 0 0 0 0 0 0 0 0 0 0 0 0 0 0 0 0 0 0 0 0 0 0 0 0 0 0 0 
0 0 0 0 0 0 0 0 0 0 0 0 0 0 0 0 0 0 0 0 0 0 0 0 0 0 0 0 0 0 0 0 0 0 0 0 0 0 0 0 
0 0 0 0 0 0 0 0 0 0 0 0 0 0 0 0 0 0 0 0 0 0 0 0 0 0 0 0 0 0 0 0 0 0 0 0 0 0 0 0 
0 0 0 0 0 0 0 0 0 0 0 0 0 0 0 0 0 0 0 0 0 0 0 0 0 0 0 0 0 0 0 0 0 0 0 0 0 0 0 0 
0 0 0 0 0 0 0 0 0 0 0 0 0 0 0 0 0 149111.0791 221695.9038 262759.8866 234521.1237 216353.0533 141044.9443 0 0 0 0 0 0 0 0 0 0 0 0 0 0 0 0 0 
0 0 0 0 0 0 0 0 0 0 0 0 0 0 190464.4582 352197.2832 427263.0661 455113.4881 462762.9853 453826.0467 462763.001 438081.5818 470288.0811 439415.155 315386.0681 177752.1801 0 0 0 0 0 0 0 0 0 0 0 0 0 0 
0 0 0 0 0 0 0 0 0 0 0 0 127996.2036 363640.5167 477694.6453 480138.1344 446023.3073 434056.3012 429993.2718 432706.1907 460227.356 458954.257 495727.227 435402.1927 447333.2067 498082.191 371598.6062 123340.2423 0 0 0 0 0 0 0 0 0 0 0 0 
0 0 0 0 0 0 0 0 0 0 0 226913.0109 446023.29 456397.3125 451240.1665 472769.8918 455113.5824 464025.755 451240.2133 465285.0061 457677.6306 471530.6973 470288.1874 460227.3626 446023.3526 447333.2607 483780.2032 414755.1028 234521.1232 0 0 0 0 0 0 0 0 0 0 0 
0 0 0 0 0 0 0 0 0 0 249041.0647 461496.8789 467793.2134 484988.1852 465284.9659 448639.3889 438081.7186 466540.8484 469042.4516 461497.0537 451240.2569 490983.429 470288.2261 457677.6613 457677.6289 440744.8171 446023.349 453826.0962 448639.2853 273667.3809 0 0 0 0 0 0 0 0 0 0 
0 0 0 0 0 0 0 0 0 246680.4502 466540.6981 472769.8819 452534.9896 425891.5413 456397.438 461497.0221 469042.463 438081.7598 474006.0401 438081.7806 456397.4936 480138.3289 448639.4663 446023.4547 439415.3235 474005.9634 464025.7611 480138.2111 442070.3075 432706.1601 253696.4529 0 0 0 0 0 0 0 0 0 
0 0 0 0 0 0 0 0 149111.055 452534.9084 461496.9041 457677.6106 516536.0093 466540.8546 456397.4707 457677.7243 467793.3881 477694.8859 469042.5336 440744.9392 439415.4134 455113.7266 457677.7639 452535.1217 424515.5679 451240.2821 476468.3691 482569.331 440744.7923 446023.3232 465284.8702 160451.7255 0 0 0 0 0 0 0 0 
0 0 0 0 0 0 0 0 329894.0834 481355.2247 447333.2593 484988.2372 443391.9932 458954.3538 460227.4886 478918.1795 460227.5153 488594.3009 484988.4034 439415.4272 444709.7805 439415.4287 455113.7509 453826.2904 487395.2642 448639.4822 460227.4585 451240.2553 423134.9423 440744.7739 438081.6032 342084.2265 0 0 0 0 0 0 0 0 
0 0 0 0 0 0 0 177752.1784 444709.5083 467793.2208 434056.3359 467793.3117 451240.2838 507393.1633 456397.5361 440744.9569 457677.7958 461497.1657 439415.4521 432706.437 442070.551 466541.0123 455113.7731 434056.5056 471530.8454 460227.5208 457677.7274 453826.2051 478918.0802 446023.3821 436743.9765 447333.1809 152984.7192 0 0 0 0 0 0 0 
0 0 0 0 0 0 0 355504.353 456397.3235 478918.0134 443391.9696 446023.4443 465285.0688 474006.0729 471530.8499 458954.4527 464025.9428 476468.5429 432706.4419 460227.6083 455113.8072 456397.6254 461497.1887 432706.4245 458954.4518 446023.5259 458954.4028 466540.9069 460227.4437 440744.8334 465284.9542 428630.3531 360408.1063 0 0 0 0 0 0 0 
0 0 0 0 0 0 0 436743.9167 493360.963 451240.1975 480138.2552 480138.3104 439415.3718 477694.899 455113.7559 495727.4825 488594.3686 436744.2413 461497.2168 456397.6469 438081.911 455113.8191 444709.8279 444709.8219 435402.4344 435402.4246 476468.4772 434056.4441 453826.2054 486193.2048 462763.0703 456397.3437 406202.5217 0 0 0 0 0 0 0 
0 0 0 0 0 0 145134.0446 484988.1145 449941.6314 447333.2908 452535.0665 452535.1071 427263.2958 458954.429 457677.8163 439415.463 449941.8981 452535.2516 472770.1963 447333.5466 453826.3843 466541.0674 506238.8271 383988.8826 436744.2197 446023.5663 489790.3816 467793.3965 475238.8213 470288.242 457677.6322 470288.1371 470288.082 96756.02752 0 0 0 0 0 0 
0 0 0 0 0 0 239458.9554 487395.0307 475238.683 436744.0297 449941.7324 440744.9083 488594.2834 476468.4912 481355.5101 448639.5924 448639.6074 444709.8601 443392.2045 464026.0152 458954.5405 443392.2029 455113.835 457677.8646 481355.5343 478918.2503 458954.4453 449941.8037 449941.7667 455113.6422 481355.3158 481355.2639 475238.6278 221695.9113 0 0 0 0 0 0 
0 0 0 0 0 0 258267.9235 421749.7921 475238.688 467793.2925 472770.0002 490983.4743 442070.5046 451240.3782 471530.9001 431352.1211 460227.6252 448639.6288 482569.5959 442070.6243 443392.213 470288.4579 471530.9535 460227.6256 432706.4496 466541.014 438081.8463 443392.0896 440744.9121 464025.8109 458954.2913 451240.1724 429993.2381 277910.5375 0 0 0 0 0 0 
0 0 0 0 0 0 244296.9992 470288.0933 439415.2319 490983.3831 440744.8735 477694.8673 442070.4991 481355.4877 438081.8695 442070.5805 447333.5269 470288.4462 470288.4568 438081.9349 449941.9341 444709.8719 470288.4466 453826.3717 458954.4977 449941.8693 467793.445 461497.1202 461497.0798 455113.649 458954.2909 466540.7757 476468.2262 258267.9235 0 0 0 0 0 0 
0 0 0 0 0 0 224319.626 452534.9279 448639.3383 457677.6408 434056.3965 474006.0425 481355.4466 467793.4411 448639.5723 462763.3091 480138.4726 444709.8575 471530.9588 423135.1763 466541.0812 474006.2057 464026.0004 453826.3692 462763.3067 452535.2109 435402.4191 469042.527 462763.1878 461497.0341 429993.3309 465284.9389 414755.1127 221695.9175 0 0 0 0 0 0 
0 0 0 0 0 0 145134.0439 452534.9132 462763.0438 488594.1354 438081.7224 466540.9016 457677.754 469042.5484 472770.1299 443392.1536 455113.8107 453826.3734 451240.4565 438081.9259 461497.2337 470288.4416 472770.1819 447333.5186 495727.5021 471530.8849 490983.5319 444709.7442 458954.3641 446023.4294 448639.3819 467793.2188 423134.8447 149111.0495 0 0 0 0 0 0 
0 0 0 0 0 0 0 451240.1 436743.9635 496906.166 448639.4116 421749.9405 406202.7223 453826.2761 458954.4493 410501.353 472770.1522 458954.5003 461497.2173 436744.2517 460227.6149 492173.8803 455113.806 456397.615 494545.7676 432706.4107 464025.8978 456397.5173 460227.4548 458954.3024 467793.2514 460227.3255 414755.0951 0 0 0 0 0 0 0 
0 0 0 0 0 0 0 360408.0931 457677.5528 447333.2622 476468.3499 432706.2841 452535.1118 456397.5323 481355.4604 431352.0846 448639.5728 455113.789 469042.6109 435402.4685 449941.8998 460227.6021 446023.5889 451240.3976 448639.5512 425891.6913 460227.5055 428630.5102 438081.7293 465284.9914 447333.2695 492173.5449 319074.9286 0 0 0 0 0 0 0 
0 0 0 0 0 0 0 177752.1758 446023.2851 446023.3349 443391.9502 483780.3165 421749.9387 444709.7148 449941.807 444709.7631 456397.5834 458954.464 447333.4831 429993.5028 427263.3572 452535.2173 465285.1697 467793.4429 434056.4903 490983.5083 481355.4085 492173.7085 458954.3106 464025.7396 461496.9149 492173.5142 177752.1767 0 0 0 0 0 0 0 
0 0 0 0 0 0 0 0 353854.6714 435402.177 467793.2329 462763.0978 439415.3086 452535.0922 481355.4092 452535.1408 429993.4549 446023.5299 442070.5313 464025.9159 457677.7968 464025.9071 428630.5623 471530.8496 443392.0747 458954.3784 428630.5015 447333.341 457677.6361 470288.1541 466540.7275 394510.7798 0 0 0 0 0 0 0 0 
0 0 0 0 0 0 0 0 136833.6885 457677.516 467793.2137 455113.5691 464025.7465 487395.1755 439415.3277 481355.4128 458954.3911 452535.1342 429993.4525 489790.3529 444709.7437 457677.7633 446023.5032 434056.4566 420360.3277 455113.6658 458954.3071 472769.9476 469042.3751 470288.1171 475238.6108 164057.8276 0 0 0 0 0 0 0 0 
0 0 0 0 0 0 0 0 0 224319.609 453826.0262 466540.7321 457677.6053 470288.2064 440744.8401 453826.1943 452535.0953 466540.9078 486193.2729 393025.0584 471530.8052 432706.3266 457677.7111 442070.4429 467793.3401 487395.1736 460227.3857 467793.2578 466540.7415 428630.3313 249041.0903 0 0 0 0 0 0 0 0 0 
0 0 0 0 0 0 0 0 0 0 273667.3798 455113.4833 507392.967 477694.7239 462763.0988 486193.1753 461497.0126 467793.322 442070.43 423134.9875 480138.2973 436744.0742 467793.3163 469042.4259 443391.9702 456397.4261 435402.2149 453826.0848 447333.1859 271520.9609 0 0 0 0 0 0 0 0 0 0 
0 0 0 0 0 0 0 0 0 0 0 237002.9118 435402.1602 487395.0306 458954.24 448639.3498 471530.6928 431351.8949 432706.2563 435402.2657 451240.2313 427263.189 464025.7537 472769.901 444709.5582 423134.8982 452534.9507 436743.9223 239458.9568 0 0 0 0 0 0 0 0 0 0 0 
0 0 0 0 0 0 0 0 0 0 0 0 149111.0515 358780.962 470288.066 453826.0671 483780.2301 456397.3732 483780.2398 452534.9842 480138.1866 449941.6271 439415.22 460227.3209 470288.0927 443391.8454 352197.2613 152984.6944 0 0 0 0 0 0 0 0 0 0 0 0 
0 0 0 0 0 0 0 0 0 0 0 0 0 0 164057.8313 322721.6086 429993.2145 460227.2765 458954.1745 449941.5962 474005.857 452534.9274 484988.1153 434056.2274 315386.0804 167586.3538 0 0 0 0 0 0 0 0 0 0 0 0 0 0 
0 0 0 0 0 0 0 0 0 0 0 0 0 0 0 0 0 118501.4608 221695.9111 260523.5629 271520.9262 226913.0122 141044.945 0 0 0 0 0 0 0 0 0 0 0 0 0 0 0 0 0 
0 0 0 0 0 0 0 0 0 0 0 0 0 0 0 0 0 0 0 0 0 0 0 0 0 0 0 0 0 0 0 0 0 0 0 0 0 0 0 0 
0 0 0 0 0 0 0 0 0 0 0 0 0 0 0 0 0 0 0 0 0 0 0 0 0 0 0 0 0 0 0 0 0 0 0 0 0 0 0 0 
0 0 0 0 0 0 0 0 0 0 0 0 0 0 0 0 0 0 0 0 0 0 0 0 0 0 0 0 0 0 0 0 0 0 0 0 0 0 0 0 
0 0 0 0 0 0 0 0 0 0 0 0 0 0 0 0 0 0 0 0 0 0 0 0 0 0 0 0 0 0 0 0 0 0 0 0 0 0 0 0 
0 0 0 0 0 0 0 0 0 0 0 0 0 0 0 0 0 0 0 0 0 0 0 0 0 0 0 0 0 0 0 0 0 0 0 0 0 0 0 0 
0 0 0 0 0 0 0 0 0 0 0 0 0 0 0 0 0 0 0 0 0 0 0 0 0 0 0 0 0 0 0 0 0 0 0 0 0 0 0 0 
# Events [psd_source/PSD_source.dat] N:
0 0 0 0 0 0 0 0 0 0 0 0 0 0 0 0 0 0 0 0 0 0 0 0 0 0 0 0 0 0 0 0 0 0 0 0 0 0 0 0 
0 0 0 0 0 0 0 0 0 0 0 0 0 0 0 0 0 0 0 0 0 0 0 0 0 0 0 0 0 0 0 0 0 0 0 0 0 0 0 0 
0 0 0 0 0 0 0 0 0 0 0 0 0 0 0 0 0 0 0 0 0 0 0 0 0 0 0 0 0 0 0 0 0 0 0 0 0 0 0 0 
0 0 0 0 0 0 0 0 0 0 0 0 0 0 0 0 0 0 0 0 0 0 0 0 0 0 0 0 0 0 0 0 0 0 0 0 0 0 0 0 
0 0 0 0 0 0 0 0 0 0 0 0 0 0 0 0 0 0 0 0 0 0 0 0 0 0 0 0 0 0 0 0 0 0 0 0 0 0 0 0 
0 0 0 0 0 0 0 0 0 0 0 0 0 0 0 0 0 0 0 0 0 0 0 0 0 0 0 0 0 0 0 0 0 0 0 0 0 0 0 0 
0 0 0 0 0 0 0 0 0 0 0 0 0 0 0 0 0 19 42 59 47 40 17 0 0 0 0 0 0 0 0 0 0 0 0 0 0 0 0 0 
0 0 0 0 0 0 0 0 0 0 0 0 0 0 31 106 156 177 183 176 183 164 189 165 85 27 0 0 0 0 0 0 0 0 0 0 0 0 0 0 
0 0 0 0 0 0 0 0 0 0 0 0 14 113 195 197 170 161 158 160 181 180 210 162 171 212 118 13 0 0 0 0 0 0 0 0 0 0 0 0 
0 0 0 0 0 0 0 0 0 0 0 44 170 178 174 191 177 184 174 185 179 190 189 181 170 171 200 147 47 0 0 0 0 0 0 0 0 0 0 0 
0 0 0 0 0 0 0 0 0 0 53 182 187 201 185 172 164 186 188 182 174 206 189 179 179 166 170 176 172 64 0 0 0 0 0 0 0 0 0 0 
0 0 0 0 0 0 0 0 0 52 186 191 175 155 178 182 188 164 192 164 178 197 172 170 165 192 184 197 167 160 55 0 0 0 0 0 0 0 0 0 
0 0 0 0 0 0 0 0 19 175 182 179 228 186 178 179 187 195 188 166 165 177 179 175 154 174 194 199 166 170 185 22 0 0 0 0 0 0 0 0 
0 0 0 0 0 0 0 0 93 198 171 201 168 180 181 196 181 204 201 165 169 165 177 176 203 172 181 174 153 166 164 100 0 0 0 0 0 0 0 0 
0 0 0 0 0 0 0 27 169 187 161 187 174 220 178 166 179 182 165 160 167 186 177 161 190 181 179 176 196 170 163 171 20 0 0 0 0 0 0 0 
0 0 0 0 0 0 0 108 178 196 168 170 185 192 190 180 184 194 160 181 177 178 182 160 180 170 180 186 181 166 185 157 111 0 0 0 0 0 0 0 
0 0 0 0 0 0 0 163 208 174 197 197 165 195 177 210 204 163 182 178 164 177 169 169 162 162 194 161 176 202 183 178 141 0 0 0 0 0 0 0 
0 0 0 0 0 0 18 201 173 171 175 175 156 180 179 165 173 175 191 171 176 186 219 126 163 170 205 187 193 189 179 189 189 8 0 0 0 0 0 0 
0 0 0 0 0 0 49 203 193 163 173 166 204 194 198 172 172 169 168 184 180 168 177 179 198 196 180 173 173 177 198 198 193 42 0 0 0 0 0 0 
0 0 0 0 0 0 57 152 193 187 191 206 167 174 190 159 181 172 199 167 168 189 190 181 160 186 164 168 166 184 180 174 158 66 0 0 0 0 0 0 
0 0 0 0 0 0 51 189 165 206 166 195 167 198 164 167 171 189 189 164 173 169 189 176 180 173 187 182 182 177 180 186 194 57 0 0 0 0 0 0 
0 0 0 0 0 0 43 175 172 179 161 192 198 187 172 183 197 169 190 153 186 192 184 176 183 175 162 188 183 182 158 185 147 42 0 0 0 0 0 0 
0 0 0 0 0 0 18 175 183 204 164 186 179 188 191 168 177 176 174 164 182 189 191 171 210 190 206 169 180 170 172 187 153 19 0 0 0 0 0 0 
0 0 0 0 0 0 0 174 163 211 172 152 141 176 180 144 191 180 182 163 181 207 177 178 209 160 184 178 181 180 187 181 147 0 0 0 0 0 0 0 
0 0 0 0 0 0 0 111 179 171 194 160 175 178 198 159 172 177 188 162 173 181 170 174 172 155 181 157 164 185 171 207 87 0 0 0 0 0 0 0 
0 0 0 0 0 0 0 27 170 170 168 200 152 169 173 169 178 180 171 158 156 175 185 187 161 206 198 207 180 184 182 207 27 0 0 0 0 0 0 0 
0 0 0 0 0 0 0 0 107 162 187 183 165 175 198 175 158 170 167 184 179 184 157 190 168 180 157 171 179 189 186 133 0 0 0 0 0 0 0 0 
0 0 0 0 0 0 0 0 16 179 187 177 184 203 165 198 180 175 158 205 169 179 170 161 151 177 180 191 188 189 193 23 0 0 0 0 0 0 0 0 
0 0 0 0 0 0 0 0 0 43 176 186 179 189 166 176 175 186 202 132 190 160 179 167 187 203 181 187 186 157 53 0 0 0 0 0 0 0 0 0 
0 0 0 0 0 0 0 0 0 0 64 177 220 195 183 202 182 187 167 153 197 163 187 188 168 178 162 176 171 63 0 0 0 0 0 0 0 0 0 0 
0 0 0 0 0 0 0 0 0 0 0 48 162 203 180 172 190 159 160 162 174 156 184 191 169 153 175 163 49 0 0 0 0 0 0 0 0 0 0 0 
0 0 0 0 0 0 0 0 0 0 0 0 19 110 189 176 200 178 200 175 197 173 165 181 189 168 106 20 0 0 0 0 0 0 0 0 0 0 0 0 
0 0 0 0 0 0 0 0 0 0 0 0 0 0 23 89 158 181 180 173 192 175 201 161 85 24 0 0 0 0 0 0 0 0 0 0 0 0 0 0 
0 0 0 0 0 0 0 0 0 0 0 0 0 0 0 0 0 12 42 58 63 44 17 0 0 0 0 0 0 0 0 0 0 0 0 0 0 0 0 0 
0 0 0 0 0 0 0 0 0 0 0 0 0 0 0 0 0 0 0 0 0 0 0 0 0 0 0 0 0 0 0 0 0 0 0 0 0 0 0 0 
0 0 0 0 0 0 0 0 0 0 0 0 0 0 0 0 0 0 0 0 0 0 0 0 0 0 0 0 0 0 0 0 0 0 0 0 0 0 0 0 
0 0 0 0 0 0 0 0 0 0 0 0 0 0 0 0 0 0 0 0 0 0 0 0 0 0 0 0 0 0 0 0 0 0 0 0 0 0 0 0 
0 0 0 0 0 0 0 0 0 0 0 0 0 0 0 0 0 0 0 0 0 0 0 0 0 0 0 0 0 0 0 0 0 0 0 0 0 0 0 0 
0 0 0 0 0 0 0 0 0 0 0 0 0 0 0 0 0 0 0 0 0 0 0 0 0 0 0 0 0 0 0 0 0 0 0 0 0 0 0 0 
0 0 0 0 0 0 0 0 0 0 0 0 0 0 0 0 0 0 0 0 0 0 0 0 0 0 0 0 0 0 0 0 0 0 0 0 0 0 0 0 
