# Format: McCode with text headers
# URL: http://www.mccode.org
# Creator: McStas 2.5 - Dec. 12, 2018
# Instrument: ESS_HEIMDAL.instr
# Ncount: 250000
# Trace: no
# Gravitation: no
# Seed: 1565866185
# Directory: TauScan/3
# Nodes: 4
# Param: lmax=4
# Param: lmin=0.5
# Param: T=200
# Param: tau=30
# Param: use_CoFe2O4=1
# Param: use_CoFe=1
# Param: use_magn=1
# Date: Wed Aug 14 15:23:04 2019 (1565788984)
# type: array_2d(40, 40)
# Source: ESS_HEIMDAL (ESS_HEIMDAL.instr)
# component: psd_source
# position: 0 0 0.01
# title: PSD monitor
# Ncount: 1000000
# filename: PSD_source.dat
# statistics: X0=0.00546825; dX=5.00009; Y0=-0.0102517; dY=5.00675;
# signal: Min=0; Max=6.52355e+06; Mean=2.13803e+06;
# values: 3.42084e+09 3.42084e+06 1e+06
# xvar: X 
# yvar: Y 
# xlabel: X position [cm]
# ylabel: Y position [cm]
# zvar: I
# zlabel: Signal per bin
# xylimits: -15 15 -15 15
# variables: I I_err N
# Data [psd_source/PSD_source.dat] I:
0 0 0 0 0 0 0 0 0 0 0 0 0 0 0 0 0 0 0 0 0 0 0 0 0 0 0 0 0 0 0 0 0 0 0 0 0 0 0 0 
0 0 0 0 0 0 0 0 0 0 0 0 0 0 0 0 0 0 0 0 0 0 0 0 0 0 0 0 0 0 0 0 0 0 0 0 0 0 0 0 
0 0 0 0 0 0 0 0 0 0 0 0 0 0 0 0 0 0 0 0 0 0 0 0 0 0 0 0 0 0 0 0 0 0 0 0 0 0 0 0 
0 0 0 0 0 0 0 0 0 0 0 0 0 0 0 0 0 0 0 0 0 0 0 0 0 0 0 0 0 0 0 0 0 0 0 0 0 0 0 0 
0 0 0 0 0 0 0 0 0 0 0 0 0 0 0 0 0 0 0 0 0 0 0 0 0 0 0 0 0 0 0 0 0 0 0 0 0 0 0 0 
0 0 0 0 0 0 0 0 0 0 0 0 0 0 0 0 0 0 0 0 0 0 0 0 0 0 0 0 0 0 0 0 0 0 0 0 0 0 0 0 
0 0 0 0 0 0 0 0 0 0 0 0 0 0 0 0 0 643118.3031 1505170.642 2052505.38 1929354.998 1508591.417 537072.2425 0 0 0 0 0 0 0 0 0 0 0 0 0 0 0 0 0 
0 0 0 0 0 0 0 0 0 0 0 0 0 0 944152.4693 3369529.637 5476768.577 6164358.047 6006999.393 6109624.682 5945424.241 6051470.399 6208828.963 5121001.01 3393475.545 923627.3752 0 0 0 0 0 0 0 0 0 0 0 0 0 0 
0 0 0 0 0 0 0 0 0 0 0 0 557597.2619 3824501.693 5965949.214 5952266.117 6068575.022 6195146.372 6393555.398 6051471.178 6171200.66 5948845.869 6167779.64 6390134.22 6109624.967 6208828.982 3916864.432 543913.9204 0 0 0 0 0 0 0 0 0 0 0 0 
0 0 0 0 0 0 0 0 0 0 0 1826729.77 5487031.153 6366188.044 6109625.292 6171200.747 6239617.777 6266984.821 6304614.182 6058313.47 6085680.222 6263563.99 6431185.229 6102784.051 6366188.723 5924899.754 5983053.72 5603339.821 1771996.245 0 0 0 0 0 0 0 0 0 0 0 
0 0 0 0 0 0 0 0 0 0 2148288.92 5972790.926 6157516.807 6308034.413 6068575.829 6260143.264 6520127.584 5914638.465 6013843.064 6225935.49 6174622.737 6297773.137 6154097.625 5897534.124 6051471.841 6082259.089 6041208.6 6219092.057 6071995.327 2213284.904 0 0 0 0 0 0 0 0 0 0 
0 0 0 0 0 0 0 0 0 1809625.561 6140412.183 6232775.426 6065154.633 6280668.226 6178043.283 6222514.539 6266985.786 6164360.594 6352507.166 6263565.297 6219094.295 6219094.269 6225935.822 6335402.709 6284089.766 6082259.645 6325139.109 6071996.364 6205408.728 6195145.578 1816467.25 0 0 0 0 0 0 0 0 0 
0 0 0 0 0 0 0 0 557597.279 5569131.375 6078837.48 6116467.3 6243039.021 5965951.117 5996739.019 6044631.168 6034368.867 5692284.595 6331982.592 6082261.017 6065156.836 6191728.065 6229357.221 6266986.208 6089102.146 6068576.729 5962530.201 6314876.726 6188305.017 6410659.217 5637548.223 561018.1112 0 0 0 0 0 0 0 0 
0 0 0 0 0 0 0 0 3810818.326 6253300.28 6455130.59 5870167.063 6219093.513 5986476.59 6102785.661 6338824.189 5863327.109 6188307.459 5849644.023 6147257.522 5976215.297 6352508.169 6311457.946 6325141.028 6102785.985 6366190.674 6116468.664 5907796.795 6205409.629 6222513.296 6355925.604 3803976.639 0 0 0 0 0 0 0 0 
0 0 0 0 0 0 0 957835.8263 5883848.998 5883849.641 6188305.225 6270406.047 6037789.175 5931743.441 5856485.186 6075419.529 6427766.75 6386716.841 6017265.712 6003582.449 6099366.059 6061736.731 6160941.071 6308037.211 6140415.548 6239619.778 5918060.044 6167781.247 6167780.77 6068575.736 6174621.245 6000157.638 909944.042 0 0 0 0 0 0 0 
0 0 0 0 0 0 0 3393475.557 5952266.141 6386713.838 6089101.109 6003580.542 6109627.177 6167782 5965952.507 6420925.149 6058315.857 6030949.276 5969374.231 6061737.068 6290933.696 5928324.089 6373033.784 6236199.785 6287512.2 6448291.555 6328561.681 5938585.01 6205410.344 6082259.417 6095942.165 5918057.713 3547413.45 0 0 0 0 0 0 0 
0 0 0 0 0 0 0 5182576.197 6232775.482 6082259.019 6195147.487 6366190.253 5976214.507 5979635.77 6171203.42 6130153.61 6082262.008 5965953.502 6246462.907 6331984.089 6089104.09 6311458.982 6273829.524 5924903.174 6082261.81 6051473.842 5993319.189 6181465.192 6010422.487 6136993.144 6178042.63 5983053.933 5545185.446 0 0 0 0 0 0 0 
0 0 0 0 0 0 554176.4323 5846219.699 6071996.057 6116467.671 6249881.158 5911218.188 6119890.164 6024106.952 5890694.363 6222516.587 6266987.83 6171204.375 6123312.652 6102787.651 6184887.921 6352509.279 6130154.237 5993320.239 6099366.202 6082261.662 5993319.346 5989898.085 6424344.772 6075418.149 6260143.094 6167779.618 6068574.46 574701.4905 0 0 0 0 0 0 
0 0 0 0 0 0 1464120.474 6219091.658 6229354.904 6068575.987 6331981.538 6393557.3 6044631.706 6349087.294 6359350.206 6000161.809 6160941.751 5918061.958 6037791.653 5924903.817 6256725.809 5921482.911 6099366.736 5887274.168 6239620.956 6048053.345 6061736.365 6010423.256 6119889.801 6342244.06 6020684.177 6007000.14 5921478.362 1553062.375 0 0 0 0 0 0 
0 0 0 0 0 0 1915671.659 6082258.014 6034366.936 6208830.606 5965951.351 5935164.283 6075419.36 6010423.758 5931744.676 6082262.155 6297775.633 6253304.83 5979637.343 6054895.998 6301196.849 6225938.195 5993320.61 6044633.1 6099366.38 6304616.76 6263566.238 6024106.711 6113048.172 6113047.629 6119888.691 6136992.231 5829115.668 2008034.404 0 0 0 0 0 0 
0 0 0 0 0 0 2011455.237 6171199.929 5921479.131 6030946.75 6160939.42 5938585.132 6054894.313 6160940.911 6099366.069 5972795.112 6157520.984 5962532.99 5846224.379 6424347.275 6266988.404 6099366.921 6136996.089 6003582.964 5716231.766 6174624.652 5907798.409 6092523.594 6007001.999 6201989.566 6239618.187 5948845.869 6054891.276 2004613.551 0 0 0 0 0 0 
0 0 0 0 0 0 1597533.315 6071995.426 6126729.637 6119888.638 6078839.113 5931743.387 6030948.31 6027527.914 5764123.242 6174624.892 6136995.852 6284092.375 5900957.844 6171204.682 6082262.703 6338826.018 5883853.498 6208833.592 5993320.127 6048053.348 6000161.162 6393557.828 6160939.92 6157518.51 5921479.707 5839378.846 6393554.597 1577008.268 0 0 0 0 0 0 
0 0 0 0 0 0 605489.0671 6089099.515 6147254.557 6061734.163 6198568.527 6065156.157 5962531.316 6037790.301 6119890.973 6136995.482 6243041.898 6294354.79 6095945.889 6065158.363 6154100.311 6010424.767 6362771.673 5887274.053 6485921.656 5870169.311 6321720.407 5986477.21 6232777.518 6280668.774 6034367.406 6147254.574 6041207.713 530230.54 0 0 0 0 0 0 
0 0 0 0 0 0 0 5353618.267 6109625.08 6017263.021 6205410.012 5972793.22 6246461.209 6068577.769 6342245.682 6390137.772 6403821.482 6222516.85 6314879.784 5921482.655 6335404.916 6095945.732 5873590.675 6133574.68 6027528.264 6150678.366 6427766.347 6229356.981 6523549.05 5969371.803 5880429.313 5955687.211 5213363.73 0 0 0 0 0 0 0 
0 0 0 0 0 0 0 3140333.239 6051470.557 6061733.754 6140413.741 6222514.558 6123310.597 6095944.248 6071998.678 5918060.997 6239620.655 6205412.352 6222516.715 5952270.056 6236200.143 6109628.871 6331983.634 6212253.887 6311458.089 6246461.786 5842801.779 6181464.916 6198568.624 6215672.319 5983054.375 6270404.467 3232695.972 0 0 0 0 0 0 0 
0 0 0 0 0 0 0 964677.5075 5921478.213 5900953.803 6485918.577 6126730.615 6174622.93 6034368.751 6444870.387 5989898.427 6232778.629 5918061.11 5846223.454 6020686.636 6219095.628 6136995.274 6205412.064 6136995.04 6509866.755 6208832.137 6277248.633 6150677.02 5979634.383 6041209.011 6472234.593 6157516.377 834685.4915 0 0 0 0 0 0 0 
0 0 0 0 0 0 0 0 3735559.748 6071995.582 6215671.645 6229355.566 6065155.546 6321719.268 5962531.046 6150677.764 6222515.737 6239620.18 6352508.116 6174624.297 6263566.246 6150678.263 6171203.218 6109627.883 6249882.28 6164360.811 5589658.677 5904375.891 6140413.604 6041208.629 5955686.938 3862130.969 0 0 0 0 0 0 0 0 
0 0 0 0 0 0 0 0 499442.9614 5640969.089 5979633.027 6195146.671 6212251.401 6318297.973 6099364.35 6335402.854 6000160.468 6123311.018 6058315.081 5972794.042 6150677.935 5952268.908 6362770.107 6164360.927 5767542.832 5924901.274 6318298.043 6113046.911 6290930.298 6219092.017 5582814.724 602068.2229 0 0 0 0 0 0 0 0 
0 0 0 0 0 0 0 0 0 1628320.914 6143832.98 5965949.737 6229355.185 5880429.432 6048051.182 5965951.29 6037789.218 6243040.074 6171202.45 6000160.328 6082260.554 6297773.684 5945426.661 5983055.7 5962530.428 6157518.15 5911217.156 6099363.116 6099362.574 6044628.638 1724104.478 0 0 0 0 0 0 0 0 0 
0 0 0 0 0 0 0 0 0 0 2226968.31 6167778.896 5942003.74 6058312.84 6106204.988 5870167.128 6167780.732 6273827.118 5935163.687 6106205.928 6301193.94 5856484.295 6270406.25 6219093.364 6106205.255 6222513.69 6071996.224 6222512.875 6270404.158 2148288.954 0 0 0 0 0 0 0 0 0 0 
0 0 0 0 0 0 0 0 0 0 0 1775417.144 5644389.847 5859903.387 6136991.993 6126729.749 6109625.737 5952267.221 5955688.111 6349085.113 6232776.444 6136992.832 6277247.299 6198567.723 6116467.206 6099362.727 6017262.194 5760698.604 1686475.235 0 0 0 0 0 0 0 0 0 0 0 
0 0 0 0 0 0 0 0 0 0 0 0 619172.4264 3814239.071 6078836.998 6215670.96 6034366.611 6133571.264 6075416.961 5983054.318 6222513.293 6136992.086 6007000.084 6266983.869 6095941.497 5911215.718 3824501.691 564438.9932 0 0 0 0 0 0 0 0 0 0 0 0 
0 0 0 0 0 0 0 0 0 0 0 0 0 0 903102.3509 3386633.915 5333093.226 6068574.442 6099362.139 6297771.116 6140412.455 6000157.758 6068574.594 5353618.355 3242958.524 950994.1596 0 0 0 0 0 0 0 0 0 0 0 0 0 0 
0 0 0 0 0 0 0 0 0 0 0 0 0 0 0 0 0 547334.7564 1405966.088 1908830.002 1898567.397 1505170.608 574701.4999 0 0 0 0 0 0 0 0 0 0 0 0 0 0 0 0 0 
0 0 0 0 0 0 0 0 0 0 0 0 0 0 0 0 0 0 0 0 0 0 0 0 0 0 0 0 0 0 0 0 0 0 0 0 0 0 0 0 
0 0 0 0 0 0 0 0 0 0 0 0 0 0 0 0 0 0 0 0 0 0 0 0 0 0 0 0 0 0 0 0 0 0 0 0 0 0 0 0 
0 0 0 0 0 0 0 0 0 0 0 0 0 0 0 0 0 0 0 0 0 0 0 0 0 0 0 0 0 0 0 0 0 0 0 0 0 0 0 0 
0 0 0 0 0 0 0 0 0 0 0 0 0 0 0 0 0 0 0 0 0 0 0 0 0 0 0 0 0 0 0 0 0 0 0 0 0 0 0 0 
0 0 0 0 0 0 0 0 0 0 0 0 0 0 0 0 0 0 0 0 0 0 0 0 0 0 0 0 0 0 0 0 0 0 0 0 0 0 0 0 
0 0 0 0 0 0 0 0 0 0 0 0 0 0 0 0 0 0 0 0 0 0 0 0 0 0 0 0 0 0 0 0 0 0 0 0 0 0 0 0 
# Errors [psd_source/PSD_source.dat] I_err:
0 0 0 0 0 0 0 0 0 0 0 0 0 0 0 0 0 0 0 0 0 0 0 0 0 0 0 0 0 0 0 0 0 0 0 0 0 0 0 0 
0 0 0 0 0 0 0 0 0 0 0 0 0 0 0 0 0 0 0 0 0 0 0 0 0 0 0 0 0 0 0 0 0 0 0 0 0 0 0 0 
0 0 0 0 0 0 0 0 0 0 0 0 0 0 0 0 0 0 0 0 0 0 0 0 0 0 0 0 0 0 0 0 0 0 0 0 0 0 0 0 
0 0 0 0 0 0 0 0 0 0 0 0 0 0 0 0 0 0 0 0 0 0 0 0 0 0 0 0 0 0 0 0 0 0 0 0 0 0 0 0 
0 0 0 0 0 0 0 0 0 0 0 0 0 0 0 0 0 0 0 0 0 0 0 0 0 0 0 0 0 0 0 0 0 0 0 0 0 0 0 0 
0 0 0 0 0 0 0 0 0 0 0 0 0 0 0 0 0 0 0 0 0 0 0 0 0 0 0 0 0 0 0 0 0 0 0 0 0 0 0 0 
0 0 0 0 0 0 0 0 0 0 0 0 0 0 0 0 0 46904.22291 71756.19488 83793.18124 81240.50091 71837.68654 42863.03128 0 0 0 0 0 0 0 0 0 0 0 0 0 0 0 0 0 
0 0 0 0 0 0 0 0 0 0 0 0 0 0 56831.30023 107362.1414 136876.4472 145214.6601 143349.2194 144568.5432 142612.6216 143878.8629 145737.5223 132356.0999 107742.9563 56210.17201 0 0 0 0 0 0 0 0 0 0 0 0 0 0 
0 0 0 0 0 0 0 0 0 0 0 0 43674.38822 114381.0176 142858.5743 142694.6582 144082.0628 145576.8597 147889.6503 143878.8814 145295.2449 142653.6623 145254.9649 147850.0734 144568.55 145737.5227 115753.9439 43135.17971 0 0 0 0 0 0 0 0 0 0 0 0 
0 0 0 0 0 0 0 0 0 0 0 79050.32832 137004.6299 147572.7859 144568.5577 145295.247 146098.437 146418.4847 146857.404 143960.2063 144284.9901 146378.5182 148324.227 144487.6001 147572.8016 142366.2556 143063.2206 138449.0604 77857.04518 0 0 0 0 0 0 0 0 0 0 0 
0 0 0 0 0 0 0 0 0 0 85726.06055 142940.4658 145134.063 146897.2263 144082.0819 146338.5432 149346.3613 142242.9356 143430.8775 145938.1789 145335.5387 146777.7135 145093.7815 142037.1115 143878.8972 144244.4253 143756.8283 145857.9301 144122.6537 87013.2082 0 0 0 0 0 0 0 0 0 0 
0 0 0 0 0 0 0 0 0 78679.37222 144932.338 146018.3016 144041.4584 146578.2438 145375.7853 145898.0779 146418.5073 145214.7201 147414.1633 146378.5487 145857.9825 145857.9819 145938.1866 147215.5666 146618.1725 144244.4385 147096.2583 144122.6783 145697.3829 145576.841 78827.96436 0 0 0 0 0 0 0 0 0 
0 0 0 0 0 0 0 0 43674.38957 138025.7967 144203.8378 144649.4881 146138.4898 142858.6199 143226.7675 143797.5648 143675.4492 139543.6069 147175.8331 144244.471 144041.5108 145536.7213 145978.287 146418.5172 144325.5623 144082.1033 142817.6551 146976.8816 145496.4604 148087.3282 138871.033 43808.15446 0 0 0 0 0 0 0 0 
0 0 0 0 0 0 0 0 114176.2171 146258.5246 148600.0935 141707.1682 145857.9642 143104.1618 144487.6382 147255.321 141624.6061 145496.5179 141459.2603 145013.144 142981.4781 147414.1866 146937.1147 147096.303 144487.6459 147572.8469 144649.5203 142160.6433 145697.4041 145898.0488 147453.7936 114073.6788 0 0 0 0 0 0 0 0 
0 0 0 0 0 0 0 57241.63913 141872.1973 141872.2128 145496.4653 146458.4496 143716.155 142448.4776 141541.9482 144163.3256 148284.8283 147810.5738 143471.7085 143308.4896 144447.1665 144000.9017 145174.453 146897.2915 144932.4175 146098.4838 142284.0818 145255.0027 145254.9915 144082.0797 145335.5036 143267.5605 55792.24889 0 0 0 0 0 0 0 
0 0 0 0 0 0 0 107742.9567 142694.6588 147810.5043 144325.5378 143308.4441 144568.6023 145255.0204 142858.6532 148205.8925 143960.263 143634.749 142899.6256 144000.9098 146698.017 142407.4324 147652.1561 146058.4494 146658.1111 148521.3843 147136.0704 142530.6013 145697.4208 144244.4331 144406.5818 142284.0258 110159.6203 0 0 0 0 0 0 0 
0 0 0 0 0 0 0 133149.4508 146018.3029 144244.4236 145576.8859 147572.8371 142981.4592 143022.3854 145295.3099 144811.2674 144244.4945 142858.677 146178.5935 147175.8679 144325.6084 146937.1388 146498.4561 142366.3378 144244.4898 143878.9447 143185.934 145416.0528 143390.0843 144892.0038 145375.7699 143063.2257 137728.7377 0 0 0 0 0 0 0 
0 0 0 0 0 0 43540.21259 141417.8078 144122.671 144649.4968 146218.5543 142201.8088 144689.9803 143553.2389 141954.7459 145898.1259 146418.5551 145295.3324 144730.4523 144487.6853 145456.3284 147414.2123 144811.2822 143185.9591 144447.1699 144244.4863 143185.9378 143145.0584 148245.3385 144163.2928 146338.5392 145254.9643 144082.0494 44339.18261 0 0 0 0 0 0 
0 0 0 0 0 0 70770.93431 145857.9207 145978.2327 144082.0857 147175.8086 147889.6942 143797.5776 147374.489 147493.5563 143267.6601 145174.4691 142284.1278 143716.214 142366.3533 146298.6338 142325.247 144447.1825 141913.5376 146098.5114 143838.2805 144000.8931 143390.1026 144689.9717 147295.0274 143512.4281 143349.2372 142325.1377 72888.82884 0 0 0 0 0 0 
0 0 0 0 0 0 80951.90267 144244.3998 143675.4032 145737.5608 142858.6255 142489.5467 144163.3216 143390.1146 142448.5072 144244.498 146777.7716 146258.631 143022.423 143919.6369 146817.6384 145938.2423 143185.968 143797.6108 144447.1741 146857.4641 146378.5707 143553.2332 144609.0729 144609.0601 144689.9455 144891.9823 141210.7885 82880.4497 0 0 0 0 0 0 
0 0 0 0 0 0 82951.01591 145295.2277 142325.1562 143634.6888 145174.4141 142530.6042 143919.5969 145174.4492 144447.1668 142940.566 145134.1614 142817.7219 141417.921 148245.3962 146418.5685 144447.1869 144892.0734 143308.5019 139836.8409 145335.5838 142160.6821 144366.1119 143349.2816 145657.2577 146098.4466 142653.6624 143919.5247 82809.82253 0 0 0 0 0 0 
0 0 0 0 0 0 73925.02558 144122.656 144770.7829 144689.9442 144203.8765 142448.4763 143634.726 143593.995 140421.4021 145335.5894 144892.0678 146618.2334 142078.3688 145295.3396 144244.511 147255.3635 141872.3058 145737.6309 143185.9564 143838.2806 143267.6446 147889.7064 145174.4259 145134.1031 142325.17 141335.0548 147889.6317 73448.59754 0 0 0 0 0 0 
0 0 0 0 0 0 45511.34523 144325.5 145013.0741 144000.8408 145617.0773 144041.4946 142817.6818 143716.1818 144689.9994 144892.0591 146138.5572 146737.9027 144406.6701 144041.547 145093.8449 143390.1386 147533.2355 141913.5348 148954.1241 141707.2225 147056.5255 143104.1766 146018.3506 146578.2566 143675.4144 145013.0744 143756.8072 42589.14185 0 0 0 0 0 0 
0 0 0 0 0 0 0 135328.7998 144568.5527 143471.6443 145697.4131 142940.5207 146178.5537 144082.128 147295.065 147850.1555 148008.3764 145898.1321 146976.9527 142325.2409 147215.6179 144406.6663 141748.519 144851.672 143594.0033 145053.487 148284.819 145978.2814 149385.5484 142899.5674 141830.9773 142735.6625 133544.3574 0 0 0 0 0 0 0 
0 0 0 0 0 0 0 103646.4413 143878.8666 144000.831 144932.3748 145898.0784 144730.4037 144406.6312 144122.7332 142284.1047 146098.5044 145697.468 145898.1289 142694.7526 146058.4578 144568.6424 147175.8573 145777.7606 146937.118 146178.5672 141376.498 145416.0463 145617.0796 145817.8355 143063.2362 146458.4127 105159.6078 0 0 0 0 0 0 0 
0 0 0 0 0 0 0 57445.7096 142325.1341 142078.2715 148954.0534 144770.806 145335.5432 143675.4464 148481.976 143145.0666 146018.3767 142284.1074 141417.8986 143512.4867 145858.0138 144892.0542 145697.4612 144892.0486 149228.8201 145737.5968 146538.3498 145053.4553 143022.3522 143756.8381 148796.8318 145134.0529 53435.26303 0 0 0 0 0 0 0 
0 0 0 0 0 0 0 0 113043.1805 144122.6597 145817.8197 145978.2483 144041.4801 147056.499 142817.6754 145053.4729 145898.106 146098.4933 147414.1853 145335.5754 146378.5709 145053.4846 145295.3051 144568.619 146218.5805 145214.7252 138279.9657 142119.4776 144932.3716 143756.829 142735.656 114942.3378 0 0 0 0 0 0 0 0 
0 0 0 0 0 0 0 0 41334.19359 138913.1604 143022.3198 145576.8667 145777.7023 147016.6951 144447.126 147215.57 143267.6281 144730.4137 143960.2446 142940.5404 145053.4769 142694.7251 147533.1992 145214.728 140463.0335 142366.2922 147016.6968 144609.0431 146697.9378 145857.9291 138195.257 45382.59985 0 0 0 0 0 0 0 0 
0 0 0 0 0 0 0 0 0 74633.96672 144972.7025 142858.5869 145978.2393 141830.9802 143838.2291 142858.6241 143716.156 146138.5144 145295.2871 143267.6247 144244.4601 146777.7262 142612.6796 143063.2679 142817.6606 145134.0946 142201.784 144447.0968 144447.084 143797.5046 76797.71731 0 0 0 0 0 0 0 0 0 
0 0 0 0 0 0 0 0 0 0 87281.7696 145254.9473 142571.5961 143960.1913 144528.092 141707.1698 145254.9906 146498.4 142489.5324 144528.1143 146817.5707 141541.9266 146458.4544 145857.9607 144528.0984 145898.058 144122.675 145898.0389 146458.4055 85726.0619 0 0 0 0 0 0 0 0 0 0 
0 0 0 0 0 0 0 0 0 0 0 77932.16304 138955.2724 141583.2165 144891.9767 144770.7856 144568.5682 142694.6846 142735.6841 147374.4384 146018.3255 144891.9965 146538.3186 145617.0585 144649.4859 144447.0876 143471.6246 140379.6354 75955.02457 0 0 0 0 0 0 0 0 0 0 0 
0 0 0 0 0 0 0 0 0 0 0 0 46022.72401 114227.4487 144203.8263 145817.8036 143675.3955 144851.5914 144163.2646 143063.2349 145898.0487 144891.9789 143349.2359 146418.4625 144406.566 142201.7494 114381.0175 43941.51603 0 0 0 0 0 0 0 0 0 0 0 0 
0 0 0 0 0 0 0 0 0 0 0 0 0 0 55582.10744 107634.2914 135069.1348 144082.049 144447.0737 146777.6664 144932.3445 143267.5634 144082.0526 135328.802 105326.3964 57036.8394 0 0 0 0 0 0 0 0 0 0 0 0 0 0 
0 0 0 0 0 0 0 0 0 0 0 0 0 0 0 0 0 43270.61182 69351.19275 80807.21757 80589.69777 71756.19328 44339.18333 0 0 0 0 0 0 0 0 0 0 0 0 0 0 0 0 0 
0 0 0 0 0 0 0 0 0 0 0 0 0 0 0 0 0 0 0 0 0 0 0 0 0 0 0 0 0 0 0 0 0 0 0 0 0 0 0 0 
0 0 0 0 0 0 0 0 0 0 0 0 0 0 0 0 0 0 0 0 0 0 0 0 0 0 0 0 0 0 0 0 0 0 0 0 0 0 0 0 
0 0 0 0 0 0 0 0 0 0 0 0 0 0 0 0 0 0 0 0 0 0 0 0 0 0 0 0 0 0 0 0 0 0 0 0 0 0 0 0 
0 0 0 0 0 0 0 0 0 0 0 0 0 0 0 0 0 0 0 0 0 0 0 0 0 0 0 0 0 0 0 0 0 0 0 0 0 0 0 0 
0 0 0 0 0 0 0 0 0 0 0 0 0 0 0 0 0 0 0 0 0 0 0 0 0 0 0 0 0 0 0 0 0 0 0 0 0 0 0 0 
0 0 0 0 0 0 0 0 0 0 0 0 0 0 0 0 0 0 0 0 0 0 0 0 0 0 0 0 0 0 0 0 0 0 0 0 0 0 0 0 
# Events [psd_source/PSD_source.dat] N:
0 0 0 0 0 0 0 0 0 0 0 0 0 0 0 0 0 0 0 0 0 0 0 0 0 0 0 0 0 0 0 0 0 0 0 0 0 0 0 0 
0 0 0 0 0 0 0 0 0 0 0 0 0 0 0 0 0 0 0 0 0 0 0 0 0 0 0 0 0 0 0 0 0 0 0 0 0 0 0 0 
0 0 0 0 0 0 0 0 0 0 0 0 0 0 0 0 0 0 0 0 0 0 0 0 0 0 0 0 0 0 0 0 0 0 0 0 0 0 0 0 
0 0 0 0 0 0 0 0 0 0 0 0 0 0 0 0 0 0 0 0 0 0 0 0 0 0 0 0 0 0 0 0 0 0 0 0 0 0 0 0 
0 0 0 0 0 0 0 0 0 0 0 0 0 0 0 0 0 0 0 0 0 0 0 0 0 0 0 0 0 0 0 0 0 0 0 0 0 0 0 0 
0 0 0 0 0 0 0 0 0 0 0 0 0 0 0 0 0 0 0 0 0 0 0 0 0 0 0 0 0 0 0 0 0 0 0 0 0 0 0 0 
0 0 0 0 0 0 0 0 0 0 0 0 0 0 0 0 0 188 440 600 564 441 157 0 0 0 0 0 0 0 0 0 0 0 0 0 0 0 0 0 
0 0 0 0 0 0 0 0 0 0 0 0 0 0 276 985 1601 1802 1756 1786 1738 1769 1815 1497 992 270 0 0 0 0 0 0 0 0 0 0 0 0 0 0 
0 0 0 0 0 0 0 0 0 0 0 0 163 1118 1744 1740 1774 1811 1869 1769 1804 1739 1803 1868 1786 1815 1145 159 0 0 0 0 0 0 0 0 0 0 0 0 
0 0 0 0 0 0 0 0 0 0 0 534 1604 1861 1786 1804 1824 1832 1843 1771 1779 1831 1880 1784 1861 1732 1749 1638 518 0 0 0 0 0 0 0 0 0 0 0 
0 0 0 0 0 0 0 0 0 0 628 1746 1800 1844 1774 1830 1906 1729 1758 1820 1805 1841 1799 1724 1769 1778 1766 1818 1775 647 0 0 0 0 0 0 0 0 0 0 
0 0 0 0 0 0 0 0 0 529 1795 1822 1773 1836 1806 1819 1832 1802 1857 1831 1818 1818 1820 1852 1837 1778 1849 1775 1814 1811 531 0 0 0 0 0 0 0 0 0 
0 0 0 0 0 0 0 0 163 1628 1777 1788 1825 1744 1753 1767 1764 1664 1851 1778 1773 1810 1821 1832 1780 1774 1743 1846 1809 1874 1648 164 0 0 0 0 0 0 0 0 
0 0 0 0 0 0 0 0 1114 1828 1887 1716 1818 1750 1784 1853 1714 1809 1710 1797 1747 1857 1845 1849 1784 1861 1788 1727 1814 1819 1858 1112 0 0 0 0 0 0 0 0 
0 0 0 0 0 0 0 280 1720 1720 1809 1833 1765 1734 1712 1776 1879 1867 1759 1755 1783 1772 1801 1844 1795 1824 1730 1803 1803 1774 1805 1754 266 0 0 0 0 0 0 0 
0 0 0 0 0 0 0 992 1740 1867 1780 1755 1786 1803 1744 1877 1771 1763 1745 1772 1839 1733 1863 1823 1838 1885 1850 1736 1814 1778 1782 1730 1037 0 0 0 0 0 0 0 
0 0 0 0 0 0 0 1515 1822 1778 1811 1861 1747 1748 1804 1792 1778 1744 1826 1851 1780 1845 1834 1732 1778 1769 1752 1807 1757 1794 1806 1749 1621 0 0 0 0 0 0 0 
0 0 0 0 0 0 162 1709 1775 1788 1827 1728 1789 1761 1722 1819 1832 1804 1790 1784 1808 1857 1792 1752 1783 1778 1752 1751 1878 1776 1830 1803 1774 168 0 0 0 0 0 0 
0 0 0 0 0 0 428 1818 1821 1774 1851 1869 1767 1856 1859 1754 1801 1730 1765 1732 1829 1731 1783 1721 1824 1768 1772 1757 1789 1854 1760 1756 1731 454 0 0 0 0 0 0 
0 0 0 0 0 0 560 1778 1764 1815 1744 1735 1776 1757 1734 1778 1841 1828 1748 1770 1842 1820 1752 1767 1783 1843 1831 1761 1787 1787 1789 1794 1704 587 0 0 0 0 0 0 
0 0 0 0 0 0 588 1804 1731 1763 1801 1736 1770 1801 1783 1746 1800 1743 1709 1878 1832 1783 1794 1755 1671 1805 1727 1781 1756 1813 1824 1739 1770 586 0 0 0 0 0 0 
0 0 0 0 0 0 467 1775 1791 1789 1777 1734 1763 1762 1685 1805 1794 1837 1725 1804 1778 1853 1720 1815 1752 1768 1754 1869 1801 1800 1731 1707 1869 461 0 0 0 0 0 0 
0 0 0 0 0 0 177 1780 1797 1772 1812 1773 1743 1765 1789 1794 1825 1840 1782 1773 1799 1757 1860 1721 1896 1716 1848 1750 1822 1836 1764 1797 1766 155 0 0 0 0 0 0 
0 0 0 0 0 0 0 1565 1786 1759 1814 1746 1826 1774 1854 1868 1872 1819 1846 1731 1852 1782 1717 1793 1762 1798 1879 1821 1907 1745 1719 1741 1524 0 0 0 0 0 0 0 
0 0 0 0 0 0 0 918 1769 1772 1795 1819 1790 1782 1775 1730 1824 1814 1819 1740 1823 1786 1851 1816 1845 1826 1708 1807 1812 1817 1749 1833 945 0 0 0 0 0 0 0 
0 0 0 0 0 0 0 282 1731 1725 1896 1791 1805 1764 1884 1751 1822 1730 1709 1760 1818 1794 1814 1794 1903 1815 1835 1798 1748 1766 1892 1800 244 0 0 0 0 0 0 0 
0 0 0 0 0 0 0 0 1092 1775 1817 1821 1773 1848 1743 1798 1819 1824 1857 1805 1831 1798 1804 1786 1827 1802 1634 1726 1795 1766 1741 1129 0 0 0 0 0 0 0 0 
0 0 0 0 0 0 0 0 146 1649 1748 1811 1816 1847 1783 1852 1754 1790 1771 1746 1798 1740 1860 1802 1686 1732 1847 1787 1839 1818 1632 176 0 0 0 0 0 0 0 0 
0 0 0 0 0 0 0 0 0 476 1796 1744 1821 1719 1768 1744 1765 1825 1804 1754 1778 1841 1738 1749 1743 1800 1728 1783 1783 1767 504 0 0 0 0 0 0 0 0 0 
0 0 0 0 0 0 0 0 0 0 651 1803 1737 1771 1785 1716 1803 1834 1735 1785 1842 1712 1833 1818 1785 1819 1775 1819 1833 628 0 0 0 0 0 0 0 0 0 0 
0 0 0 0 0 0 0 0 0 0 0 519 1650 1713 1794 1791 1786 1740 1741 1856 1822 1794 1835 1812 1788 1783 1759 1684 493 0 0 0 0 0 0 0 0 0 0 0 
0 0 0 0 0 0 0 0 0 0 0 0 181 1115 1777 1817 1764 1793 1776 1749 1819 1794 1756 1832 1782 1728 1118 165 0 0 0 0 0 0 0 0 0 0 0 0 
0 0 0 0 0 0 0 0 0 0 0 0 0 0 264 990 1559 1774 1783 1841 1795 1754 1774 1565 948 278 0 0 0 0 0 0 0 0 0 0 0 0 0 0 
0 0 0 0 0 0 0 0 0 0 0 0 0 0 0 0 0 160 411 558 555 440 168 0 0 0 0 0 0 0 0 0 0 0 0 0 0 0 0 0 
0 0 0 0 0 0 0 0 0 0 0 0 0 0 0 0 0 0 0 0 0 0 0 0 0 0 0 0 0 0 0 0 0 0 0 0 0 0 0 0 
0 0 0 0 0 0 0 0 0 0 0 0 0 0 0 0 0 0 0 0 0 0 0 0 0 0 0 0 0 0 0 0 0 0 0 0 0 0 0 0 
0 0 0 0 0 0 0 0 0 0 0 0 0 0 0 0 0 0 0 0 0 0 0 0 0 0 0 0 0 0 0 0 0 0 0 0 0 0 0 0 
0 0 0 0 0 0 0 0 0 0 0 0 0 0 0 0 0 0 0 0 0 0 0 0 0 0 0 0 0 0 0 0 0 0 0 0 0 0 0 0 
0 0 0 0 0 0 0 0 0 0 0 0 0 0 0 0 0 0 0 0 0 0 0 0 0 0 0 0 0 0 0 0 0 0 0 0 0 0 0 0 
0 0 0 0 0 0 0 0 0 0 0 0 0 0 0 0 0 0 0 0 0 0 0 0 0 0 0 0 0 0 0 0 0 0 0 0 0 0 0 0 
