# Format: McCode with text headers
# URL: http://www.mccode.org
# Creator: McStas 2.4.1 - Jun. 26, 2017
# Instrument: MAGiC_elearning.instr
# Ncount: 2500000
# Trace: no
# Gravitation: no
# Seed: 1563292425
# Directory: MAGiC_HR/13
# Nodes: 40
# Param: spectrum=0
# Param: high_res=1
# Param: coll_set=0.3
# Param: sample_rot=130
# Date: Tue Jul 16 10:29:32 2019 (1563265772)
# type: array_1d(101)
# Source: MAGiC_half_polarized (MAGiC_elearning.instr)
# component: L_out
# position: -0.034 -0.674259 159.42
# title: Wavelength monitor
# Ncount: 100000000
# filename: L_out.txt
# statistics: X0=1.43486; dX=0.352764;
# signal: Min=0; Max=2.43774e+07; Mean=4.30356e+06;
# values: 4.34659e+08 1.12768e+06 290905
# xvar: L
# yvar: (I,I_err)
# xlabel: Wavelength [AA]
# ylabel: Intensity
# xlimits: 0.2 6
# variables: L I I_err N
0.2287128713 0 0 0 
0.2861386139 0 0 0 
0.3435643564 5.377120699e-125 5.667854897e-125 9 
0.400990099 3.430797211e-18 3.064853261e-18 1244 
0.4584158416 788.5453827 212.941732 5615 
0.5158415842 52188.93399 3789.859255 9754 
0.5732673267 347996.6196 12625.76881 9966 
0.6306930693 993441.3175 24955.68661 9987 
0.6881188119 2351646.205 48131.70691 10034 
0.7455445545 4335436.306 79498.50684 9934 
0.802970297 6645817.499 115571.236 10057 
0.8603960396 9931896.849 160683.5187 10037 
0.9178217822 12930047.01 200047.0091 10067 
0.9752475248 15817562.12 235736.1826 9962 
1.032673267 18555329.61 265563.6847 10057 
1.09009901 20054228.09 282283.4528 9768 
1.147524752 22205432.53 298356.3233 9999 
1.204950495 23047603.62 303515.8305 9963 
1.262376238 24377418.55 308621.1955 10080 
1.31980198 24347636.49 301964.4159 10196 
1.377227723 24141937.94 292545.7871 10072 
1.434653465 23316147.64 279287.6369 9850 
1.492079208 23341161.4 269678.1297 10238 
1.54950495 21963825 252359.6774 9935 
1.606930693 21163116.15 237970.7731 10030 
1.664356436 20083325.02 222713.6116 9942 
1.721782178 19041679.32 207564.7461 10046 
1.779207921 17702598.24 191592.2762 9859 
1.836633663 16825543.93 178665.6208 9969 
1.894059406 15630095.56 164781.2882 9868 
1.951485149 14864139.48 153607.5287 10078 
2.008910891 13593914.09 140122.5095 9970 
2.066336634 10905561.15 120869.7009 8389 
2.123762376 5304888.595 78349.18605 4826 
2.181188119 787069.1616 25574.92342 1104 
2.238613861 0 0 0 
2.296039604 0 0 0 
2.353465347 0 0 0 
2.410891089 0 0 0 
2.468316832 0 0 0 
2.525742574 0 0 0 
2.583168317 0 0 0 
2.640594059 0 0 0 
2.698019802 0 0 0 
2.755445545 0 0 0 
2.812871287 0 0 0 
2.87029703 0 0 0 
2.927722772 0 0 0 
2.985148515 0 0 0 
3.042574257 0 0 0 
3.1 0 0 0 
3.157425743 0 0 0 
3.214851485 0 0 0 
3.272277228 0 0 0 
3.32970297 0 0 0 
3.387128713 0 0 0 
3.444554455 0 0 0 
3.501980198 0 0 0 
3.559405941 0 0 0 
3.616831683 0 0 0 
3.674257426 0 0 0 
3.731683168 0 0 0 
3.789108911 0 0 0 
3.846534653 0 0 0 
3.903960396 0 0 0 
3.961386139 0 0 0 
4.018811881 0 0 0 
4.076237624 0 0 0 
4.133663366 0 0 0 
4.191089109 0 0 0 
4.248514851 0 0 0 
4.305940594 0 0 0 
4.363366337 0 0 0 
4.420792079 0 0 0 
4.478217822 0 0 0 
4.535643564 0 0 0 
4.593069307 0 0 0 
4.65049505 0 0 0 
4.707920792 0 0 0 
4.765346535 0 0 0 
4.822772277 0 0 0 
4.88019802 0 0 0 
4.937623762 0 0 0 
4.995049505 0 0 0 
5.052475248 0 0 0 
5.10990099 0 0 0 
5.167326733 0 0 0 
5.224752475 0 0 0 
5.282178218 0 0 0 
5.33960396 0 0 0 
5.397029703 0 0 0 
5.454455446 0 0 0 
5.511881188 0 0 0 
5.569306931 0 0 0 
5.626732673 0 0 0 
5.684158416 0 0 0 
5.741584158 0 0 0 
5.799009901 0 0 0 
5.856435644 0 0 0 
5.913861386 0 0 0 
5.971287129 0 0 0 
