# Format: McCode with text headers
# URL: http://www.mccode.org
# Creator: McStas 2.4.1 - Jun. 26, 2017
# Instrument: MAGiC_elearning.instr
# Ncount: 2500000
# Trace: no
# Gravitation: no
# Seed: 1563292154
# Directory: MAGiC_HR/10
# Nodes: 40
# Param: spectrum=0
# Param: high_res=1
# Param: coll_set=0.3
# Param: sample_rot=100
# Date: Tue Jul 16 10:27:28 2019 (1563265648)
# type: array_1d(101)
# Source: MAGiC_half_polarized (MAGiC_elearning.instr)
# component: L_out
# position: -0.034 -0.674259 159.42
# title: Wavelength monitor
# Ncount: 100000000
# filename: L_out.txt
# statistics: X0=1.43435; dX=0.352588;
# signal: Min=0; Max=2.38875e+07; Mean=4.2851e+06;
# values: 4.32795e+08 1.12429e+06 290780
# xvar: L
# yvar: (I,I_err)
# xlabel: Wavelength [AA]
# ylabel: Intensity
# xlimits: 0.2 6
# variables: L I I_err N
0.2287128713 0 0 0 
0.2861386139 0 0 0 
0.3435643564 1.291108348e-133 1.581278328e-133 2 
0.400990099 5.758816169e-17 3.609050366e-17 1206 
0.4584158416 821.8567714 359.1968884 5508 
0.5158415842 58973.81173 4197.796745 9671 
0.5732673267 338667.4057 12412.44713 9952 
0.6306930693 1000036.918 25237.23016 9973 
0.6881188119 2423285.998 48488.85026 9988 
0.7455445545 4298171.466 78994.19885 9994 
0.802970297 6584221.534 114875.3785 9928 
0.8603960396 9634571.507 157133.0887 10124 
0.9178217822 12856582.01 199333.5049 10113 
0.9752475248 15810112.4 235977.562 9877 
1.032673267 18540808.6 265594.5579 10058 
1.09009901 20363890.23 284194.6578 10022 
1.147524752 22702729.96 302262.8924 10189 
1.204950495 23273658.12 304188.4174 10088 
1.262376238 23621188.35 303398.6392 9857 
1.31980198 23693207.57 296468.1094 10010 
1.377227723 23887537.54 290399.852 10107 
1.434653465 23243704.96 278046.5594 9968 
1.492079208 22927024.33 267320.5482 10062 
1.54950495 22427617.59 254963.9872 10205 
1.606930693 20812144.38 236032.9988 9913 
1.664356436 20198805.29 223165.9522 10093 
1.721782178 19068022.67 207712.1121 10008 
1.779207921 17803391.18 192045.3394 9946 
1.836633663 16937638.7 179463.5424 10035 
1.894059406 15532861.73 164058.6175 9895 
1.951485149 14669000.37 152370.7457 9981 
2.008910891 13434285.7 138965.8778 9929 
2.066336634 10537492.99 118734.0663 8121 
2.123762376 5254314.059 78097.09358 4765 
2.181188119 860350.0387 26746.08538 1192 
2.238613861 0 0 0 
2.296039604 0 0 0 
2.353465347 0 0 0 
2.410891089 0 0 0 
2.468316832 0 0 0 
2.525742574 0 0 0 
2.583168317 0 0 0 
2.640594059 0 0 0 
2.698019802 0 0 0 
2.755445545 0 0 0 
2.812871287 0 0 0 
2.87029703 0 0 0 
2.927722772 0 0 0 
2.985148515 0 0 0 
3.042574257 0 0 0 
3.1 0 0 0 
3.157425743 0 0 0 
3.214851485 0 0 0 
3.272277228 0 0 0 
3.32970297 0 0 0 
3.387128713 0 0 0 
3.444554455 0 0 0 
3.501980198 0 0 0 
3.559405941 0 0 0 
3.616831683 0 0 0 
3.674257426 0 0 0 
3.731683168 0 0 0 
3.789108911 0 0 0 
3.846534653 0 0 0 
3.903960396 0 0 0 
3.961386139 0 0 0 
4.018811881 0 0 0 
4.076237624 0 0 0 
4.133663366 0 0 0 
4.191089109 0 0 0 
4.248514851 0 0 0 
4.305940594 0 0 0 
4.363366337 0 0 0 
4.420792079 0 0 0 
4.478217822 0 0 0 
4.535643564 0 0 0 
4.593069307 0 0 0 
4.65049505 0 0 0 
4.707920792 0 0 0 
4.765346535 0 0 0 
4.822772277 0 0 0 
4.88019802 0 0 0 
4.937623762 0 0 0 
4.995049505 0 0 0 
5.052475248 0 0 0 
5.10990099 0 0 0 
5.167326733 0 0 0 
5.224752475 0 0 0 
5.282178218 0 0 0 
5.33960396 0 0 0 
5.397029703 0 0 0 
5.454455446 0 0 0 
5.511881188 0 0 0 
5.569306931 0 0 0 
5.626732673 0 0 0 
5.684158416 0 0 0 
5.741584158 0 0 0 
5.799009901 0 0 0 
5.856435644 0 0 0 
5.913861386 0 0 0 
5.971287129 0 0 0 
