# Format: McCode with text headers
# URL: http://www.mccode.org
# Creator: McStas 2.4.1 - Jun. 26, 2017
# Instrument: MAGiC_elearning.instr
# Ncount: 2500000
# Trace: no
# Gravitation: no
# Seed: 1563293615
# Directory: MAGiC_HR/26
# Nodes: 40
# Param: spectrum=0
# Param: high_res=1
# Param: coll_set=0.3
# Param: sample_rot=260
# Date: Tue Jul 16 10:38:32 2019 (1563266312)
# type: array_1d(101)
# Source: MAGiC_half_polarized (MAGiC_elearning.instr)
# component: L_out
# position: -0.034 -0.674259 159.42
# title: Wavelength monitor
# Ncount: 100000000
# filename: L_out.txt
# statistics: X0=1.43569; dX=0.352307;
# signal: Min=0; Max=2.40479e+07; Mean=4.28344e+06;
# values: 4.32628e+08 1.12384e+06 291161
# xvar: L
# yvar: (I,I_err)
# xlabel: Wavelength [AA]
# ylabel: Intensity
# xlimits: 0.2 6
# variables: L I I_err N
0.2287128713 0 0 0 
0.2861386139 0 0 0 
0.3435643564 4.496347938e-128 5.191935385e-128 3 
0.400990099 1.290824447e-16 1.256927889e-16 1261 
0.4584158416 835.3057306 209.2004696 5515 
0.5158415842 57171.9956 4052.993602 9782 
0.5732673267 344034.3663 12589.03612 10065 
0.6306930693 998780.7462 25116.98212 9862 
0.6881188119 2426039.889 48549.37989 10185 
0.7455445545 4382571.349 80165.81087 10052 
0.802970297 6625713.244 115422.9834 10044 
0.8603960396 9696561.379 158455.7196 10012 
0.9178217822 12727541.77 198302.6073 10038 
0.9752475248 15470789.29 232601.3954 9976 
1.032673267 18145013.26 261920.4724 10031 
1.09009901 20435887.42 284471.4155 9938 
1.147524752 22138221.76 298777.3818 9931 
1.204950495 22968652.28 302589.8216 10039 
1.262376238 23734379.73 304182.2218 10025 
1.31980198 23832833.36 298099.0569 9967 
1.377227723 24047866.02 292078.0237 10006 
1.434653465 23327214.08 278702.0549 10042 
1.492079208 23406706.2 270497.774 10170 
1.54950495 22278584.26 254145.7418 10144 
1.606930693 20777623.66 235550.6061 9932 
1.664356436 20087024.31 222674.3546 9995 
1.721782178 19507501.06 210195.4742 10246 
1.779207921 17784862.24 192074.5359 9981 
1.836633663 16978281.93 179401.3258 10091 
1.894059406 15971599.43 166352.379 10156 
1.951485149 14438128.95 150837.8881 9879 
2.008910891 13369486.15 138958.9649 9803 
2.066336634 10703200.45 119834.0177 8226 
2.123762376 5173131.464 77675.29767 4655 
2.181188119 791356.0743 25596.73107 1109 
2.238613861 0 0 0 
2.296039604 0 0 0 
2.353465347 0 0 0 
2.410891089 0 0 0 
2.468316832 0 0 0 
2.525742574 0 0 0 
2.583168317 0 0 0 
2.640594059 0 0 0 
2.698019802 0 0 0 
2.755445545 0 0 0 
2.812871287 0 0 0 
2.87029703 0 0 0 
2.927722772 0 0 0 
2.985148515 0 0 0 
3.042574257 0 0 0 
3.1 0 0 0 
3.157425743 0 0 0 
3.214851485 0 0 0 
3.272277228 0 0 0 
3.32970297 0 0 0 
3.387128713 0 0 0 
3.444554455 0 0 0 
3.501980198 0 0 0 
3.559405941 0 0 0 
3.616831683 0 0 0 
3.674257426 0 0 0 
3.731683168 0 0 0 
3.789108911 0 0 0 
3.846534653 0 0 0 
3.903960396 0 0 0 
3.961386139 0 0 0 
4.018811881 0 0 0 
4.076237624 0 0 0 
4.133663366 0 0 0 
4.191089109 0 0 0 
4.248514851 0 0 0 
4.305940594 0 0 0 
4.363366337 0 0 0 
4.420792079 0 0 0 
4.478217822 0 0 0 
4.535643564 0 0 0 
4.593069307 0 0 0 
4.65049505 0 0 0 
4.707920792 0 0 0 
4.765346535 0 0 0 
4.822772277 0 0 0 
4.88019802 0 0 0 
4.937623762 0 0 0 
4.995049505 0 0 0 
5.052475248 0 0 0 
5.10990099 0 0 0 
5.167326733 0 0 0 
5.224752475 0 0 0 
5.282178218 0 0 0 
5.33960396 0 0 0 
5.397029703 0 0 0 
5.454455446 0 0 0 
5.511881188 0 0 0 
5.569306931 0 0 0 
5.626732673 0 0 0 
5.684158416 0 0 0 
5.741584158 0 0 0 
5.799009901 0 0 0 
5.856435644 0 0 0 
5.913861386 0 0 0 
5.971287129 0 0 0 
