# Format: McCode with text headers
# URL: http://www.mccode.org
# Creator: McStas 2.5 - Dec. 12, 2018
# Instrument: ESS_HEIMDAL.instr
# Ncount: 25000
# Trace: no
# Gravitation: no
# Seed: 1565850567
# Directory: TemperatureScan/16
# Nodes: 4
# Param: lmax=4
# Param: lmin=0.5
# Param: T=330
# Param: tau=0
# Param: use_CoFe2O4=1
# Param: use_CoFe=1
# Param: use_magn=1
# Date: Wed Aug 14 12:13:50 2019 (1565777630)
# type: array_2d(40, 40)
# Source: ESS_HEIMDAL (ESS_HEIMDAL.instr)
# component: psd_source
# position: 0 0 0.01
# title: PSD monitor
# Ncount: 100000
# filename: PSD_source.dat
# statistics: X0=-0.0055725; dX=5.00824; Y0=0.0043725; dY=5.00558;
# signal: Min=0; Max=7.59428e+06; Mean=2.13803e+06;
# values: 3.42084e+09 1.08177e+07 100000
# xvar: X 
# yvar: Y 
# xlabel: X position [cm]
# ylabel: Y position [cm]
# zvar: I
# zlabel: Signal per bin
# xylimits: -15 15 -15 15
# variables: I I_err N
# Data [psd_source/PSD_source.dat] I:
0 0 0 0 0 0 0 0 0 0 0 0 0 0 0 0 0 0 0 0 0 0 0 0 0 0 0 0 0 0 0 0 0 0 0 0 0 0 0 0 
0 0 0 0 0 0 0 0 0 0 0 0 0 0 0 0 0 0 0 0 0 0 0 0 0 0 0 0 0 0 0 0 0 0 0 0 0 0 0 0 
0 0 0 0 0 0 0 0 0 0 0 0 0 0 0 0 0 0 0 0 0 0 0 0 0 0 0 0 0 0 0 0 0 0 0 0 0 0 0 0 
0 0 0 0 0 0 0 0 0 0 0 0 0 0 0 0 0 0 0 0 0 0 0 0 0 0 0 0 0 0 0 0 0 0 0 0 0 0 0 0 
0 0 0 0 0 0 0 0 0 0 0 0 0 0 0 0 0 0 0 0 0 0 0 0 0 0 0 0 0 0 0 0 0 0 0 0 0 0 0 0 
0 0 0 0 0 0 0 0 0 0 0 0 0 0 0 0 0 0 0 0 0 0 0 0 0 0 0 0 0 0 0 0 0 0 0 0 0 0 0 0 
0 0 0 0 0 0 0 0 0 0 0 0 0 0 0 0 0 684168.386 1642004.319 2326172.945 2223547.449 1231503.117 513126.3004 0 0 0 0 0 0 0 0 0 0 0 0 0 0 0 0 0 
0 0 0 0 0 0 0 0 0 0 0 0 0 0 855210.4629 3899760.342 5541764.679 6499600.806 5644390.337 6396975.538 5815432.531 6773268.412 5815431.79 5233888.557 3728718.13 923627.3411 0 0 0 0 0 0 0 0 0 0 0 0 0 0 
0 0 0 0 0 0 0 0 0 0 0 0 581543.1965 3968177.306 5336514.329 6260141.835 5575974.03 6670643.733 5233889.402 6020683.631 6294351.121 6157517.076 5541765.326 6602226.455 6670643.153 6123307.884 3489259.158 547334.6936 0 0 0 0 0 0 0 0 0 0 0 0 
0 0 0 0 0 0 0 0 0 0 0 2018296.924 5747015.353 5541764.955 5712807.539 5849641.52 5815433.376 6089100.766 6739061.295 5473349.124 6807478.158 5575974.672 5883850.365 5849641.722 5918058.375 6054891.59 6294350.206 6191724.945 2052505.327 0 0 0 0 0 0 0 0 0 0 0 
0 0 0 0 0 0 0 0 0 0 2052505.314 5507556.273 6328558.813 5507557.187 5302306.97 6020684.093 5644391.793 6123310.042 5781225.621 6910104.178 5644391.993 6396977.544 6362769.068 6704853.025 6054892.732 6020683.728 7012727.986 6191725.333 6841684.828 1984088.503 0 0 0 0 0 0 0 0 0 0 
0 0 0 0 0 0 0 0 0 1744629.692 6602225.449 5747015.662 5849641.554 6499602.101 5986476.004 6260143.727 5849642.69 6191727.487 6191727.453 6020685.552 5644392.514 5815434.548 7252189.071 5883851.269 4686555.741 5336515.594 6807477.886 6773269.19 6499601.125 6225933.18 1881463.197 0 0 0 0 0 0 0 0 0 
0 0 0 0 0 0 0 0 615751.5838 4891804.548 6054891.665 6191725.91 6396976.899 6362768.953 6225935.748 5302308.07 5918059.982 5268099.914 6533812.451 7046939.325 6089102.587 6089102.671 6499603.773 5918060.213 5986476.815 5165473.945 5712808.679 6191726.173 6431184.802 5712807.468 5678598.241 547334.7786 0 0 0 0 0 0 0 0 
0 0 0 0 0 0 0 0 4105010.716 6739060.085 6225934.214 6157517.911 6431185.661 5473349.834 5507558.824 6465395.221 6568020.983 6944314.147 6225936.922 6260145.29 6431187.632 7046939.541 6807480.199 6533812.544 5644392.743 5439141.928 5883851.371 6533811.119 5781225.029 5883849.808 6157516.788 4207636.012 0 0 0 0 0 0 0 0 
0 0 0 0 0 0 0 752585.3267 5473347.857 5473348.514 6739061.025 6123309.704 5712809.085 5747017.934 6020685.802 6225936.606 6191728.531 6191728.597 6465396.387 6739063.996 6157520.458 6328562.547 6465396.321 5918060.892 6396978.845 5233891.591 5986477.031 6089101.938 5302307.492 5028639.324 6225933.949 6568017.487 957835.8708 0 0 0 0 0 0 0 
0 0 0 0 0 0 0 3044549.578 6910102.017 6157517.384 6157518.106 5678600.392 5952268.414 5712809.769 6396978.931 6328562.362 5199683.932 6499604.958 5952269.933 6089103.787 5165475.641 5712810.831 6499605.072 6431187.96 6944314.405 6431187.343 6396978.501 6225935.873 6362769.128 6123309.598 6465393.237 6054891.362 3523467.531 0 0 0 0 0 0 0 
0 0 0 0 0 0 0 5131263.459 6260142.199 6225934.518 5062848.314 6568019.917 6533811.989 6533812.569 5986477.82 7012731.497 5097058.728 6465396.824 5986478.666 5712811.099 5712811.073 5918061.675 4926016.675 5336517.875 6910106.194 6191728.472 5849643.645 6431186.796 5131265.59 5268098.895 5712808.041 7217978.1 5165471.876 0 0 0 0 0 0 0 
0 0 0 0 0 0 478917.9267 7012726.939 6362767.692 5952267.241 6054893.044 6396978.004 7046938.919 5952269.286 6362770.958 5986478.347 6054895.459 6533813.899 6020687.319 6157521.177 6328563.441 6499605.608 5883853.416 7081148.965 5404934.676 6294354.016 6054894.519 6054894.119 6260144.26 6568019.65 6191726.251 6533809.889 5781223.678 547334.7421 0 0 0 0 0 0 
0 0 0 0 0 0 1710421.13 5507556.448 5918058.262 6807478.155 5541766.651 6260144.363 5712809.855 5507559.564 6157520.374 6533813.588 6704856.089 6191729.532 6499605.745 5610186.096 6123312.806 5815436.715 6396980.263 6225937.794 6089103.828 5815435.905 5986477.781 6157519.527 5781226.179 6225935.388 5849641.969 6465393.058 6157516.436 1642004.275 0 0 0 0 0 0 
0 0 0 0 0 0 2155130.601 6054891.223 6431184.763 6260143.29 5439141.416 6396978.229 5781226.779 5918060.961 6465396.442 5233892.653 5541768.902 6431188.796 5849645.231 6054895.997 7081149.58 7046941.055 6807481.728 5918061.855 6020686.942 6157520.417 5781227.175 6157519.647 5849643.199 6020684.839 5781225.172 6670643.72 6260141.81 1984088.474 0 0 0 0 0 0 
0 0 0 0 0 0 2018296.939 6328558.694 6020683.567 5986475.789 5336516.097 6054893.849 6978522.266 6431187.589 5986478.182 6191729.187 5336518.204 5883853.579 6020687.48 5678603.018 6568022.775 6636439.588 5815436.681 5952270.255 6396979.897 6533813.369 6123311.585 6533812.512 5165474.389 6533811.364 6020684.212 5815432.993 5712807.007 2155130.649 0 0 0 0 0 0 
0 0 0 0 0 0 1949880.044 6533809.126 6089100.352 6499602.261 6054893.288 5883851.536 6054894.267 5918060.902 7389024.464 6260146.014 6396980.033 5986478.839 6568022.646 5918062.139 6054895.92 6123312.834 5952270.422 6328563.19 6362771.448 5849644.355 5336517.348 5575976.039 6123310.633 6636436.624 6157517.881 5165472.768 6704851.344 1402545.295 0 0 0 0 0 0 
0 0 0 0 0 0 649959.999 6362766.968 6670643.513 6602227.391 5644391.813 5883851.429 6020685.718 6568021.121 6704855.404 6191729.001 5952269.995 6089104.081 6225938.015 5473352.168 6191729.592 6944315.446 5473351.946 7594275.645 6362771.229 6568021.518 5918060.766 6465395.361 5883851.394 6328560.582 6807477.968 5849641.282 5815432.045 376292.6206 0 0 0 0 0 0 
0 0 0 0 0 0 0 5165471.914 6191725.325 5952267.023 5952267.623 6294352.64 5747017.963 5678601.54 6362770.74 5883852.769 6328562.924 6225937.635 5404935.045 6054895.65 6054895.731 6089104.015 5712810.961 6089103.794 6089103.553 6123311.575 6910105.484 6054893.912 5849642.731 5610183.314 5233889.979 6191725.295 5097055.083 0 0 0 0 0 0 0 
0 0 0 0 0 0 0 3215591.793 5712807.112 6773269.134 6123309.469 6431186.06 6396978.097 5883851.955 6944313.971 6704855.237 5268100.728 6465396.495 6089103.781 5849644.714 5268101.108 6910106.519 6328562.772 6465396.328 5404934.377 6089102.917 6670646.084 6020685.252 7081146.204 5712808.399 6294351.022 5986474.564 4070802.326 0 0 0 0 0 0 0 
0 0 0 0 0 0 0 957835.7864 5815432.227 6944310.876 7183770.56 6636436.301 6465394.642 5644392.492 5712809.669 6294353.53 5986477.727 6704855.257 5644393.69 6636438.567 5507559.887 6362771.053 5849644.13 5712810.32 6191728.196 5404933.761 6636437.401 5507558.395 5918059.158 6225934.566 5781224.321 5986474.277 1060461.102 0 0 0 0 0 0 0 
0 0 0 0 0 0 0 0 4618137.142 6431184.11 5918058.3 5268098.515 6568019.554 6670645.401 5370725.12 6191727.949 6636437.906 5815435.424 6089103.019 6294353.628 5268100.504 5849644.04 6123311.396 6089102.814 6362770.246 5952268.426 5918059.738 6260143.637 6123309.229 6739060.554 5439139.691 3694509.765 0 0 0 0 0 0 0 0 
0 0 0 0 0 0 0 0 684168.51 5610181.387 5336514.717 6978519.732 5918058.799 5849642.355 6089101.876 5747017.819 5747017.968 6054894.098 5952268.946 6260145.008 6157519.673 6499603.995 6294353.094 6294352.954 6020685.327 6704853.787 5439141.184 5815433.736 6773269.134 5165472.591 6089099.448 376292.6481 0 0 0 0 0 0 0 0 
0 0 0 0 0 0 0 0 0 1607795.777 6396975.441 5131264.222 5781224.64 6704852.497 5644391.536 5507558.227 6944312.765 6054893.619 7389022.835 5678601.061 5473350.474 6328561.267 6054893.616 6260144.051 5952268.051 6260143.636 6157517.859 6602227.189 6054891.763 6054890.872 1744629.575 0 0 0 0 0 0 0 0 0 
0 0 0 0 0 0 0 0 0 0 2326172.72 5952265.761 6396976.031 5678599.491 6602227.171 6670644.425 6123309.662 6602228.162 6260143.709 5610183.74 5986476.472 6431186.072 5439141.039 6054892.9 6568019.232 6020684.229 5918058.329 5507556.549 6123308.159 2086713.762 0 0 0 0 0 0 0 0 0 0 
0 0 0 0 0 0 0 0 0 0 0 1881463.255 4891804.668 6020682.988 6191725.289 6465393.344 6157517.604 5815433.303 5507557.682 5952267.328 5541766.073 5918058.871 6294351.765 6020683.852 5986475.168 5678599.14 6944310.398 6123307.92 1676212.542 0 0 0 0 0 0 0 0 0 0 0 
0 0 0 0 0 0 0 0 0 0 0 0 649960.0497 4241844.602 6020682.774 6054891.288 6260142.365 6465392.812 6978519.448 6294351.034 5747016.151 6841685.857 6020683.512 6260142.342 5815432.409 6568017.466 3557676.06 649959.9982 0 0 0 0 0 0 0 0 0 0 0 0 
0 0 0 0 0 0 0 0 0 0 0 0 0 0 855210.6267 2805090.655 5712806.91 5439139.23 5952265.956 6123308.373 6191724.939 6362766.826 5918057.166 4994429.666 4105010.658 1163086.309 0 0 0 0 0 0 0 0 0 0 0 0 0 0 
0 0 0 0 0 0 0 0 0 0 0 0 0 0 0 0 0 649959.944 1607795.847 2052505.369 1949880.094 1642004.401 786793.7008 0 0 0 0 0 0 0 0 0 0 0 0 0 0 0 0 0 
0 0 0 0 0 0 0 0 0 0 0 0 0 0 0 0 0 0 0 0 0 0 0 0 0 0 0 0 0 0 0 0 0 0 0 0 0 0 0 0 
0 0 0 0 0 0 0 0 0 0 0 0 0 0 0 0 0 0 0 0 0 0 0 0 0 0 0 0 0 0 0 0 0 0 0 0 0 0 0 0 
0 0 0 0 0 0 0 0 0 0 0 0 0 0 0 0 0 0 0 0 0 0 0 0 0 0 0 0 0 0 0 0 0 0 0 0 0 0 0 0 
0 0 0 0 0 0 0 0 0 0 0 0 0 0 0 0 0 0 0 0 0 0 0 0 0 0 0 0 0 0 0 0 0 0 0 0 0 0 0 0 
0 0 0 0 0 0 0 0 0 0 0 0 0 0 0 0 0 0 0 0 0 0 0 0 0 0 0 0 0 0 0 0 0 0 0 0 0 0 0 0 
0 0 0 0 0 0 0 0 0 0 0 0 0 0 0 0 0 0 0 0 0 0 0 0 0 0 0 0 0 0 0 0 0 0 0 0 0 0 0 0 
# Errors [psd_source/PSD_source.dat] I_err:
0 0 0 0 0 0 0 0 0 0 0 0 0 0 0 0 0 0 0 0 0 0 0 0 0 0 0 0 0 0 0 0 0 0 0 0 0 0 0 0 
0 0 0 0 0 0 0 0 0 0 0 0 0 0 0 0 0 0 0 0 0 0 0 0 0 0 0 0 0 0 0 0 0 0 0 0 0 0 0 0 
0 0 0 0 0 0 0 0 0 0 0 0 0 0 0 0 0 0 0 0 0 0 0 0 0 0 0 0 0 0 0 0 0 0 0 0 0 0 0 0 
0 0 0 0 0 0 0 0 0 0 0 0 0 0 0 0 0 0 0 0 0 0 0 0 0 0 0 0 0 0 0 0 0 0 0 0 0 0 0 0 
0 0 0 0 0 0 0 0 0 0 0 0 0 0 0 0 0 0 0 0 0 0 0 0 0 0 0 0 0 0 0 0 0 0 0 0 0 0 0 0 
0 0 0 0 0 0 0 0 0 0 0 0 0 0 0 0 0 0 0 0 0 0 0 0 0 0 0 0 0 0 0 0 0 0 0 0 0 0 0 0 
0 0 0 0 0 0 0 0 0 0 0 0 0 0 0 0 0 152984.7019 237002.9089 282089.9046 275797.1177 205250.5195 132488.6411 0 0 0 0 0 0 0 0 0 0 0 0 0 0 0 0 0 
0 0 0 0 0 0 0 0 0 0 0 0 0 0 171042.0926 365246.0205 435402.1538 471530.602 439415.1918 467793.1809 446023.3146 481355.2258 446023.2578 423134.8108 357146.4235 177752.1647 0 0 0 0 0 0 0 0 0 0 0 0 0 0 
0 0 0 0 0 0 0 0 0 0 0 0 141044.9427 368436.0134 427263.0937 462763.0003 436743.9928 477694.7196 423134.8792 453826.1042 464025.721 458954.2251 435402.2046 475238.6593 477694.6781 457677.5196 345488.1382 136833.6734 0 0 0 0 0 0 0 0 0 0 0 0 
0 0 0 0 0 0 0 0 0 0 0 262759.8786 443391.8606 435402.1755 442070.3197 447333.2674 446023.3794 456397.3981 480138.237 432706.2415 482569.332 436744.0431 448639.3844 447333.2829 449941.6464 455113.5214 464025.6535 460227.2907 264977.2983 0 0 0 0 0 0 0 0 0 0 0 
0 0 0 0 0 0 0 0 0 0 264977.2967 434056.2412 465284.8976 434056.3132 425891.5446 453826.139 439415.3051 457677.6809 444709.6632 486193.2334 439415.3207 467793.3275 466540.8637 478918.0732 455113.6072 453826.1115 489790.1681 460227.3195 483780.1736 260523.5838 0 0 0 0 0 0 0 0 0 0 
0 0 0 0 0 0 0 0 0 244297.0212 475238.5868 443391.8844 447333.27 471530.6959 452535.0496 462763.1402 447333.3569 460227.4796 460227.4771 453826.249 439415.3613 446023.4693 498082.3903 448639.4533 400399.4786 427263.1949 482569.3127 481355.2811 471530.6251 461496.8715 253696.4458 0 0 0 0 0 0 0 0 0 
0 0 0 0 0 0 0 0 145134.0401 409073.2468 455113.527 460227.3624 467793.2804 466540.8552 461497.0619 425891.633 449941.7686 424515.5888 472770.0765 490983.5278 456397.5346 456397.5409 471530.8173 449941.7861 452535.1109 420360.3081 442070.4079 460227.3819 469042.3582 442070.3142 440744.701 136833.6947 0 0 0 0 0 0 0 0 
0 0 0 0 0 0 0 0 374734.4947 480138.1508 461496.9481 458954.2874 469042.4209 432706.2977 434056.4422 470288.3016 474006.0854 487395.3038 461497.1489 462763.2558 469042.5646 490983.5428 482569.4766 472770.0832 439415.3791 431352.0131 448639.4611 472769.9801 444709.6176 448639.3419 458954.2037 379389.7625 0 0 0 0 0 0 0 0 
0 0 0 0 0 0 0 160451.7308 432706.1414 432706.1933 480138.2177 457677.6557 442070.4393 443392.0598 453826.2679 461497.1255 460227.5572 460227.5621 470288.3864 480138.4294 458954.4772 465285.1721 470288.3816 449941.8377 467793.4227 423135.0561 452535.1273 456397.486 425891.5865 414755.181 461496.9285 474005.833 181013.9651 0 0 0 0 0 0 0 
0 0 0 0 0 0 0 322721.6098 486193.0813 458954.2481 458954.3019 440744.868 451240.3039 442070.4923 467793.429 465285.1585 421750.0584 471530.9032 451240.4191 456397.6246 420360.4461 442070.5744 471530.9115 469042.5886 487395.3219 469042.5436 467793.3975 461497.0712 466540.8681 457677.6478 470288.1572 455113.5043 347177.5719 0 0 0 0 0 0 0 
0 0 0 0 0 0 0 418965.907 462763.0273 461496.9707 416163.5678 474006.0084 472770.0431 472770.0851 452535.1869 489790.4134 417567.3211 470288.4182 452535.2509 442070.5952 442070.5932 449941.8972 410501.3896 427263.3776 486193.3752 460227.5528 447333.4299 469042.5036 418966.081 424515.5066 442070.3585 496906.1049 420360.1397 0 0 0 0 0 0 0 
0 0 0 0 0 0 127996.1999 489790.095 466540.7628 451240.215 455113.6307 467793.3612 490983.4994 451240.3701 466541.0023 452535.2267 455113.8121 472770.1813 453826.3822 458954.5308 465285.2379 471530.9503 448639.617 492173.8758 429993.5152 464025.9344 455113.7415 455113.7115 462763.1796 474005.9891 460227.3878 472769.8911 444709.5137 136833.6855 0 0 0 0 0 0 
0 0 0 0 0 0 241890.076 434056.2549 449941.6378 482569.3318 435402.3088 462763.1872 442070.4989 434056.5006 458954.471 472770.1588 478918.292 460227.6317 471530.9603 438081.9337 457677.8875 446023.6356 467793.5264 461497.2135 456397.6276 446023.5734 452535.184 458954.4079 444709.7061 461497.0352 447333.3017 470288.1442 458954.1774 237002.9025 0 0 0 0 0 0 
0 0 0 0 0 0 271520.9339 455113.4938 469042.3554 462763.1079 431351.9725 467793.3777 444709.7522 449941.843 470288.3903 423135.142 435402.4856 469042.6495 447333.5512 455113.8526 492173.9185 490983.6483 482569.585 449941.9109 453826.3538 458954.4742 444709.7827 458954.4168 447333.3958 453826.1953 444709.6286 477694.7187 462762.9985 260523.5801 0 0 0 0 0 0 
0 0 0 0 0 0 262759.8805 465284.8888 453826.0994 452535.0333 427263.2352 455113.6912 488594.2872 469042.5615 452535.2142 460227.606 427263.4039 448639.6294 453826.3943 440745.0718 474006.2146 476468.5946 446023.6329 451240.4435 467793.4996 472770.1429 457677.7963 472770.0809 420360.3442 472769.9979 453826.148 446023.35 442070.2785 271520.94 0 0 0 0 0 0 
0 0 0 0 0 0 258267.921 472769.836 456397.3672 471530.7076 455113.649 448639.4736 455113.7226 449941.8385 502759.4343 462763.3093 467793.5096 452535.2639 474006.2053 449941.9326 455113.8468 457677.8896 451240.4562 465285.2194 466541.0382 447333.4842 427263.3353 436744.1502 457677.7251 476468.3819 458954.2852 420360.2123 478917.9531 219040.775 0 0 0 0 0 0 
0 0 0 0 0 0 149111.0501 466540.7097 477694.7039 475238.7266 439415.3067 448639.4655 453826.2615 474006.0953 478918.2432 460227.5922 451240.4238 456397.6466 461497.23 432706.4822 460227.6361 487395.3949 432706.4647 509694.4084 466541.0221 474006.1239 449941.8281 470288.3117 448639.4628 465285.0276 482569.3185 447333.2492 446023.2773 113456.494 0 0 0 0 0 0 
0 0 0 0 0 0 0 420360.1428 460227.319 451240.1985 451240.244 464025.833 443392.062 440744.9571 466540.9863 448639.5677 465285.1998 461497.2017 429993.5445 455113.8265 455113.8326 456397.6416 442070.5844 456397.6251 456397.6071 457677.7955 486193.3252 455113.6959 447333.36 438081.7165 423134.9258 460227.3167 417567.0225 0 0 0 0 0 0 0 
0 0 0 0 0 0 0 331662.9695 442070.2866 481355.2771 457677.6381 469042.45 467793.368 448639.5056 487395.2914 478918.2312 424515.6544 470288.3942 456397.6242 447333.5116 424515.685 486193.3981 465285.1887 470288.3821 429993.4914 456397.5594 477694.888 453826.2264 492173.6839 442070.3863 464025.7137 452534.9408 373169.8374 0 0 0 0 0 0 0 
0 0 0 0 0 0 0 181013.9491 446023.2913 487395.0742 495727.265 476468.3587 470288.2594 439415.3596 442070.4845 464025.8986 452535.1798 478918.2326 439415.4528 476468.5214 434056.526 466541.0092 447333.467 442070.5349 460227.5324 429993.4424 476468.4376 434056.4084 449941.7059 461496.9743 444709.5631 452534.9191 190464.4364 0 0 0 0 0 0 0 
0 0 0 0 0 0 0 0 397465.9609 469042.3078 449941.6407 424515.476 474005.9822 477694.8391 428630.5278 460227.514 476468.4739 446023.5365 456397.567 464025.9058 424515.6363 447333.4601 457677.7821 456397.5517 466540.9501 451240.3049 449941.75 462763.1336 457677.6202 480138.1842 431351.8357 355504.3679 0 0 0 0 0 0 0 0 
0 0 0 0 0 0 0 0 152984.7296 438081.566 427263.1247 488594.1098 449941.6786 447333.3313 456397.4814 443392.0509 443392.0623 455113.7099 451240.3442 462763.2349 458954.4187 471530.8333 464025.8665 464025.8561 453826.232 478918.1276 431351.9541 446023.407 481355.2771 420360.1979 456397.2993 113456.5023 0 0 0 0 0 0 0 0 
0 0 0 0 0 0 0 0 0 234521.1173 467793.1738 418965.9693 444709.5877 478918.0355 439415.2852 434056.3951 487395.2068 455113.6738 502759.3235 440744.9198 432706.3482 465285.078 455113.6736 462763.1642 451240.2764 462763.1335 458954.2835 475238.7121 455113.5344 455113.4674 244297.0048 0 0 0 0 0 0 0 0 0 
0 0 0 0 0 0 0 0 0 0 282089.8773 451240.1028 467793.2169 440744.798 475238.7108 477694.7692 457677.6525 475238.7821 462763.1389 438081.7498 452535.085 469042.4509 431351.9426 455113.6199 474005.959 453826.1493 449941.6429 434056.2629 457677.5402 267176.3194 0 0 0 0 0 0 0 0 0 0 
0 0 0 0 0 0 0 0 0 0 0 253696.4536 409073.2568 453826.0558 460227.3163 470288.165 458954.2645 446023.3738 434056.3522 451240.2216 435402.2633 449941.6841 464025.7685 453826.1209 452534.9864 440744.7708 487395.0406 457677.5223 239458.9346 0 0 0 0 0 0 0 0 0 0 0 
0 0 0 0 0 0 0 0 0 0 0 0 149111.0618 380928.8904 453826.0397 455113.4987 462763.0395 470288.1264 488594.0899 464025.7146 443391.9222 483780.2464 453826.0952 462763.0378 446023.3053 474005.8315 348858.8394 149111.05 0 0 0 0 0 0 0 0 0 0 0 0 
0 0 0 0 0 0 0 0 0 0 0 0 0 0 171042.1253 309770.4418 442070.271 431351.7991 451240.1176 457677.5562 460227.2903 466540.6993 449941.5545 413341.9402 374734.4894 199467.6564 0 0 0 0 0 0 0 0 0 0 0 0 0 0 
0 0 0 0 0 0 0 0 0 0 0 0 0 0 0 0 0 149111.0375 234521.1276 264977.3038 258267.9277 237002.9207 164057.8275 0 0 0 0 0 0 0 0 0 0 0 0 0 0 0 0 0 
0 0 0 0 0 0 0 0 0 0 0 0 0 0 0 0 0 0 0 0 0 0 0 0 0 0 0 0 0 0 0 0 0 0 0 0 0 0 0 0 
0 0 0 0 0 0 0 0 0 0 0 0 0 0 0 0 0 0 0 0 0 0 0 0 0 0 0 0 0 0 0 0 0 0 0 0 0 0 0 0 
0 0 0 0 0 0 0 0 0 0 0 0 0 0 0 0 0 0 0 0 0 0 0 0 0 0 0 0 0 0 0 0 0 0 0 0 0 0 0 0 
0 0 0 0 0 0 0 0 0 0 0 0 0 0 0 0 0 0 0 0 0 0 0 0 0 0 0 0 0 0 0 0 0 0 0 0 0 0 0 0 
0 0 0 0 0 0 0 0 0 0 0 0 0 0 0 0 0 0 0 0 0 0 0 0 0 0 0 0 0 0 0 0 0 0 0 0 0 0 0 0 
0 0 0 0 0 0 0 0 0 0 0 0 0 0 0 0 0 0 0 0 0 0 0 0 0 0 0 0 0 0 0 0 0 0 0 0 0 0 0 0 
# Events [psd_source/PSD_source.dat] N:
0 0 0 0 0 0 0 0 0 0 0 0 0 0 0 0 0 0 0 0 0 0 0 0 0 0 0 0 0 0 0 0 0 0 0 0 0 0 0 0 
0 0 0 0 0 0 0 0 0 0 0 0 0 0 0 0 0 0 0 0 0 0 0 0 0 0 0 0 0 0 0 0 0 0 0 0 0 0 0 0 
0 0 0 0 0 0 0 0 0 0 0 0 0 0 0 0 0 0 0 0 0 0 0 0 0 0 0 0 0 0 0 0 0 0 0 0 0 0 0 0 
0 0 0 0 0 0 0 0 0 0 0 0 0 0 0 0 0 0 0 0 0 0 0 0 0 0 0 0 0 0 0 0 0 0 0 0 0 0 0 0 
0 0 0 0 0 0 0 0 0 0 0 0 0 0 0 0 0 0 0 0 0 0 0 0 0 0 0 0 0 0 0 0 0 0 0 0 0 0 0 0 
0 0 0 0 0 0 0 0 0 0 0 0 0 0 0 0 0 0 0 0 0 0 0 0 0 0 0 0 0 0 0 0 0 0 0 0 0 0 0 0 
0 0 0 0 0 0 0 0 0 0 0 0 0 0 0 0 0 20 48 68 65 36 15 0 0 0 0 0 0 0 0 0 0 0 0 0 0 0 0 0 
0 0 0 0 0 0 0 0 0 0 0 0 0 0 25 114 162 190 165 187 170 198 170 153 109 27 0 0 0 0 0 0 0 0 0 0 0 0 0 0 
0 0 0 0 0 0 0 0 0 0 0 0 17 116 156 183 163 195 153 176 184 180 162 193 195 179 102 16 0 0 0 0 0 0 0 0 0 0 0 0 
0 0 0 0 0 0 0 0 0 0 0 59 168 162 167 171 170 178 197 160 199 163 172 171 173 177 184 181 60 0 0 0 0 0 0 0 0 0 0 0 
0 0 0 0 0 0 0 0 0 0 60 161 185 161 155 176 165 179 169 202 165 187 186 196 177 176 205 181 200 58 0 0 0 0 0 0 0 0 0 0 
0 0 0 0 0 0 0 0 0 51 193 168 171 190 175 183 171 181 181 176 165 170 212 172 137 156 199 198 190 182 55 0 0 0 0 0 0 0 0 0 
0 0 0 0 0 0 0 0 18 143 177 181 187 186 182 155 173 154 191 206 178 178 190 173 175 151 167 181 188 167 166 16 0 0 0 0 0 0 0 0 
0 0 0 0 0 0 0 0 120 197 182 180 188 160 161 189 192 203 182 183 188 206 199 191 165 159 172 191 169 172 180 123 0 0 0 0 0 0 0 0 
0 0 0 0 0 0 0 22 160 160 197 179 167 168 176 182 181 181 189 197 180 185 189 173 187 153 175 178 155 147 182 192 28 0 0 0 0 0 0 0 
0 0 0 0 0 0 0 89 202 180 180 166 174 167 187 185 152 190 174 178 151 167 190 188 203 188 187 182 186 179 189 177 103 0 0 0 0 0 0 0 
0 0 0 0 0 0 0 150 183 182 148 192 191 191 175 205 149 189 175 167 167 173 144 156 202 181 171 188 150 154 167 211 151 0 0 0 0 0 0 0 
0 0 0 0 0 0 14 205 186 174 177 187 206 174 186 175 177 191 176 180 185 190 172 207 158 184 177 177 183 192 181 191 169 16 0 0 0 0 0 0 
0 0 0 0 0 0 50 161 173 199 162 183 167 161 180 191 196 181 190 164 179 170 187 182 178 170 175 180 169 182 171 189 180 48 0 0 0 0 0 0 
0 0 0 0 0 0 63 177 188 183 159 187 169 173 189 153 162 188 171 177 207 206 199 173 176 180 169 180 171 176 169 195 183 58 0 0 0 0 0 0 
0 0 0 0 0 0 59 185 176 175 156 177 204 188 175 181 156 172 176 166 192 194 170 174 187 191 179 191 151 191 176 170 167 63 0 0 0 0 0 0 
0 0 0 0 0 0 57 191 178 190 177 172 177 173 216 183 187 175 192 173 177 179 174 185 186 171 156 163 179 194 180 151 196 41 0 0 0 0 0 0 
0 0 0 0 0 0 19 186 195 193 165 172 176 192 196 181 174 178 182 160 181 203 160 222 186 192 173 189 172 185 199 171 170 11 0 0 0 0 0 0 
0 0 0 0 0 0 0 151 181 174 174 184 168 166 186 172 185 182 158 177 177 178 167 178 178 179 202 177 171 164 153 181 149 0 0 0 0 0 0 0 
0 0 0 0 0 0 0 94 167 198 179 188 187 172 203 196 154 189 178 171 154 202 185 189 158 178 195 176 207 167 184 175 119 0 0 0 0 0 0 0 
0 0 0 0 0 0 0 28 170 203 210 194 189 165 167 184 175 196 165 194 161 186 171 167 181 158 194 161 173 182 169 175 31 0 0 0 0 0 0 0 
0 0 0 0 0 0 0 0 135 188 173 154 192 195 157 181 194 170 178 184 154 171 179 178 186 174 173 183 179 197 159 108 0 0 0 0 0 0 0 0 
0 0 0 0 0 0 0 0 20 164 156 204 173 171 178 168 168 177 174 183 180 190 184 184 176 196 159 170 198 151 178 11 0 0 0 0 0 0 0 0 
0 0 0 0 0 0 0 0 0 47 187 150 169 196 165 161 203 177 216 166 160 185 177 183 174 183 180 193 177 177 51 0 0 0 0 0 0 0 0 0 
0 0 0 0 0 0 0 0 0 0 68 174 187 166 193 195 179 193 183 164 175 188 159 177 192 176 173 161 179 61 0 0 0 0 0 0 0 0 0 0 
0 0 0 0 0 0 0 0 0 0 0 55 143 176 181 189 180 170 161 174 162 173 184 176 175 166 203 179 49 0 0 0 0 0 0 0 0 0 0 0 
0 0 0 0 0 0 0 0 0 0 0 0 19 124 176 177 183 189 204 184 168 200 176 183 170 192 104 19 0 0 0 0 0 0 0 0 0 0 0 0 
0 0 0 0 0 0 0 0 0 0 0 0 0 0 25 82 167 159 174 179 181 186 173 146 120 34 0 0 0 0 0 0 0 0 0 0 0 0 0 0 
0 0 0 0 0 0 0 0 0 0 0 0 0 0 0 0 0 19 47 60 57 48 23 0 0 0 0 0 0 0 0 0 0 0 0 0 0 0 0 0 
0 0 0 0 0 0 0 0 0 0 0 0 0 0 0 0 0 0 0 0 0 0 0 0 0 0 0 0 0 0 0 0 0 0 0 0 0 0 0 0 
0 0 0 0 0 0 0 0 0 0 0 0 0 0 0 0 0 0 0 0 0 0 0 0 0 0 0 0 0 0 0 0 0 0 0 0 0 0 0 0 
0 0 0 0 0 0 0 0 0 0 0 0 0 0 0 0 0 0 0 0 0 0 0 0 0 0 0 0 0 0 0 0 0 0 0 0 0 0 0 0 
0 0 0 0 0 0 0 0 0 0 0 0 0 0 0 0 0 0 0 0 0 0 0 0 0 0 0 0 0 0 0 0 0 0 0 0 0 0 0 0 
0 0 0 0 0 0 0 0 0 0 0 0 0 0 0 0 0 0 0 0 0 0 0 0 0 0 0 0 0 0 0 0 0 0 0 0 0 0 0 0 
0 0 0 0 0 0 0 0 0 0 0 0 0 0 0 0 0 0 0 0 0 0 0 0 0 0 0 0 0 0 0 0 0 0 0 0 0 0 0 0 
