# Format: McCode with text headers
# URL: http://www.mccode.org
# Creator: McStas 2.5 - Dec. 12, 2018
# Instrument: ESS_HEIMDAL.instr
# Ncount: 250000
# Trace: no
# Gravitation: no
# Seed: 1565866301
# Directory: TauScan/11
# Nodes: 4
# Param: lmax=4
# Param: lmin=0.5
# Param: T=200
# Param: tau=110
# Param: use_CoFe2O4=1
# Param: use_CoFe=1
# Param: use_magn=1
# Date: Wed Aug 14 15:24:19 2019 (1565789059)
# type: array_2d(40, 40)
# Source: ESS_HEIMDAL (ESS_HEIMDAL.instr)
# component: psd_source
# position: 0 0 0.01
# title: PSD monitor
# Ncount: 1000000
# filename: PSD_source.dat
# statistics: X0=0.00183975; dX=5.00268; Y0=-0.005637; dY=5.00448;
# signal: Min=0; Max=6.55434e+06; Mean=2.13803e+06;
# values: 3.42084e+09 3.42084e+06 1e+06
# xvar: X 
# yvar: Y 
# xlabel: X position [cm]
# ylabel: Y position [cm]
# zvar: I
# zlabel: Signal per bin
# xylimits: -15 15 -15 15
# variables: I I_err N
# Data [psd_source/PSD_source.dat] I:
0 0 0 0 0 0 0 0 0 0 0 0 0 0 0 0 0 0 0 0 0 0 0 0 0 0 0 0 0 0 0 0 0 0 0 0 0 0 0 0 
0 0 0 0 0 0 0 0 0 0 0 0 0 0 0 0 0 0 0 0 0 0 0 0 0 0 0 0 0 0 0 0 0 0 0 0 0 0 0 0 
0 0 0 0 0 0 0 0 0 0 0 0 0 0 0 0 0 0 0 0 0 0 0 0 0 0 0 0 0 0 0 0 0 0 0 0 0 0 0 0 
0 0 0 0 0 0 0 0 0 0 0 0 0 0 0 0 0 0 0 0 0 0 0 0 0 0 0 0 0 0 0 0 0 0 0 0 0 0 0 0 
0 0 0 0 0 0 0 0 0 0 0 0 0 0 0 0 0 0 0 0 0 0 0 0 0 0 0 0 0 0 0 0 0 0 0 0 0 0 0 0 
0 0 0 0 0 0 0 0 0 0 0 0 0 0 0 0 0 0 0 0 0 0 0 0 0 0 0 0 0 0 0 0 0 0 0 0 0 0 0 0 
0 0 0 0 0 0 0 0 0 0 0 0 0 0 0 0 0 588384.8524 1484645.522 1997771.869 1984088.481 1590691.658 519968.0205 0 0 0 0 0 0 0 0 0 0 0 0 0 0 0 0 0 
0 0 0 0 0 0 0 0 0 0 0 0 0 0 889418.9712 3478996.583 5456243.584 6051470.17 6208829.151 5897532.506 6147254.017 6092520.493 6277245.806 5425456.034 3441367.324 937310.7476 0 0 0 0 0 0 0 0 0 0 0 0 0 0 
0 0 0 0 0 0 0 0 0 0 0 0 492601.2735 3930547.836 6311454.382 6260142.008 6143833.556 6434605.411 6273825.896 6171200.655 6099362.926 6126729.704 6027525.075 6130150.208 6273825.276 5883848.939 3981860.379 584964.0074 0 0 0 0 0 0 0 0 0 0 0 0 
0 0 0 0 0 0 0 0 0 0 0 1580429.122 5654652.391 6051470.547 6034366.72 5928320.837 6027525.522 5996738.159 6113046.97 5942004.869 6095942.775 6325139.182 6256722.163 6071996.508 6178042.403 6027524.992 6113045.676 5473347.794 1724104.497 0 0 0 0 0 0 0 0 0 0 0 
0 0 0 0 0 0 0 0 0 0 2380906.217 5952265.757 6266983.8 6178042.37 6068575.812 6123309.538 6362768.862 5907796.825 6150676.85 6225935.446 6373031.737 6195147.795 5945426.115 5808592.187 6078838.503 6024104.746 5938583.322 5942003.764 6085678.661 2274860.055 0 0 0 0 0 0 0 0 0 0 
0 0 0 0 0 0 0 0 0 1659108.488 6092520.36 5750436.575 6051471.287 6181463.712 6048051.216 6342244.064 6037789.229 6116468.816 6157519.048 6219094.353 6277248.708 6085681.28 6157518.92 6051472.584 6041209.836 6010421.975 6256722.275 5918058.407 6198567.055 6017261.799 1789100.492 0 0 0 0 0 0 0 0 0 
0 0 0 0 0 0 0 0 602068.2198 5418614.333 6270404.654 6256721.858 6342243.433 6013842.901 5935163.878 6424344.832 6410661.668 5866747.677 5866747.77 6013844.238 6017265.018 6119890.283 6335403.394 6157519.246 6222515.021 6260144.007 6239618.571 6400397.805 6284088.596 6212250.342 5617023.232 564438.9538 0 0 0 0 0 0 0 0 
0 0 0 0 0 0 0 0 3810818.33 6246458.576 6000158.489 6294351.589 6123309.9 6109626.946 5989897.798 5976214.733 5942006.513 6225936.797 6041211.324 6195149.371 6273828.798 6205411.863 6068577.922 6414083.041 6123311.005 6140414.975 6092522.775 5959109.447 6068575.929 6061733.705 6284087.815 3879235.174 0 0 0 0 0 0 0 0 
0 0 0 0 0 0 0 923627.4018 5849640.556 6232775.58 6308034.743 5931742.579 6284089.894 6188306.716 6109627.671 6434608.198 5887273.302 6071999.111 6024107.414 6219095.62 6143837.064 6243041.464 5983057.218 6420925.103 6342245.38 5983056.458 6167781.65 5959109.756 6229355.933 6130150.933 6102783.563 6000157.598 892839.8319 0 0 0 0 0 0 0 
0 0 0 0 0 0 0 3362687.997 6041208.028 6215671.666 6116467.856 6229356.24 6167781.578 6054894.126 6297774.437 6041211.414 6071999.265 6325141.934 6373033.892 6000161.877 6054895.377 5955690.851 6263566.729 6136995.269 6099365.787 6444870.708 6109627.623 6198569.147 5897534.419 5924900.654 6099363.055 6126729.117 3325058.686 0 0 0 0 0 0 0 
0 0 0 0 0 0 0 5384405.852 6027524.913 5883850.147 6225935.084 5948847.306 6355928.217 6143836.325 6140415.809 6007003.194 6167783.155 6325142.221 6246462.902 6191729.435 6444871.977 6024107.999 6150679.102 5962532.446 5938586.314 6160940.92 6270407.553 5849643.284 6150677.063 6061734.615 6054892.301 6335400.726 5493872.791 0 0 0 0 0 0 0 
0 0 0 0 0 0 605489.0751 6188303.917 6130150.379 6102784.314 6102784.885 6260144.242 6126731.864 6225936.751 6266987.261 6376454.632 6386717.412 6044633.075 5969374.618 6366192.753 6123312.709 6355930.119 6000162.108 6140416.603 6198570.668 5921481.968 6000161.026 5716230.55 6041210.254 6034368.039 6485918.736 5942004.024 5962528.337 581543.1763 0 0 0 0 0 0 
0 0 0 0 0 0 1453857.942 5945424.257 5989895.929 5952267.3 6290931.408 5986476.876 6003581.565 6215674.345 6013844.895 6130153.908 6136995.855 5842803.355 6554339.262 6044633.394 6092525.234 6448293.062 6089104.213 6246462.887 6249883.483 5921482.091 6154099.17 6020685.813 6243040.19 6030947.31 6119888.637 6102783.76 6195145.76 1566745.741 0 0 0 0 0 0 
0 0 0 0 0 0 1966984.29 5849640.715 6119888.032 6106205.314 6178043.638 6140414.907 6048052.626 5801752.238 6113049.445 6366192.272 6136995.903 5989899.761 6318301.017 6075421.071 6089104.443 5969374.808 6260146.511 6109629.163 6499605.229 6126732.827 6284091.301 5918060.519 6099364.792 6284089.779 6154097.114 6113046.328 5938582.628 2031980.292 0 0 0 0 0 0 
0 0 0 0 0 0 2131184.717 6215670.872 6174621.494 6181463.878 5914638.679 6191727.582 6229357.356 6013844.59 6007003.262 6095945.523 6106208.313 6089104.266 6352509.466 6089104.45 5952270.638 6396980.447 6082262.574 6198571.123 6263566.926 6157520.416 6030948.81 6157519.628 6188306.736 5972792.999 6099363.646 6041208.616 5959107.657 1922513.347 0 0 0 0 0 0 
0 0 0 0 0 0 1556483.219 6164358.206 5976212.544 6174622.129 5983055.497 6253302.7 6239619.809 6027527.92 6342245.965 6133574.759 6256725.435 6345667.587 6321721.8 6260146.632 6095946.082 6068579.249 6058316.592 6376455.013 6219095.887 5983057.296 6133574.087 5945427.231 6359348.862 5952267.888 6136992.855 6044629.4 6054891.207 1457278.786 0 0 0 0 0 0 
0 0 0 0 0 0 547334.7517 6044628.556 6143833.725 6167780.307 6143834.995 6345665.368 6027527.366 6256724.364 6075419.955 5805173.546 6181466.701 5812015.64 6171204.492 5870170.184 6058316.649 6000162.228 6051474.798 6048053.762 6167783.085 6136995.183 5935165.004 6201990.421 6071997.874 5993317.892 6174622.017 6232775.639 6284087.55 622593.2796 0 0 0 0 0 0 
0 0 0 0 0 0 0 5134684.381 6041208.301 6126729.986 6178043.252 6219093.986 6164360.956 6099365.342 6140415.848 6184887.116 6113049.628 6078841.377 6095945.691 5938586.883 5911220.164 6065158.108 5897536.607 6157520.617 6034369.951 6136994.983 6106207.014 6345665.693 6095943.57 6013842.798 6328559.756 6229354.597 5172313.618 0 0 0 0 0 0 0 
0 0 0 0 0 0 0 3355846.271 5976211.998 6010421.098 6181463.902 5996738.857 6116468.898 6229357.186 6181465.727 6041211.4 6000161.492 6099366.204 6243041.796 6229358.44 5983057.647 6215675.026 6154099.709 6044632.497 6287512.203 6061736.171 5996739.768 6099364.674 6109626.686 6215672.293 6147254.813 6321717.149 3468734.07 0 0 0 0 0 0 0 
0 0 0 0 0 0 0 889418.9653 6058311.947 6058312.565 6147255.113 6065155.488 6136993.614 6061735.514 6438028.72 5921481.524 5965952.726 6051474.036 6143836.965 6089103.52 6181466.318 6266987.383 6020686.497 6383295.76 6030948.591 6379874.372 6222515.177 6058314.288 6287510.271 6123309.213 6167779.581 5856482.269 927048.247 0 0 0 0 0 0 0 
0 0 0 0 0 0 0 0 3677405.494 6342242.23 6051471.093 6041209.173 6222514.3 6284090.001 6130152.359 5914639.562 5962531.533 6249882.678 6133574.088 6140415.779 6113049.07 6222516.029 5942006.667 5887273.049 6396978.532 6232777.7 6246460.684 5887271.696 6314876.661 6431184.779 6143833.285 4009227.183 0 0 0 0 0 0 0 0 
0 0 0 0 0 0 0 0 612330.7586 5555448.058 6099362.555 6256721.861 6136992.819 5945425.991 6136993.615 6017264.418 6143835.829 5972793.851 6243040.678 6126731.992 6215673.971 6041210.853 6058314.945 6041210.621 6041210.35 6266985.717 6044630.505 6181463.771 6376451.404 6143833.457 5664914.959 591805.6837 0 0 0 0 0 0 0 0 
0 0 0 0 0 0 0 0 0 1727525.361 6232774.9 5996737.314 6089100.61 6171201.187 6219093.44 6143835.148 6113047.859 6133573.043 5890693.345 5740176.197 5986476.985 5996739.446 6157518.965 5965951.519 5911217.838 5764121.185 6284089.075 5853062.364 5996737.315 6290929.261 1741208.706 0 0 0 0 0 0 0 0 0 
0 0 0 0 0 0 0 0 0 0 2206443.279 6215670.634 6027524.794 6160938.124 6102784.16 6109626.184 6157518.241 6078839.034 6260143.843 6075418.341 6215672.936 6342244.054 6314877.211 6140413.988 5976213.265 6013842.263 5996737.685 5993316.388 5962528.401 2100397.143 0 0 0 0 0 0 0 0 0 0 
0 0 0 0 0 0 0 0 0 0 0 1607795.852 5630706.59 6147254.216 6222513.037 6191725.752 6147255.023 5842800.171 5942004.78 6051471.761 6150676.248 6277247.459 6044630.008 6147255.035 6044629.547 6198567.154 6000157.899 5637548.192 1611216.708 0 0 0 0 0 0 0 0 0 0 0 
0 0 0 0 0 0 0 0 0 0 0 0 557597.3073 4026331.372 6277245.847 6188304.287 6123308.456 6171200.522 6082258.684 6355926.13 6390134.601 6106204.636 6006999.998 6243038.04 6113045.706 6366187.703 4046856.519 619172.4279 0 0 0 0 0 0 0 0 0 0 0 0 
0 0 0 0 0 0 0 0 0 0 0 0 0 0 971519.1769 3376371.34 5230467.939 5870165.614 5993316.119 5914636.643 5959107.7 5969370.193 5835957.067 5514397.813 3386633.831 930469.0922 0 0 0 0 0 0 0 0 0 0 0 0 0 0 
0 0 0 0 0 0 0 0 0 0 0 0 0 0 0 0 0 608909.9282 1553062.356 1932775.863 1908829.992 1570166.589 537072.2291 0 0 0 0 0 0 0 0 0 0 0 0 0 0 0 0 0 
0 0 0 0 0 0 0 0 0 0 0 0 0 0 0 0 0 0 0 0 0 0 0 0 0 0 0 0 0 0 0 0 0 0 0 0 0 0 0 0 
0 0 0 0 0 0 0 0 0 0 0 0 0 0 0 0 0 0 0 0 0 0 0 0 0 0 0 0 0 0 0 0 0 0 0 0 0 0 0 0 
0 0 0 0 0 0 0 0 0 0 0 0 0 0 0 0 0 0 0 0 0 0 0 0 0 0 0 0 0 0 0 0 0 0 0 0 0 0 0 0 
0 0 0 0 0 0 0 0 0 0 0 0 0 0 0 0 0 0 0 0 0 0 0 0 0 0 0 0 0 0 0 0 0 0 0 0 0 0 0 0 
0 0 0 0 0 0 0 0 0 0 0 0 0 0 0 0 0 0 0 0 0 0 0 0 0 0 0 0 0 0 0 0 0 0 0 0 0 0 0 0 
0 0 0 0 0 0 0 0 0 0 0 0 0 0 0 0 0 0 0 0 0 0 0 0 0 0 0 0 0 0 0 0 0 0 0 0 0 0 0 0 
# Errors [psd_source/PSD_source.dat] I_err:
0 0 0 0 0 0 0 0 0 0 0 0 0 0 0 0 0 0 0 0 0 0 0 0 0 0 0 0 0 0 0 0 0 0 0 0 0 0 0 0 
0 0 0 0 0 0 0 0 0 0 0 0 0 0 0 0 0 0 0 0 0 0 0 0 0 0 0 0 0 0 0 0 0 0 0 0 0 0 0 0 
0 0 0 0 0 0 0 0 0 0 0 0 0 0 0 0 0 0 0 0 0 0 0 0 0 0 0 0 0 0 0 0 0 0 0 0 0 0 0 0 
0 0 0 0 0 0 0 0 0 0 0 0 0 0 0 0 0 0 0 0 0 0 0 0 0 0 0 0 0 0 0 0 0 0 0 0 0 0 0 0 
0 0 0 0 0 0 0 0 0 0 0 0 0 0 0 0 0 0 0 0 0 0 0 0 0 0 0 0 0 0 0 0 0 0 0 0 0 0 0 0 
0 0 0 0 0 0 0 0 0 0 0 0 0 0 0 0 0 0 0 0 0 0 0 0 0 0 0 0 0 0 0 0 0 0 0 0 0 0 0 0 
0 0 0 0 0 0 0 0 0 0 0 0 0 0 0 0 0 44863.9244 71265.26558 82668.38813 82384.79 73766.55931 42174.97562 0 0 0 0 0 0 0 0 0 0 0 0 0 0 0 0 0 
0 0 0 0 0 0 0 0 0 0 0 0 0 0 55159.42301 109092.1562 136619.7249 143878.8574 145737.5267 142037.0725 145013.0613 144366.0384 146538.2838 136233.733 108500.5752 56625.01309 0 0 0 0 0 0 0 0 0 0 0 0 0 0 
0 0 0 0 0 0 0 0 0 0 0 0 41050.10613 115955.9589 146937.0317 146338.5138 144972.716 148363.6544 146498.3714 145295.2448 144447.0923 144770.7845 143593.9273 144811.187 146498.357 141872.1959 116710.3946 44733.31568 0 0 0 0 0 0 0 0 0 0 0 0 
0 0 0 0 0 0 0 0 0 0 0 73528.2172 139081.5384 143878.8664 143675.3981 142407.3543 143593.938 143226.747 144609.0445 142571.6232 144406.5963 147096.26 146298.5485 144122.6817 145375.7646 143593.9254 144609.0139 136833.6949 76797.71816 0 0 0 0 0 0 0 0 0 0 0 
0 0 0 0 0 0 0 0 0 0 90248.01726 142694.6495 146418.4609 145375.7638 144082.0815 144730.3787 147533.1703 142160.644 145053.4513 145938.1778 147652.1087 145576.8931 142612.6666 140961.9969 144203.862 143553.1864 142530.5608 142571.5967 144284.9531 88215.2892 0 0 0 0 0 0 0 0 0 0 
0 0 0 0 0 0 0 0 0 75336.23565 144366.0352 140254.5506 143878.884 145416.0179 143838.2299 147295.0275 143716.1563 144649.5239 145134.1158 145857.9839 146538.3515 144285.0152 145134.1128 143878.9148 143756.8577 143390.072 146298.5511 142284.0424 145617.0428 143471.6151 78231.9023 0 0 0 0 0 0 0 0 0 
0 0 0 0 0 0 0 0 45382.59962 136147.8078 146458.4171 146298.5414 147295.0128 143430.8736 142489.537 148245.3399 148087.3848 141665.9074 141665.9097 143430.9055 143471.6919 144689.9831 147215.5825 145134.1205 145898.0892 146338.5606 146098.4556 147968.7735 146618.1452 145777.6774 138618.0049 43941.51296 0 0 0 0 0 0 0 0 
0 0 0 0 0 0 0 0 114176.2172 146178.4921 143267.5808 146737.828 144730.3872 144568.5968 143145.0516 142981.4646 142571.6626 145938.2095 143756.8931 145576.9301 146498.4392 145697.4565 144082.1316 148126.9028 144730.4134 144932.4039 144366.0924 142776.6825 144082.0843 144000.8299 146618.127 115196.5789 0 0 0 0 0 0 0 0 
0 0 0 0 0 0 0 56210.17363 141459.1765 146018.3052 146897.234 142448.4569 146618.1755 145496.5004 144568.614 148363.7187 141913.5167 144122.7435 143553.2499 145858.0136 144972.7988 146138.547 143063.3042 148205.8914 147295.058 143063.2861 145255.0122 142776.6899 145978.2569 144811.2042 144487.5885 143267.5595 55265.39817 0 0 0 0 0 0 0 
0 0 0 0 0 0 0 107253.0904 143756.8147 145817.8202 144649.5012 145978.2641 145255.0105 143919.5924 146777.7438 143756.8953 144122.7471 147096.324 147652.1586 143267.6617 143919.6221 142735.7498 146378.5822 144892.054 144447.1601 148481.9834 144568.6128 145617.0919 142037.1186 142366.2773 144447.0954 144770.7706 106651.3071 0 0 0 0 0 0 0 
0 0 0 0 0 0 0 135717.3664 143593.9235 141872.225 145938.1693 142653.6968 147453.8542 144972.7814 144932.4236 143349.3101 145255.0476 147096.3307 146178.5934 145536.7535 148482.0126 143553.2639 145053.5044 142817.7089 142530.6326 145174.4495 146458.4848 141459.2425 145053.4563 144000.8515 143919.549 147215.5205 137090.0165 0 0 0 0 0 0 0 
0 0 0 0 0 0 45511.34583 145496.4346 144811.1911 144487.6063 144487.6198 146338.5661 144770.8355 145938.2084 146418.5418 147691.7784 147810.587 143797.6102 142899.6348 147572.8951 144730.4536 147453.8984 143267.6672 144932.4424 145617.1276 142325.2244 143267.6414 139836.8111 143756.8677 143675.4295 148954.057 142571.6029 142817.6105 44602.32557 0 0 0 0 0 0 
0 0 0 0 0 0 70522.46894 142612.622 143145.0069 142694.6866 146697.9637 143104.1686 143308.4685 145817.883 143430.9211 144811.2745 144892.0678 141376.5361 149737.7024 143797.6178 144366.1507 148521.419 144325.6113 146178.593 146218.6087 142325.2273 145093.8179 143512.4671 146138.5172 143634.7021 144689.9442 144487.5932 145576.8453 73209.22067 0 0 0 0 0 0 
0 0 0 0 0 0 82028.91532 141459.1803 144689.9299 144528.0998 145375.7936 144932.4023 143838.2634 140878.9981 144609.103 147572.8839 144892.069 143145.0985 147016.766 144163.3622 144325.6168 142899.6394 146338.6191 144568.6493 149111.1703 144770.8583 146618.2083 142284.0932 144447.1365 146618.1728 145093.7695 144609.0293 142530.5441 83373.16128 0 0 0 0 0 0 
0 0 0 0 0 0 85384.11274 145817.8016 145335.5094 145416.0218 142242.9408 145536.71 145978.2902 143430.9138 143349.3117 144406.6614 144528.1707 144325.6126 147414.2167 144325.617 142694.7666 147929.3061 144244.508 145617.1383 146378.5868 145134.1481 143634.7379 145134.1295 145496.5009 142940.5154 144447.1094 143756.8287 142776.6396 81096.33095 0 0 0 0 0 0 
0 0 0 0 0 0 72969.05877 145214.6639 142981.4122 145335.5244 143063.2631 146258.5812 146098.4846 143593.9951 147295.0716 144851.6739 146298.625 147334.8079 147056.5579 146338.6219 144406.6746 144082.1631 143960.2805 147691.7872 145858.0199 143063.3061 144851.658 142612.6933 147493.5251 142694.7006 144891.997 143797.5227 143919.523 70605.38788 0 0 0 0 0 0 
0 0 0 0 0 0 43270.61145 143797.5027 144972.72 145254.9806 144972.75 147334.7564 143593.9819 146298.6 144163.3357 140920.536 145416.0883 141003.5623 145295.3351 141707.2436 143960.2818 143267.6701 143878.9675 143838.2904 145255.046 144892.052 142489.5641 145657.2778 144122.7141 143185.903 145335.5217 146018.3066 146618.1208 46149.6843 0 0 0 0 0 0 
0 0 0 0 0 0 0 132532.8104 143756.8212 144770.7912 145375.7845 145857.9753 145214.7287 144447.1495 144932.4245 145456.3095 144609.1074 144203.9302 144406.6653 142530.6462 142201.8564 144041.541 142037.1713 145134.1528 143675.475 144892.0473 144528.14 147334.7639 144406.6151 143430.8711 147136.0257 145978.2256 133017.5531 0 0 0 0 0 0 0 
0 0 0 0 0 0 0 107143.9256 142981.3992 143390.0511 145416.0224 143226.7637 144649.5259 145978.2862 145416.0653 143756.8949 143267.6525 144447.17 146138.5548 145978.3156 143063.3145 145817.899 145093.8306 143797.5964 146658.1112 144000.8884 143226.7854 144447.1337 144568.5906 145817.8349 145013.0801 147056.4498 108931.1349 0 0 0 0 0 0 0 
0 0 0 0 0 0 0 55159.42265 143960.1701 143960.1848 145013.0872 144041.4788 144892.015 144000.8728 148403.1435 142325.2137 142858.6584 143878.9494 144972.7965 144325.5949 145416.0793 146418.5446 143512.4834 147770.978 143634.7326 147731.3644 145898.0929 143960.2257 146658.0661 144730.371 145254.9635 141541.8777 56314.17052 0 0 0 0 0 0 0 
0 0 0 0 0 0 0 0 112159.8161 147294.9849 143878.8794 143756.8419 145898.0723 146618.178 144811.2379 142242.962 142817.687 146218.5899 144851.6581 144932.4229 144609.0942 145898.1129 142571.6663 141913.5106 147929.2618 146018.3549 146178.5414 141913.4779 146976.8801 148324.2166 144972.7097 117110.7765 0 0 0 0 0 0 0 0 
0 0 0 0 0 0 0 0 45767.74973 137856.1289 144447.0835 146298.5415 144891.9962 142612.6636 144892.015 143471.6776 144972.7697 142940.5358 146138.5286 144770.8386 145817.8743 143756.8819 143960.2413 143756.8764 143756.8699 146418.5057 143797.5491 145416.0193 147691.7037 144972.7137 139207.6905 44994.15294 0 0 0 0 0 0 0 0 
0 0 0 0 0 0 0 0 0 76873.86961 146018.2893 143226.7268 144325.5259 145295.2573 145857.9625 144972.7536 144609.0655 144851.6334 141954.7213 140129.3944 143104.1712 143226.7777 145134.1139 142858.6295 142201.8004 140421.352 146618.1564 141500.5561 143226.7268 146697.9136 77177.71901 0 0 0 0 0 0 0 0 0 
0 0 0 0 0 0 0 0 0 0 86878.61928 145817.796 143593.9206 145174.3836 144487.6027 144568.5788 145134.0968 144203.8746 146338.5567 144163.2974 145817.85 147295.0272 146976.8929 144932.3806 142981.4295 143430.8584 143226.7357 143185.8671 142817.612 84765.13016 0 0 0 0 0 0 0 0 0 0 
0 0 0 0 0 0 0 0 0 0 0 74162.09249 138786.7423 145013.066 145898.0427 145536.667 145013.085 141376.4591 142571.6211 143878.8953 145053.4371 146538.3224 143797.5372 145013.0853 143797.5263 145617.0451 143267.5667 138871.0323 74240.94703 0 0 0 0 0 0 0 0 0 0 0 
0 0 0 0 0 0 0 0 0 0 0 0 43674.39178 117360.3196 146538.2847 145496.4433 144730.3531 145295.2417 144244.4157 147453.8058 147850.0822 144528.0837 143349.2338 146138.4668 144609.0146 147572.778 117659.0763 46022.72412 0 0 0 0 0 0 0 0 0 0 0 0 
0 0 0 0 0 0 0 0 0 0 0 0 0 0 57649.05699 107471.0839 133763.2468 141707.1333 143185.8607 142242.8918 142776.6406 142899.5289 141293.6274 137345.8605 107634.2887 56417.97571 0 0 0 0 0 0 0 0 0 0 0 0 0 0 
0 0 0 0 0 0 0 0 0 0 0 0 0 0 0 0 0 45639.7287 72888.82795 81312.49167 80807.21714 73289.1001 42863.0302 0 0 0 0 0 0 0 0 0 0 0 0 0 0 0 0 0 
0 0 0 0 0 0 0 0 0 0 0 0 0 0 0 0 0 0 0 0 0 0 0 0 0 0 0 0 0 0 0 0 0 0 0 0 0 0 0 0 
0 0 0 0 0 0 0 0 0 0 0 0 0 0 0 0 0 0 0 0 0 0 0 0 0 0 0 0 0 0 0 0 0 0 0 0 0 0 0 0 
0 0 0 0 0 0 0 0 0 0 0 0 0 0 0 0 0 0 0 0 0 0 0 0 0 0 0 0 0 0 0 0 0 0 0 0 0 0 0 0 
0 0 0 0 0 0 0 0 0 0 0 0 0 0 0 0 0 0 0 0 0 0 0 0 0 0 0 0 0 0 0 0 0 0 0 0 0 0 0 0 
0 0 0 0 0 0 0 0 0 0 0 0 0 0 0 0 0 0 0 0 0 0 0 0 0 0 0 0 0 0 0 0 0 0 0 0 0 0 0 0 
0 0 0 0 0 0 0 0 0 0 0 0 0 0 0 0 0 0 0 0 0 0 0 0 0 0 0 0 0 0 0 0 0 0 0 0 0 0 0 0 
# Events [psd_source/PSD_source.dat] N:
0 0 0 0 0 0 0 0 0 0 0 0 0 0 0 0 0 0 0 0 0 0 0 0 0 0 0 0 0 0 0 0 0 0 0 0 0 0 0 0 
0 0 0 0 0 0 0 0 0 0 0 0 0 0 0 0 0 0 0 0 0 0 0 0 0 0 0 0 0 0 0 0 0 0 0 0 0 0 0 0 
0 0 0 0 0 0 0 0 0 0 0 0 0 0 0 0 0 0 0 0 0 0 0 0 0 0 0 0 0 0 0 0 0 0 0 0 0 0 0 0 
0 0 0 0 0 0 0 0 0 0 0 0 0 0 0 0 0 0 0 0 0 0 0 0 0 0 0 0 0 0 0 0 0 0 0 0 0 0 0 0 
0 0 0 0 0 0 0 0 0 0 0 0 0 0 0 0 0 0 0 0 0 0 0 0 0 0 0 0 0 0 0 0 0 0 0 0 0 0 0 0 
0 0 0 0 0 0 0 0 0 0 0 0 0 0 0 0 0 0 0 0 0 0 0 0 0 0 0 0 0 0 0 0 0 0 0 0 0 0 0 0 
0 0 0 0 0 0 0 0 0 0 0 0 0 0 0 0 0 172 434 584 580 465 152 0 0 0 0 0 0 0 0 0 0 0 0 0 0 0 0 0 
0 0 0 0 0 0 0 0 0 0 0 0 0 0 260 1017 1595 1769 1815 1724 1797 1781 1835 1586 1006 274 0 0 0 0 0 0 0 0 0 0 0 0 0 0 
0 0 0 0 0 0 0 0 0 0 0 0 144 1149 1845 1830 1796 1881 1834 1804 1783 1791 1762 1792 1834 1720 1164 171 0 0 0 0 0 0 0 0 0 0 0 0 
0 0 0 0 0 0 0 0 0 0 0 462 1653 1769 1764 1733 1762 1753 1787 1737 1782 1849 1829 1775 1806 1762 1787 1600 504 0 0 0 0 0 0 0 0 0 0 0 
0 0 0 0 0 0 0 0 0 0 696 1740 1832 1806 1774 1790 1860 1727 1798 1820 1863 1811 1738 1698 1777 1761 1736 1737 1779 665 0 0 0 0 0 0 0 0 0 0 
0 0 0 0 0 0 0 0 0 485 1781 1681 1769 1807 1768 1854 1765 1788 1800 1818 1835 1779 1800 1769 1766 1757 1829 1730 1812 1759 523 0 0 0 0 0 0 0 0 0 
0 0 0 0 0 0 0 0 176 1584 1833 1829 1854 1758 1735 1878 1874 1715 1715 1758 1759 1789 1852 1800 1819 1830 1824 1871 1837 1816 1642 165 0 0 0 0 0 0 0 0 
0 0 0 0 0 0 0 0 1114 1826 1754 1840 1790 1786 1751 1747 1737 1820 1766 1811 1834 1814 1774 1875 1790 1795 1781 1742 1774 1772 1837 1134 0 0 0 0 0 0 0 0 
0 0 0 0 0 0 0 270 1710 1822 1844 1734 1837 1809 1786 1881 1721 1775 1761 1818 1796 1825 1749 1877 1854 1749 1803 1742 1821 1792 1784 1754 261 0 0 0 0 0 0 0 
0 0 0 0 0 0 0 983 1766 1817 1788 1821 1803 1770 1841 1766 1775 1849 1863 1754 1770 1741 1831 1794 1783 1884 1786 1812 1724 1732 1783 1791 972 0 0 0 0 0 0 0 
0 0 0 0 0 0 0 1574 1762 1720 1820 1739 1858 1796 1795 1756 1803 1849 1826 1810 1884 1761 1798 1743 1736 1801 1833 1710 1798 1772 1770 1852 1606 0 0 0 0 0 0 0 
0 0 0 0 0 0 177 1809 1792 1784 1784 1830 1791 1820 1832 1864 1867 1767 1745 1861 1790 1858 1754 1795 1812 1731 1754 1671 1766 1764 1896 1737 1743 170 0 0 0 0 0 0 
0 0 0 0 0 0 425 1738 1751 1740 1839 1750 1755 1817 1758 1792 1794 1708 1916 1767 1781 1885 1780 1826 1827 1731 1799 1760 1825 1763 1789 1784 1811 458 0 0 0 0 0 0 
0 0 0 0 0 0 575 1710 1789 1785 1806 1795 1768 1696 1787 1861 1794 1751 1847 1776 1780 1745 1830 1786 1900 1791 1837 1730 1783 1837 1799 1787 1736 594 0 0 0 0 0 0 
0 0 0 0 0 0 623 1817 1805 1807 1729 1810 1821 1758 1756 1782 1785 1780 1857 1780 1740 1870 1778 1812 1831 1800 1763 1800 1809 1746 1783 1766 1742 562 0 0 0 0 0 0 
0 0 0 0 0 0 455 1802 1747 1805 1749 1828 1824 1762 1854 1793 1829 1855 1848 1830 1782 1774 1771 1864 1818 1749 1793 1738 1859 1740 1794 1767 1770 426 0 0 0 0 0 0 
0 0 0 0 0 0 160 1767 1796 1803 1796 1855 1762 1829 1776 1697 1807 1699 1804 1716 1771 1754 1769 1768 1803 1794 1735 1813 1775 1752 1805 1822 1837 182 0 0 0 0 0 0 
0 0 0 0 0 0 0 1501 1766 1791 1806 1818 1802 1783 1795 1808 1787 1777 1782 1736 1728 1773 1724 1800 1764 1794 1785 1855 1782 1758 1850 1821 1512 0 0 0 0 0 0 0 
0 0 0 0 0 0 0 981 1747 1757 1807 1753 1788 1821 1807 1766 1754 1783 1825 1821 1749 1817 1799 1767 1838 1772 1753 1783 1786 1817 1797 1848 1014 0 0 0 0 0 0 0 
0 0 0 0 0 0 0 260 1771 1771 1797 1773 1794 1772 1882 1731 1744 1769 1796 1780 1807 1832 1760 1866 1763 1865 1819 1771 1838 1790 1803 1712 271 0 0 0 0 0 0 0 
0 0 0 0 0 0 0 0 1075 1854 1769 1766 1819 1837 1792 1729 1743 1827 1793 1795 1787 1819 1737 1721 1870 1822 1826 1721 1846 1880 1796 1172 0 0 0 0 0 0 0 0 
0 0 0 0 0 0 0 0 179 1624 1783 1829 1794 1738 1794 1759 1796 1746 1825 1791 1817 1766 1771 1766 1766 1832 1767 1807 1864 1796 1656 173 0 0 0 0 0 0 0 0 
0 0 0 0 0 0 0 0 0 505 1822 1753 1780 1804 1818 1796 1787 1793 1722 1678 1750 1753 1800 1744 1728 1685 1837 1711 1753 1839 509 0 0 0 0 0 0 0 0 0 
0 0 0 0 0 0 0 0 0 0 645 1817 1762 1801 1784 1786 1800 1777 1830 1776 1817 1854 1846 1795 1747 1758 1753 1752 1743 614 0 0 0 0 0 0 0 0 0 0 
0 0 0 0 0 0 0 0 0 0 0 470 1646 1797 1819 1810 1797 1708 1737 1769 1798 1835 1767 1797 1767 1812 1754 1648 471 0 0 0 0 0 0 0 0 0 0 0 
0 0 0 0 0 0 0 0 0 0 0 0 163 1177 1835 1809 1790 1804 1778 1858 1868 1785 1756 1825 1787 1861 1183 181 0 0 0 0 0 0 0 0 0 0 0 0 
0 0 0 0 0 0 0 0 0 0 0 0 0 0 284 987 1529 1716 1752 1729 1742 1745 1706 1612 990 272 0 0 0 0 0 0 0 0 0 0 0 0 0 0 
0 0 0 0 0 0 0 0 0 0 0 0 0 0 0 0 0 178 454 565 558 459 157 0 0 0 0 0 0 0 0 0 0 0 0 0 0 0 0 0 
0 0 0 0 0 0 0 0 0 0 0 0 0 0 0 0 0 0 0 0 0 0 0 0 0 0 0 0 0 0 0 0 0 0 0 0 0 0 0 0 
0 0 0 0 0 0 0 0 0 0 0 0 0 0 0 0 0 0 0 0 0 0 0 0 0 0 0 0 0 0 0 0 0 0 0 0 0 0 0 0 
0 0 0 0 0 0 0 0 0 0 0 0 0 0 0 0 0 0 0 0 0 0 0 0 0 0 0 0 0 0 0 0 0 0 0 0 0 0 0 0 
0 0 0 0 0 0 0 0 0 0 0 0 0 0 0 0 0 0 0 0 0 0 0 0 0 0 0 0 0 0 0 0 0 0 0 0 0 0 0 0 
0 0 0 0 0 0 0 0 0 0 0 0 0 0 0 0 0 0 0 0 0 0 0 0 0 0 0 0 0 0 0 0 0 0 0 0 0 0 0 0 
0 0 0 0 0 0 0 0 0 0 0 0 0 0 0 0 0 0 0 0 0 0 0 0 0 0 0 0 0 0 0 0 0 0 0 0 0 0 0 0 
