# Format: McCode with text headers
# URL: http://www.mccode.org
# Creator: McStas 2.5 - Dec. 12, 2018
# Instrument: ESS_HEIMDAL.instr
# Ncount: 25000
# Trace: no
# Gravitation: no
# Seed: 1565850439
# Directory: TemperatureScan/3
# Nodes: 4
# Param: lmax=4
# Param: lmin=0.5
# Param: T=70
# Param: tau=0
# Param: use_CoFe2O4=1
# Param: use_CoFe=1
# Param: use_magn=1
# Date: Wed Aug 14 12:13:18 2019 (1565777598)
# type: array_2d(40, 40)
# Source: ESS_HEIMDAL (ESS_HEIMDAL.instr)
# component: psd_source
# position: 0 0 0.01
# title: PSD monitor
# Ncount: 100000
# filename: PSD_source.dat
# statistics: X0=0.0037575; dX=5.01082; Y0=-0.0133875; dY=4.99722;
# signal: Min=0; Max=7.35482e+06; Mean=2.13803e+06;
# values: 3.42084e+09 1.08177e+07 100000
# xvar: X 
# yvar: Y 
# xlabel: X position [cm]
# ylabel: Y position [cm]
# zvar: I
# zlabel: Signal per bin
# xylimits: -15 15 -15 15
# variables: I I_err N
# Data [psd_source/PSD_source.dat] I:
0 0 0 0 0 0 0 0 0 0 0 0 0 0 0 0 0 0 0 0 0 0 0 0 0 0 0 0 0 0 0 0 0 0 0 0 0 0 0 0 
0 0 0 0 0 0 0 0 0 0 0 0 0 0 0 0 0 0 0 0 0 0 0 0 0 0 0 0 0 0 0 0 0 0 0 0 0 0 0 0 
0 0 0 0 0 0 0 0 0 0 0 0 0 0 0 0 0 0 0 0 0 0 0 0 0 0 0 0 0 0 0 0 0 0 0 0 0 0 0 0 
0 0 0 0 0 0 0 0 0 0 0 0 0 0 0 0 0 0 0 0 0 0 0 0 0 0 0 0 0 0 0 0 0 0 0 0 0 0 0 0 
0 0 0 0 0 0 0 0 0 0 0 0 0 0 0 0 0 0 0 0 0 0 0 0 0 0 0 0 0 0 0 0 0 0 0 0 0 0 0 0 
0 0 0 0 0 0 0 0 0 0 0 0 0 0 0 0 0 0 0 0 0 0 0 0 0 0 0 0 0 0 0 0 0 0 0 0 0 0 0 0 
0 0 0 0 0 0 0 0 0 0 0 0 0 0 0 0 0 615751.7257 1334128.403 1607795.766 1984088.461 1334128.537 513126.3146 0 0 0 0 0 0 0 0 0 0 0 0 0 0 0 0 0 
0 0 0 0 0 0 0 0 0 0 0 0 0 0 821002.0846 3420842.413 6123307.637 6362766.862 5541765.028 6431184.113 6020682.694 7286394.385 4960221.406 5610181.403 2976132.796 684168.4748 0 0 0 0 0 0 0 0 0 0 0 0 0 0 
0 0 0 0 0 0 0 0 0 0 0 0 478917.9246 3865551.796 6225933.235 6089099.82 5712807.257 6362767.672 6225934.149 5439140.278 6089100.502 5883849.758 6636435.077 6568017.963 5747015.47 5165472.307 3762926.552 444709.4424 0 0 0 0 0 0 0 0 0 0 0 0 
0 0 0 0 0 0 0 0 0 0 0 1744629.581 5815432.408 5575973.221 5918058.204 5781224.521 5097056.432 5986475.396 5918059.088 5918059.209 7081145.712 7183771.159 6089100.775 5575974.223 5918058.299 6670643.501 6773268.146 6465392.145 1642004.31 0 0 0 0 0 0 0 0 0 0 0 
0 0 0 0 0 0 0 0 0 0 2736673.953 6294350.128 6260142.126 6328559.479 6396976.61 6089101.229 6396977.171 5815434.001 6807478.569 6533811.385 6191726.815 5815434.05 5918059.298 5199682.075 6431185.285 6225934.61 6396976.365 5883849.533 6533809.152 2086713.759 0 0 0 0 0 0 0 0 0 0 
0 0 0 0 0 0 0 0 0 1573587.51 6020682.455 6020683.252 5952266.786 5678599.742 6396977.311 5439141.335 6225935.582 5747017.595 6568020.416 6225935.792 7217980.542 6225935.843 6568020.183 6123310.339 4994431.742 6568019.356 5644391.495 6191725.823 6499601.211 5610181.546 1813046.453 0 0 0 0 0 0 0 0 0 
0 0 0 0 0 0 0 0 444709.4767 5883848.87 6431184.125 6225934.234 5952267.243 5575974.888 5473349.978 5131265.824 5712809.589 6157519.285 6054894.297 6670646.276 6191728.054 6875896.992 6807479.793 6294353.029 6328561.163 5747017.401 6978520.989 5233890.142 6260142.645 6328558.911 5918057.212 581543.1868 0 0 0 0 0 0 0 0 
0 0 0 0 0 0 0 0 3523467.558 6533809.429 6294351.063 6533810.378 6568019.506 6020685.119 6089102.322 6841688.395 6602229.442 6704854.906 5473351.077 5986477.93 5986477.868 5952269.404 5815435.384 6362770.407 6568020.594 6123310.759 6636436.988 5849642.543 5268098.601 6739060.628 6157516.651 4173427.688 0 0 0 0 0 0 0 0 
0 0 0 0 0 0 0 1231503.24 6089099.531 6191725.503 6260142.864 6602227.785 6396977.742 5712809.487 5507559.012 6020685.927 5439142.63 4891807.731 7149565.324 5986478.245 6225937.309 7286399.161 6362771.019 6602229.84 6704854.917 6020685.755 5952268.344 5678600.547 6054892.868 5952267.142 5678599.001 6670642.649 786793.7279 0 0 0 0 0 0 0 
0 0 0 0 0 0 0 2770882.224 5849640.972 5678599.33 5678599.841 5883851.026 5268099.66 6978522.128 6533812.748 6089103.287 5952269.713 5815436.135 5952269.901 6294354.512 6773272.721 6362771.385 6260145.915 6123312.034 6294353.996 6670646.579 6294353.236 5473350.157 5849642.538 5849642.053 6020683.671 6020682.991 3318217.089 0 0 0 0 0 0 0 
0 0 0 0 0 0 0 5781223.57 6020683.222 5952266.992 6396977.299 7012729.671 6602229.046 5268100.172 5781227.105 5883852.698 6123312.187 6465396.948 5781227.951 6602230.815 5028642.142 6396980.089 6602230.539 6123312.116 6499604.772 6123311.578 5883852.097 6636437.411 5747017.483 6362768.821 5644391.078 6089100.079 5268097.241 0 0 0 0 0 0 0 
0 0 0 0 0 0 513126.3262 6875893.269 5883849.753 5747016.609 5883850.848 6294352.725 6123311.053 5815435.395 6362770.911 5439143.128 5644394.08 6944315.3 6157521.177 6054895.759 6773273.276 5097059.091 5952270.226 6191729.222 5815436.062 6089103.361 7149564.782 5199683.06 6773270.832 5815434.09 6533810.506 6089100.2 6089099.466 684168.4416 0 0 0 0 0 0 
0 0 0 0 0 0 1402545.311 6910101.876 5644390.778 6225934.812 6328560.675 5986476.85 5952268.868 6089103.119 5781227.507 6465396.736 5986478.679 7252191.575 6225938.1 6294355.059 6191729.737 6396980.394 5815436.572 6260146.26 5644393.9 6362771.023 5952269.335 6191728.004 6910104.795 5781225.748 6157517.926 6294350.94 6499600.714 1573587.424 0 0 0 0 0 0 
0 0 0 0 0 0 2189339.043 6123308.153 5815433.037 6704852.887 6225935.472 5678600.982 6431187.181 6260145.431 5404934.615 6157520.744 7046940.668 6294354.972 5644394.51 5747019.944 6465397.439 6602231.152 6260146.521 6020687.152 6602230.593 5952269.728 6260145.348 6054894.318 6157519.147 5986476.365 6807478.197 6431184.709 6123308.096 1539379.016 0 0 0 0 0 0 
0 0 0 0 0 0 2189339.051 6807476.61 6465393.189 5952267.374 6089101.658 6396978.175 5131266.382 6260145.401 6123311.969 6602230.56 6260146.353 6362771.831 5268101.538 6431188.985 6123312.893 5541769.147 6328563.408 5883853.402 6225937.617 6431188.015 5781227.195 6191728.075 5883851.602 6225935.384 5712808.31 5541765.528 5678598.551 1881463.205 0 0 0 0 0 0 
0 0 0 0 0 0 1402545.307 6225933.314 5849641.366 5918058.877 5781225.769 6054893.814 6431187.117 6020686.267 5781227.44 5199684.132 6054895.607 6362771.792 6157521.199 6670648.016 6978524.134 5986478.965 5541769.003 5541768.823 6499605.145 5849644.312 6431187.503 5849643.607 6157519.082 6499602.822 6054892.591 6089100.36 6978518.699 1231503.221 0 0 0 0 0 0 
0 0 0 0 0 0 307875.7946 6568017.405 6739060.346 5781224.984 6020684.633 6294352.751 6294353.212 6157519.864 5302309.119 6910106.404 5883853.156 6020687.237 6602230.971 6499605.648 6191729.592 6362771.787 5918061.781 6773272.919 5883852.98 5952269.566 6362770.536 6841688.241 6568020.23 5986476.174 5439140.703 5575973.783 6875893.256 513126.3229 0 0 0 0 0 0 
0 0 0 0 0 0 0 5918057.237 6704851.78 6260142.942 6123309.768 6225935.62 5815434.811 6260145.051 6328562.215 6157520.349 5610185.438 5302309.594 5507560.402 5952270.269 6123312.513 5781228.021 6328563.058 5712810.846 5781227.459 6020686.318 5439142.356 5883851.736 6054893.471 5849642.328 6362768.091 6157516.923 5233888.806 0 0 0 0 0 0 0 
0 0 0 0 0 0 0 3660301.267 5849640.815 6123308.994 5439140.813 6089101.649 6910104.676 6362770.084 6396978.906 5747018.787 6875897.689 6739064.063 6431188.275 6704855.942 5336517.875 6225937.462 6431188.242 6225937.283 6431187.612 6123311.321 5507559.16 6944313.055 7115354.677 5747016.743 6054892.12 6089099.805 3694509.663 0 0 0 0 0 0 0 
0 0 0 0 0 0 0 957835.7811 5678598.527 6054891.779 5952267.074 6260143.565 6020685.004 5644392.464 5575976.071 5610184.731 5575976.469 6260145.73 6123311.943 5712810.561 5747018.963 6533813.267 5986477.932 6499604.562 4823390.478 6054894.123 5815434.795 6431186.247 6020684.453 5986475.453 5986474.914 5815432.057 1026252.661 0 0 0 0 0 0 0 
0 0 0 0 0 0 0 0 3523467.595 5952266.119 6739060.545 5507557.725 5849642.47 6294352.396 6431186.66 5918060.396 5952269.003 6054894.475 6396979.059 5678601.696 6362770.806 7354815.481 6294353.64 6191728.085 7217981.26 5302308.058 6260144.016 6465394.265 6602227.574 5781224.547 6499600.906 3797135.013 0 0 0 0 0 0 0 0 
0 0 0 0 0 0 0 0 547334.7484 5883849.056 6568018.092 6191725.864 5712808.206 6260143.606 5918059.517 5849643.113 6499603.659 5575975.966 6465395.507 6396978.678 5610184.636 5336516.819 5302308.413 5712809.325 5439141.85 5781225.751 5781225.651 6670644.401 5815433.12 6533809.573 5747015.177 786793.686 0 0 0 0 0 0 0 0 
0 0 0 0 0 0 0 0 0 1778837.876 5439139.338 6328559.006 5541765.674 5815433.578 6875895.299 6499602.707 6978521.24 6089102.001 6260144.373 5815434.654 5404933.426 6807479.63 6739062.298 6602228.361 5747017.127 5952267.696 5644391.388 6157517.33 6739060.179 5986474.099 1778837.956 0 0 0 0 0 0 0 0 0 
0 0 0 0 0 0 0 0 0 0 2155130.521 6739059.61 5439140.018 6191725.744 6636435.753 5815433.658 6191726.655 4960223.074 6431186.128 5849642.425 5473350.009 6020684.962 6568019.71 6636436.199 6773269.669 6191726.159 5918058.107 6328558.889 5541764.89 2360381.075 0 0 0 0 0 0 0 0 0 0 
0 0 0 0 0 0 0 0 0 0 0 1949880.005 5747015.417 6157516.891 6054891.713 6465393.297 5439140.447 6568018.753 5747016.773 6054892.789 5781225.141 6294351.598 5678599.803 5986475.282 6157517.42 5986474.931 5918057.841 6568017.28 1470962.136 0 0 0 0 0 0 0 0 0 0 0 
0 0 0 0 0 0 0 0 0 0 0 0 547334.7417 4036593.776 6123307.984 6396975.491 5883849.509 6157517.329 5952266.744 6089100.384 6294351.11 6260142.456 5849641.207 5815432.69 6260141.72 5883849.006 3352425.439 581543.1795 0 0 0 0 0 0 0 0 0 0 0 0 
0 0 0 0 0 0 0 0 0 0 0 0 0 0 786793.6569 3044549.693 5165472.057 6396975.177 6533809.166 5439139.569 5473348.24 6431184.034 6875893.236 5370722.457 2702465.561 1060461.099 0 0 0 0 0 0 0 0 0 0 0 0 0 0 
0 0 0 0 0 0 0 0 0 0 0 0 0 0 0 0 0 581543.2422 1470962.206 1676212.583 2086713.755 1163086.289 410501.09 0 0 0 0 0 0 0 0 0 0 0 0 0 0 0 0 0 
0 0 0 0 0 0 0 0 0 0 0 0 0 0 0 0 0 0 0 0 0 0 0 0 0 0 0 0 0 0 0 0 0 0 0 0 0 0 0 0 
0 0 0 0 0 0 0 0 0 0 0 0 0 0 0 0 0 0 0 0 0 0 0 0 0 0 0 0 0 0 0 0 0 0 0 0 0 0 0 0 
0 0 0 0 0 0 0 0 0 0 0 0 0 0 0 0 0 0 0 0 0 0 0 0 0 0 0 0 0 0 0 0 0 0 0 0 0 0 0 0 
0 0 0 0 0 0 0 0 0 0 0 0 0 0 0 0 0 0 0 0 0 0 0 0 0 0 0 0 0 0 0 0 0 0 0 0 0 0 0 0 
0 0 0 0 0 0 0 0 0 0 0 0 0 0 0 0 0 0 0 0 0 0 0 0 0 0 0 0 0 0 0 0 0 0 0 0 0 0 0 0 
0 0 0 0 0 0 0 0 0 0 0 0 0 0 0 0 0 0 0 0 0 0 0 0 0 0 0 0 0 0 0 0 0 0 0 0 0 0 0 0 
# Errors [psd_source/PSD_source.dat] I_err:
0 0 0 0 0 0 0 0 0 0 0 0 0 0 0 0 0 0 0 0 0 0 0 0 0 0 0 0 0 0 0 0 0 0 0 0 0 0 0 0 
0 0 0 0 0 0 0 0 0 0 0 0 0 0 0 0 0 0 0 0 0 0 0 0 0 0 0 0 0 0 0 0 0 0 0 0 0 0 0 0 
0 0 0 0 0 0 0 0 0 0 0 0 0 0 0 0 0 0 0 0 0 0 0 0 0 0 0 0 0 0 0 0 0 0 0 0 0 0 0 0 
0 0 0 0 0 0 0 0 0 0 0 0 0 0 0 0 0 0 0 0 0 0 0 0 0 0 0 0 0 0 0 0 0 0 0 0 0 0 0 0 
0 0 0 0 0 0 0 0 0 0 0 0 0 0 0 0 0 0 0 0 0 0 0 0 0 0 0 0 0 0 0 0 0 0 0 0 0 0 0 0 
0 0 0 0 0 0 0 0 0 0 0 0 0 0 0 0 0 0 0 0 0 0 0 0 0 0 0 0 0 0 0 0 0 0 0 0 0 0 0 0 
0 0 0 0 0 0 0 0 0 0 0 0 0 0 0 0 0 145134.0736 213631.5181 234521.1158 260523.5782 213631.5396 132488.6447 0 0 0 0 0 0 0 0 0 0 0 0 0 0 0 0 0 
0 0 0 0 0 0 0 0 0 0 0 0 0 0 167586.3488 342084.2413 457677.5012 466540.7019 435402.1813 469042.308 453826.0336 499255.5168 411923.9668 438081.5673 319074.9276 152984.7218 0 0 0 0 0 0 0 0 0 0 0 0 0 0 
0 0 0 0 0 0 0 0 0 0 0 0 127996.1993 363640.5243 461496.8756 456397.3273 442070.2979 466540.7613 461496.9433 431351.8822 456397.3784 448639.3381 476468.2708 474005.8673 443391.8697 420360.1747 358780.9693 123340.2075 0 0 0 0 0 0 0 0 0 0 0 0 
0 0 0 0 0 0 0 0 0 0 0 244297.0057 446023.3052 436743.9294 449941.6334 444709.5785 417567.133 452535.0037 449941.7006 449941.7097 492173.6497 495727.3063 456397.3988 436744.0079 449941.6406 477694.703 481355.207 470288.0778 237002.9076 0 0 0 0 0 0 0 0 0 0 0 
0 0 0 0 0 0 0 0 0 0 305969.4496 464025.6478 462763.0219 465284.9465 467793.2592 456397.4328 467793.3003 446023.4274 482569.3611 472769.9994 460227.4297 446023.4312 449941.7166 421749.9078 469042.3934 461496.9776 467793.2414 448639.3209 472769.8378 267176.3191 0 0 0 0 0 0 0 0 0 0 
0 0 0 0 0 0 0 0 0 232012.8207 453826.0156 453826.0756 451240.1805 440744.8175 467793.3105 431351.9661 461497.0496 443392.0336 474006.0444 461497.0651 496906.273 461497.0689 474006.0276 457677.7031 413342.112 474005.9679 439415.2819 460227.356 471530.6314 438081.5784 249041.0833 0 0 0 0 0 0 0 0 0 
0 0 0 0 0 0 0 0 123340.217 448639.2704 469042.3088 461496.9496 451240.2152 436744.06 432706.309 418966.1001 442070.4783 458954.3898 455113.7248 477694.9018 460227.5218 484988.3798 482569.4479 464025.8617 465285.0704 443392.0186 488594.1978 423134.939 462763.0603 465284.9048 449941.5579 141044.9403 0 0 0 0 0 0 0 0 
0 0 0 0 0 0 0 0 347177.5746 472769.8579 464025.7167 472769.9265 474005.9787 453826.2164 456397.5148 483780.4259 475238.8742 478918.2076 432706.3959 452535.1952 452535.1905 451240.379 446023.5334 466540.9618 474006.0573 457677.7345 476468.408 447333.3456 424515.4829 480138.1894 458954.1935 377844.3893 0 0 0 0 0 0 0 0 
0 0 0 0 0 0 0 205250.5401 456397.3056 460227.3322 462763.0764 475238.7549 467793.3421 442070.4704 434056.457 453826.2773 431352.0688 409073.513 494545.7745 452535.219 461497.1776 499255.844 466541.0067 475238.9029 478918.2084 453826.2643 451240.2987 440744.88 455113.6174 451240.2075 440744.76 477694.642 164057.8331 0 0 0 0 0 0 0 
0 0 0 0 0 0 0 307875.8027 447333.2255 440744.7855 440744.8252 448639.4348 424515.5683 488594.2776 472770.0981 456397.5871 451240.4024 446023.5911 451240.4167 464025.971 481355.5321 466541.0336 462763.302 457677.8298 464025.933 477694.9235 464025.8769 432706.3232 447333.3452 447333.3081 453826.1072 453826.056 336913.8996 0 0 0 0 0 0 0 
0 0 0 0 0 0 0 444709.5054 453826.0734 451240.1962 467793.3096 489790.2858 475238.8457 424515.6096 444709.7773 448639.5622 457677.8413 470288.4272 444709.8424 475238.9731 414755.4134 467793.5137 475238.9532 457677.8359 471530.8897 457677.7957 448639.5164 476468.4383 443392.0249 466540.8456 439415.2495 456397.3467 424515.3734 0 0 0 0 0 0 0 
0 0 0 0 0 0 132488.6477 484988.1173 448639.3377 443391.9575 448639.4212 464025.8393 457677.7565 446023.5343 466540.9988 431352.1083 439415.4831 487395.3847 458954.5308 455113.8347 481355.5715 417567.3508 451240.4413 460227.6086 446023.5855 456397.5927 494545.737 421749.9877 481355.3978 446023.4342 472769.9358 456397.3557 456397.3007 152984.7144 0 0 0 0 0 0 
0 0 0 0 0 0 219040.7775 486193.0714 439415.2261 461496.9925 465285.0345 452535.1136 451240.3383 456397.5745 444709.8082 470288.4117 452535.2518 498082.5623 461497.2362 464026.0113 460227.6469 467793.536 446023.6246 462763.3275 439415.4692 466541.0071 451240.3738 460227.518 486193.2767 444709.6729 458954.2885 464025.7077 471530.5953 232012.808 0 0 0 0 0 0 
0 0 0 0 0 0 273667.3804 457677.5397 446023.3535 478918.0633 461497.0415 440744.9137 469042.5317 462763.2662 429993.5103 458954.4986 490983.6213 464026.0049 439415.5166 443392.2148 470288.4629 475238.9973 462763.3468 453826.3696 475238.9571 451240.4035 462763.2601 455113.7264 458954.3795 452535.0769 482569.3347 469042.3514 457677.5354 229477.0748 0 0 0 0 0 0 
0 0 0 0 0 0 273667.3814 482569.2222 470288.1537 451240.2251 456397.465 467793.3737 418966.1457 462763.264 457677.825 475238.9547 462763.3343 466541.0663 424515.7196 469042.6633 457677.894 435402.5049 465285.2354 448639.6159 461497.2004 469042.5926 444709.7843 460227.5233 448639.4787 461497.0349 442070.3793 435402.2205 440744.7251 253696.4468 0 0 0 0 0 0 
0 0 0 0 0 0 219040.7767 461496.8815 447333.2556 449941.6845 444709.6746 455113.6886 469042.527 453826.3029 444709.8031 421750.0747 455113.8233 466541.0634 458954.5325 477695.0264 488594.418 452535.2734 435402.4935 435402.4794 471530.9168 447333.4809 469042.5553 447333.427 458954.3747 471530.7483 455113.5966 456397.3678 488594.0375 205250.5369 0 0 0 0 0 0 
0 0 0 0 0 0 102625.2649 474005.8271 480138.1693 444709.6141 453826.1797 464025.8412 464025.8752 458954.433 425891.7172 486193.39 448639.5972 453826.376 475238.9843 471530.9533 460227.6361 466541.0631 449941.9053 481355.5461 448639.5837 451240.3913 466540.9713 483780.415 474006.031 452535.0624 431351.9159 436743.9735 484988.1163 132488.6469 0 0 0 0 0 0 
0 0 0 0 0 0 0 449941.5599 478917.9843 462763.0822 457677.6604 461497.0524 446023.4895 462763.2381 465285.1477 458954.4691 438081.8824 425891.7554 434056.5666 451240.4446 457677.8656 444709.8478 465285.2097 442070.5756 444709.8046 453826.3067 431352.047 448639.4889 455113.6628 447333.3292 466540.7921 458954.2138 423134.831 0 0 0 0 0 0 0 
0 0 0 0 0 0 0 353854.6796 447333.2135 457677.6026 431351.9247 456397.4644 486193.2684 466540.9382 467793.4271 443392.1256 484988.429 480138.4342 469042.6115 478918.2816 427263.3776 461497.1889 469042.6091 461497.1756 469042.5632 457677.7765 434056.4687 487395.2271 493361.0795 443391.9679 455113.5612 456397.3261 355504.3581 0 0 0 0 0 0 0 
0 0 0 0 0 0 0 181013.9481 440744.7232 455113.5356 451240.2024 462763.1283 453826.2077 439415.3574 436744.1526 438081.8272 436744.1838 462763.2883 457677.823 442070.5535 443392.1391 472770.1356 452535.1953 471530.8745 406202.7557 455113.7118 446023.4883 469042.4636 453826.1662 452535.008 452534.9672 446023.2783 187367.244 0 0 0 0 0 0 0 
0 0 0 0 0 0 0 0 347177.5782 451240.13 480138.1835 434056.3556 447333.34 464025.815 469042.4937 449941.8001 451240.3486 455113.7382 467793.4384 440744.9691 466540.9911 501594.2526 464025.9067 460227.524 496906.3224 425891.632 462763.1616 470288.232 475238.7398 444709.5805 471530.6093 360408.1059 0 0 0 0 0 0 0 0 
0 0 0 0 0 0 0 0 136833.6871 448639.2845 474005.8767 460227.359 442070.3713 462763.1313 449941.7332 447333.3892 471530.809 436744.1444 470288.3224 467793.4105 438081.8197 427263.293 425891.6605 442070.4579 431352.0069 444709.6732 444709.6655 477694.7675 446023.3598 472769.8683 443391.847 164057.8244 0 0 0 0 0 0 0 0 
0 0 0 0 0 0 0 0 0 246680.4297 431351.8077 465284.9118 435402.232 446023.3949 484988.2604 471530.7399 488594.2154 456397.4907 462763.188 446023.4774 429993.4158 482569.4364 480138.3084 475238.7964 443391.9975 451240.2495 439415.2736 458954.2441 480138.1574 452534.9056 246680.4408 0 0 0 0 0 0 0 0 0 
0 0 0 0 0 0 0 0 0 0 271520.9238 480138.1169 431351.8616 460227.3501 476468.3193 446023.4011 460227.4178 411924.1053 469042.4549 447333.3366 432706.3115 453826.2045 474005.9935 476468.3514 481355.3152 460227.381 449941.626 465284.9032 435402.1704 284156.4894 0 0 0 0 0 0 0 0 0 0 
0 0 0 0 0 0 0 0 0 0 0 258267.9159 443391.8655 458954.2113 455113.5306 470288.1616 431351.8956 474005.9244 443391.9702 455113.6115 444709.6262 464025.7562 440744.8222 452534.995 458954.2508 452534.9685 449941.6057 474005.8181 224319.6227 0 0 0 0 0 0 0 0 0 0 0 
0 0 0 0 0 0 0 0 0 0 0 0 136833.6854 371598.5773 457677.5271 467793.1775 448639.3191 458954.244 451240.1773 456397.3695 464025.7202 462763.0462 447333.2434 446023.3268 462762.9918 448639.2808 338646.1088 141044.9385 0 0 0 0 0 0 0 0 0 0 0 0 
0 0 0 0 0 0 0 0 0 0 0 0 0 0 164057.8183 322721.622 420360.1544 467793.1545 472769.8388 431351.826 432706.1716 469042.3022 484988.1149 428630.3153 304051.1306 190464.436 0 0 0 0 0 0 0 0 0 0 0 0 0 0 
0 0 0 0 0 0 0 0 0 0 0 0 0 0 0 0 0 141044.9537 224319.6335 239458.9405 267176.3185 199467.653 118501.4574 0 0 0 0 0 0 0 0 0 0 0 0 0 0 0 0 0 
0 0 0 0 0 0 0 0 0 0 0 0 0 0 0 0 0 0 0 0 0 0 0 0 0 0 0 0 0 0 0 0 0 0 0 0 0 0 0 0 
0 0 0 0 0 0 0 0 0 0 0 0 0 0 0 0 0 0 0 0 0 0 0 0 0 0 0 0 0 0 0 0 0 0 0 0 0 0 0 0 
0 0 0 0 0 0 0 0 0 0 0 0 0 0 0 0 0 0 0 0 0 0 0 0 0 0 0 0 0 0 0 0 0 0 0 0 0 0 0 0 
0 0 0 0 0 0 0 0 0 0 0 0 0 0 0 0 0 0 0 0 0 0 0 0 0 0 0 0 0 0 0 0 0 0 0 0 0 0 0 0 
0 0 0 0 0 0 0 0 0 0 0 0 0 0 0 0 0 0 0 0 0 0 0 0 0 0 0 0 0 0 0 0 0 0 0 0 0 0 0 0 
0 0 0 0 0 0 0 0 0 0 0 0 0 0 0 0 0 0 0 0 0 0 0 0 0 0 0 0 0 0 0 0 0 0 0 0 0 0 0 0 
# Events [psd_source/PSD_source.dat] N:
0 0 0 0 0 0 0 0 0 0 0 0 0 0 0 0 0 0 0 0 0 0 0 0 0 0 0 0 0 0 0 0 0 0 0 0 0 0 0 0 
0 0 0 0 0 0 0 0 0 0 0 0 0 0 0 0 0 0 0 0 0 0 0 0 0 0 0 0 0 0 0 0 0 0 0 0 0 0 0 0 
0 0 0 0 0 0 0 0 0 0 0 0 0 0 0 0 0 0 0 0 0 0 0 0 0 0 0 0 0 0 0 0 0 0 0 0 0 0 0 0 
0 0 0 0 0 0 0 0 0 0 0 0 0 0 0 0 0 0 0 0 0 0 0 0 0 0 0 0 0 0 0 0 0 0 0 0 0 0 0 0 
0 0 0 0 0 0 0 0 0 0 0 0 0 0 0 0 0 0 0 0 0 0 0 0 0 0 0 0 0 0 0 0 0 0 0 0 0 0 0 0 
0 0 0 0 0 0 0 0 0 0 0 0 0 0 0 0 0 0 0 0 0 0 0 0 0 0 0 0 0 0 0 0 0 0 0 0 0 0 0 0 
0 0 0 0 0 0 0 0 0 0 0 0 0 0 0 0 0 18 39 47 58 39 15 0 0 0 0 0 0 0 0 0 0 0 0 0 0 0 0 0 
0 0 0 0 0 0 0 0 0 0 0 0 0 0 24 100 179 186 162 188 176 213 145 164 87 20 0 0 0 0 0 0 0 0 0 0 0 0 0 0 
0 0 0 0 0 0 0 0 0 0 0 0 14 113 182 178 167 186 182 159 178 172 194 192 168 151 110 13 0 0 0 0 0 0 0 0 0 0 0 0 
0 0 0 0 0 0 0 0 0 0 0 51 170 163 173 169 149 175 173 173 207 210 178 163 173 195 198 189 48 0 0 0 0 0 0 0 0 0 0 0 
0 0 0 0 0 0 0 0 0 0 80 184 183 185 187 178 187 170 199 191 181 170 173 152 188 182 187 172 191 61 0 0 0 0 0 0 0 0 0 0 
0 0 0 0 0 0 0 0 0 46 176 176 174 166 187 159 182 168 192 182 211 182 192 179 146 192 165 181 190 164 53 0 0 0 0 0 0 0 0 0 
0 0 0 0 0 0 0 0 13 172 188 182 174 163 160 150 167 180 177 195 181 201 199 184 185 168 204 153 183 185 173 17 0 0 0 0 0 0 0 0 
0 0 0 0 0 0 0 0 103 191 184 191 192 176 178 200 193 196 160 175 175 174 170 186 192 179 194 171 154 197 180 122 0 0 0 0 0 0 0 0 
0 0 0 0 0 0 0 36 178 181 183 193 187 167 161 176 159 143 209 175 182 213 186 193 196 176 174 166 177 174 166 195 23 0 0 0 0 0 0 0 
0 0 0 0 0 0 0 81 171 166 166 172 154 204 191 178 174 170 174 184 198 186 183 179 184 195 184 160 171 171 176 176 97 0 0 0 0 0 0 0 
0 0 0 0 0 0 0 169 176 174 187 205 193 154 169 172 179 189 169 193 147 187 193 179 190 179 172 194 168 186 165 178 154 0 0 0 0 0 0 0 
0 0 0 0 0 0 15 201 172 168 172 184 179 170 186 159 165 203 180 177 198 149 174 181 170 178 209 152 198 170 191 178 178 20 0 0 0 0 0 0 
0 0 0 0 0 0 41 202 165 182 185 175 174 178 169 189 175 212 182 184 181 187 170 183 165 186 174 181 202 169 180 184 190 46 0 0 0 0 0 0 
0 0 0 0 0 0 64 179 170 196 182 166 188 183 158 180 206 184 165 168 189 193 183 176 193 174 183 177 180 175 199 188 179 45 0 0 0 0 0 0 
0 0 0 0 0 0 64 199 189 174 178 187 150 183 179 193 183 186 154 188 179 162 185 172 182 188 169 181 172 182 167 162 166 55 0 0 0 0 0 0 
0 0 0 0 0 0 41 182 171 173 169 177 188 176 169 152 177 186 180 195 204 175 162 162 190 171 188 171 180 190 177 178 204 36 0 0 0 0 0 0 
0 0 0 0 0 0 9 192 197 169 176 184 184 180 155 202 172 176 193 190 181 186 173 198 172 174 186 200 192 175 159 163 201 15 0 0 0 0 0 0 
0 0 0 0 0 0 0 173 196 183 179 182 170 183 185 180 164 155 161 174 179 169 185 167 169 176 159 172 177 171 186 180 153 0 0 0 0 0 0 0 
0 0 0 0 0 0 0 107 171 179 159 178 202 186 187 168 201 197 188 196 156 182 188 182 188 179 161 203 208 168 177 178 108 0 0 0 0 0 0 0 
0 0 0 0 0 0 0 28 166 177 174 183 176 165 163 164 163 183 179 167 168 191 175 190 141 177 170 188 176 175 175 170 30 0 0 0 0 0 0 0 
0 0 0 0 0 0 0 0 103 174 197 161 171 184 188 173 174 177 187 166 186 215 184 181 211 155 183 189 193 169 190 111 0 0 0 0 0 0 0 0 
0 0 0 0 0 0 0 0 16 172 192 181 167 183 173 171 190 163 189 187 164 156 155 167 159 169 169 195 170 191 168 23 0 0 0 0 0 0 0 0 
0 0 0 0 0 0 0 0 0 52 159 185 162 170 201 190 204 178 183 170 158 199 197 193 168 174 165 180 197 175 52 0 0 0 0 0 0 0 0 0 
0 0 0 0 0 0 0 0 0 0 63 197 159 181 194 170 181 145 188 171 160 176 192 194 198 181 173 185 162 69 0 0 0 0 0 0 0 0 0 0 
0 0 0 0 0 0 0 0 0 0 0 57 168 180 177 189 159 192 168 177 169 184 166 175 180 175 173 192 43 0 0 0 0 0 0 0 0 0 0 0 
0 0 0 0 0 0 0 0 0 0 0 0 16 118 179 187 172 180 174 178 184 183 171 170 183 172 98 17 0 0 0 0 0 0 0 0 0 0 0 0 
0 0 0 0 0 0 0 0 0 0 0 0 0 0 23 89 151 187 191 159 160 188 201 157 79 31 0 0 0 0 0 0 0 0 0 0 0 0 0 0 
0 0 0 0 0 0 0 0 0 0 0 0 0 0 0 0 0 17 43 49 61 34 12 0 0 0 0 0 0 0 0 0 0 0 0 0 0 0 0 0 
0 0 0 0 0 0 0 0 0 0 0 0 0 0 0 0 0 0 0 0 0 0 0 0 0 0 0 0 0 0 0 0 0 0 0 0 0 0 0 0 
0 0 0 0 0 0 0 0 0 0 0 0 0 0 0 0 0 0 0 0 0 0 0 0 0 0 0 0 0 0 0 0 0 0 0 0 0 0 0 0 
0 0 0 0 0 0 0 0 0 0 0 0 0 0 0 0 0 0 0 0 0 0 0 0 0 0 0 0 0 0 0 0 0 0 0 0 0 0 0 0 
0 0 0 0 0 0 0 0 0 0 0 0 0 0 0 0 0 0 0 0 0 0 0 0 0 0 0 0 0 0 0 0 0 0 0 0 0 0 0 0 
0 0 0 0 0 0 0 0 0 0 0 0 0 0 0 0 0 0 0 0 0 0 0 0 0 0 0 0 0 0 0 0 0 0 0 0 0 0 0 0 
0 0 0 0 0 0 0 0 0 0 0 0 0 0 0 0 0 0 0 0 0 0 0 0 0 0 0 0 0 0 0 0 0 0 0 0 0 0 0 0 
