# Format: McCode with text headers
# URL: http://www.mccode.org
# Creator: McStas 2.5 - Dec. 12, 2018
# Instrument: ESS_HEIMDAL.instr
# Ncount: 250000
# Trace: no
# Gravitation: no
# Seed: 1565866329
# Directory: TauScan/13
# Nodes: 4
# Param: lmax=4
# Param: lmin=0.5
# Param: T=200
# Param: tau=130
# Param: use_CoFe2O4=1
# Param: use_CoFe=1
# Param: use_magn=1
# Date: Wed Aug 14 15:24:37 2019 (1565789077)
# type: array_2d(40, 40)
# Source: ESS_HEIMDAL (ESS_HEIMDAL.instr)
# component: psd_source
# position: 0 0 0.01
# title: PSD monitor
# Ncount: 1000000
# filename: PSD_source.dat
# statistics: X0=0.005631; dX=5.00328; Y0=0.003846; dY=5.00387;
# signal: Min=0; Max=6.50987e+06; Mean=2.13803e+06;
# values: 3.42084e+09 3.42084e+06 1e+06
# xvar: X 
# yvar: Y 
# xlabel: X position [cm]
# ylabel: Y position [cm]
# zvar: I
# zlabel: Signal per bin
# xylimits: -15 15 -15 15
# variables: I I_err N
# Data [psd_source/PSD_source.dat] I:
0 0 0 0 0 0 0 0 0 0 0 0 0 0 0 0 0 0 0 0 0 0 0 0 0 0 0 0 0 0 0 0 0 0 0 0 0 0 0 0 
0 0 0 0 0 0 0 0 0 0 0 0 0 0 0 0 0 0 0 0 0 0 0 0 0 0 0 0 0 0 0 0 0 0 0 0 0 0 0 0 
0 0 0 0 0 0 0 0 0 0 0 0 0 0 0 0 0 0 0 0 0 0 0 0 0 0 0 0 0 0 0 0 0 0 0 0 0 0 0 0 
0 0 0 0 0 0 0 0 0 0 0 0 0 0 0 0 0 0 0 0 0 0 0 0 0 0 0 0 0 0 0 0 0 0 0 0 0 0 0 0 
0 0 0 0 0 0 0 0 0 0 0 0 0 0 0 0 0 0 0 0 0 0 0 0 0 0 0 0 0 0 0 0 0 0 0 0 0 0 0 0 
0 0 0 0 0 0 0 0 0 0 0 0 0 0 0 0 0 0 0 0 0 0 0 0 0 0 0 0 0 0 0 0 0 0 0 0 0 0 0 0 
0 0 0 0 0 0 0 0 0 0 0 0 0 0 0 0 0 513126.3116 1481224.671 1936196.718 1943038.423 1491487.203 523388.841 0 0 0 0 0 0 0 0 0 0 0 0 0 0 0 0 0 
0 0 0 0 0 0 0 0 0 0 0 0 0 0 718376.8608 3335321.2 5073109.213 6444867.089 6205408.398 6270404.201 6195145.774 5972791.048 6215670.613 5322830.678 3465313.28 851789.6746 0 0 0 0 0 0 0 0 0 0 0 0 0 0 
0 0 0 0 0 0 0 0 0 0 0 0 540493.0733 4043435.619 6068574.501 6140412.531 6092520.913 5976212.479 6065154.454 6328559.39 6109625.488 5931741.513 5948845.72 5972791.415 5979632.838 6164358.048 4029752.215 492601.2777 0 0 0 0 0 0 0 0 0 0 0 0 
0 0 0 0 0 0 0 0 0 0 0 1727525.338 5661494.171 6369608.937 6232775.684 5996737.752 6044629.775 6113046.862 6431185.373 6304614.207 6123309.483 6167780.427 6195146.992 6041208.935 6010421.131 6020683.31 6174620.893 5664915.004 1727525.371 0 0 0 0 0 0 0 0 0 0 0 
0 0 0 0 0 0 0 0 0 0 2131184.749 6113045.356 6099362.529 6273825.981 5832537.535 6003580.046 6509865.075 6201989.357 6140414.258 6195147.839 6017264.009 6058314.04 6349085.634 5983055.185 5965950.767 6000158.875 6143833.861 6154096.022 5959107.559 2226968.338 0 0 0 0 0 0 0 0 0 0 
0 0 0 0 0 0 0 0 0 1583849.987 6041207.702 5979633.113 6082258.907 6181463.698 6178043.286 6061734.899 6321719.301 6054893.61 6178044.174 5983056.137 6041210.364 6143835.634 6225935.836 6058314.282 6133572.627 6167780.739 5924900.51 6215671.719 5863324.396 5972790.935 1655687.638 0 0 0 0 0 0 0 0 0 
0 0 0 0 0 0 0 0 653380.8812 5729910.994 6236196.293 5972791.85 5863325.371 5805171.444 6044630.857 6205410.829 6126731.67 5952268.801 6294353.311 6010423.307 5996739.906 6058315.062 5955689.647 6061735.613 6109627.209 6068576.753 6034367.963 6328560.015 6106204.801 6225933.728 5610181.502 584964.0228 0 0 0 0 0 0 0 0 
0 0 0 0 0 0 0 0 3865551.789 6304612.882 6212250.747 6280668.191 6154097.444 6102785.277 6054893.803 6492762.174 6126732.081 6051473.758 6017265.342 6383295.796 6071998.949 6260145.342 6219095.103 6294353.482 6345665.837 6249881.919 5791488.488 5979634.465 5928321.352 6075417.039 6109624.927 3862130.975 0 0 0 0 0 0 0 0 
0 0 0 0 0 0 0 1005727.597 5911215.763 5952266.442 6232776.219 6335402.042 6065155.905 6205410.966 6201990.442 6201990.773 6085682.328 6171203.621 6434608.768 6130153.668 6311458.486 6164362.08 5976215.488 6147257.574 6143836.395 6034369.105 5948847.611 6359348.508 6119888.967 6020683.931 6260142.34 5880428.137 978360.879 0 0 0 0 0 0 0 
0 0 0 0 0 0 0 3222433.425 5996737.054 6284088.542 6041209.287 5918059.51 6236198.413 6325140.755 6048052.796 5969373.657 5972794.767 6184887.315 6041211.951 6133574.828 6041212.006 6010424.358 6010424.264 6297774.984 6017265.506 6201990.812 6232778.053 6147256.496 6164360.22 6301193.401 6113046.408 5976212.014 3376371.34 0 0 0 0 0 0 0 
0 0 0 0 0 0 0 5162051.112 6089100.037 6082259.106 6030947.021 6338823.506 6150677.558 6263565.858 5955690.25 5983057.285 6065157.842 5921482.485 5931745.184 5818857.333 5928324.387 6318300.641 6136995.74 6181466.513 5959111.373 5853064.887 6061736.046 6181465.159 6249881.535 5942005.083 6212251.079 6198567 5175734.466 0 0 0 0 0 0 0 
0 0 0 0 0 0 574701.4857 6017261.831 6188304.704 6229355.484 6232776.954 6003580.973 6041210.747 6270407.713 5935165.338 6143837.179 6164362.496 6136995.917 6321721.667 6065158.337 6212254.712 5983058.016 6030949.713 6068578.825 6191729.001 6089103.349 6369612.234 6301194.891 6205410.767 6311456.346 5942004.671 6205408.887 6130149.637 561018.1154 0 0 0 0 0 0 
0 0 0 0 0 0 1385441.106 6376450.388 5962529.18 5829116.965 6205410.332 6034368.707 6331982.608 6167782.529 6297774.992 6154099.85 6007003.743 6229358.857 5812015.869 6270409.191 6154100.438 5989899.828 6109629.277 6229358.668 6065157.867 6222516.442 6123311.548 5897535.408 6089102.185 6065155.747 5842800.329 6420922.133 6051470.356 1474382.994 0 0 0 0 0 0 
0 0 0 0 0 0 1970405.132 6277246.032 6126729.692 5965950.738 6287510.65 5883851.617 6205411.451 6126732.459 6284091.677 6174624.959 6167783.514 6465397.231 6325142.705 5863328.669 5931745.576 6003583.262 6243042.3 6325142.385 6188308.343 6095945.227 6140415.839 6301195.096 6246461.079 5979634.726 6393556.158 6280667.645 6410658.904 1888304.914 0 0 0 0 0 0 
0 0 0 0 0 0 1984088.502 6092520.541 5972791.775 5890692.191 6061734.953 6171202.521 6068577.661 6287512.157 6092524.367 6321721.285 6236200.427 6154100.317 6130154.534 6051475.156 6311459.39 6092525.233 6106208.499 6369613.363 6037791.162 6051474.24 6119890.771 5900956.312 6174623.352 6325139.913 6243039.043 6089100.427 6386712.998 1963563.448 0 0 0 0 0 0 
0 0 0 0 0 0 1587270.778 6044628.668 6010420.965 6106205.254 6051472.372 5894114.094 6109627.736 6030948.749 6373033.587 6174624.91 6195150.212 6438030.404 6407242.904 6041212.557 6024108.338 6123312.784 6215675.461 6133575.01 6133574.758 6178045.429 6147257.473 6044631.708 6198569.205 5979634.652 6167780.423 5764120.298 6349083.666 1518853.951 0 0 0 0 0 0 
0 0 0 0 0 0 602068.2255 6017261.819 6092521.093 6287509.837 6013842.958 5928322.404 6499603.852 5959110.901 5907798.591 6160941.394 6284092.05 5914640.994 6195150.407 6143837.789 6102787.644 6301196.609 6102787.464 6160941.642 6191729.01 6256724.721 6085682.16 6102785.932 6338823.674 6321718.886 5989896.465 6130150.37 6212249.84 574701.4868 0 0 0 0 0 0 
0 0 0 0 0 0 0 5168892.825 6027524.909 6133571.709 6030947.009 6133572.873 6133573.345 6390137.12 6106207.404 5938586.305 6147258.081 6143837.41 6089104.039 6154100.135 6154100.139 5983057.831 5983057.708 5959111.63 6414083.721 6191728.503 6164361.375 5719651.211 6075418.511 6256722.662 5907796.01 6061733.324 5209942.91 0 0 0 0 0 0 0 
0 0 0 0 0 0 0 3366108.817 6277246.183 6123308.901 6003580.023 6071997.432 6034368.628 6092523.415 5774385.256 6078840.701 6082261.799 6188308.16 6373033.911 6205412.592 6044632.866 6037791.104 6143837.166 5983057.306 6195149.405 6184886.59 6273828.139 6065156.237 6109626.702 6277247.519 6328559.512 6150674.997 3420842.279 0 0 0 0 0 0 0 
0 0 0 0 0 0 0 899681.5034 6123307.957 6013841.637 5815433.357 6154097.316 6147256.19 6054893.815 5976214.769 6092523.782 6164361.759 6071999.147 6143837 6154099.59 6109628.583 6349087.658 5938586.179 6143836.677 5924902.414 6311457.479 5969372.748 5996739.111 6061734.586 6417501.769 6147254.559 6082257.801 927048.2296 0 0 0 0 0 0 0 
0 0 0 0 0 0 0 0 3865551.796 6188304.269 6123308.862 6304614.079 5788067.219 6243039.854 5979635.207 6215673.769 6205411.495 6092523.811 5955690.221 6236199.492 6284091.33 6017265.34 6366191.4 6232778.181 6133573.541 6048052.131 6294352.491 6075418.066 6126730.264 6222513.331 6126729.112 3899760.202 0 0 0 0 0 0 0 0 
0 0 0 0 0 0 0 0 649960.0188 5504135.367 6095941.701 6041208.725 6243038.986 5972792.779 6075418.431 5983055.931 6232777.846 5948847.942 6277249.085 6438028.873 5969373.205 5948848.014 6225936.31 6338823.968 6178044.09 6106206.013 5986476.11 6212251.407 5928320.949 6225933.746 5740173.555 561018.1214 0 0 0 0 0 0 0 0 
0 0 0 0 0 0 0 0 0 1819888.027 6034366.019 6123308.45 6116467.331 5993317.309 6188305.748 6041209.897 6294352.515 6232777.477 6041210.359 6178044.201 6003581.141 5880430.69 6071997.88 6164360.463 6095943.293 6160939.119 6270405.698 5989896.151 6212250.352 6102782.96 1710421.113 0 0 0 0 0 0 0 0 0 
0 0 0 0 0 0 0 0 0 0 2319331.078 6345662.657 6157516.859 6236196.669 5918058.63 5880429.645 6160939.095 5979634.495 6000159.719 6017264.052 6260143.895 6184885.344 6085680.658 6065155.451 6030946.788 6082259.079 5938583.339 6048049.873 6352504.357 2380906.211 0 0 0 0 0 0 0 0 0 0 
0 0 0 0 0 0 0 0 0 0 0 1590691.608 5750436.021 6147254.179 6260142.316 6301192.732 6123309.183 6270405.618 5935163.092 6140413.716 6150676.197 6215672.217 6130150.972 6489339.433 6366188.768 6071995.968 5972791.168 5425456.042 1730946.191 0 0 0 0 0 0 0 0 0 0 0 
0 0 0 0 0 0 0 0 0 0 0 0 557597.2966 3896339.309 5863323.912 6136991.523 6201987.908 5815432.802 5897533.2 6222513.372 6410659.661 6373030.362 6383292.641 6195146.141 6160937.587 5873586.476 3691088.823 574701.4823 0 0 0 0 0 0 0 0 0 0 0 0 
0 0 0 0 0 0 0 0 0 0 0 0 0 0 968098.3603 3393475.544 5425455.966 6150674.663 6448288.118 6215670.899 6314875.342 5863324.015 6113045.374 5138105.239 3260062.695 985202.5692 0 0 0 0 0 0 0 0 0 0 0 0 0 0 
0 0 0 0 0 0 0 0 0 0 0 0 0 0 0 0 0 608909.9275 1457278.782 1901988.309 1953300.957 1382020.251 550755.6078 0 0 0 0 0 0 0 0 0 0 0 0 0 0 0 0 0 
0 0 0 0 0 0 0 0 0 0 0 0 0 0 0 0 0 0 0 0 0 0 0 0 0 0 0 0 0 0 0 0 0 0 0 0 0 0 0 0 
0 0 0 0 0 0 0 0 0 0 0 0 0 0 0 0 0 0 0 0 0 0 0 0 0 0 0 0 0 0 0 0 0 0 0 0 0 0 0 0 
0 0 0 0 0 0 0 0 0 0 0 0 0 0 0 0 0 0 0 0 0 0 0 0 0 0 0 0 0 0 0 0 0 0 0 0 0 0 0 0 
0 0 0 0 0 0 0 0 0 0 0 0 0 0 0 0 0 0 0 0 0 0 0 0 0 0 0 0 0 0 0 0 0 0 0 0 0 0 0 0 
0 0 0 0 0 0 0 0 0 0 0 0 0 0 0 0 0 0 0 0 0 0 0 0 0 0 0 0 0 0 0 0 0 0 0 0 0 0 0 0 
0 0 0 0 0 0 0 0 0 0 0 0 0 0 0 0 0 0 0 0 0 0 0 0 0 0 0 0 0 0 0 0 0 0 0 0 0 0 0 0 
# Errors [psd_source/PSD_source.dat] I_err:
0 0 0 0 0 0 0 0 0 0 0 0 0 0 0 0 0 0 0 0 0 0 0 0 0 0 0 0 0 0 0 0 0 0 0 0 0 0 0 0 
0 0 0 0 0 0 0 0 0 0 0 0 0 0 0 0 0 0 0 0 0 0 0 0 0 0 0 0 0 0 0 0 0 0 0 0 0 0 0 0 
0 0 0 0 0 0 0 0 0 0 0 0 0 0 0 0 0 0 0 0 0 0 0 0 0 0 0 0 0 0 0 0 0 0 0 0 0 0 0 0 
0 0 0 0 0 0 0 0 0 0 0 0 0 0 0 0 0 0 0 0 0 0 0 0 0 0 0 0 0 0 0 0 0 0 0 0 0 0 0 0 
0 0 0 0 0 0 0 0 0 0 0 0 0 0 0 0 0 0 0 0 0 0 0 0 0 0 0 0 0 0 0 0 0 0 0 0 0 0 0 0 
0 0 0 0 0 0 0 0 0 0 0 0 0 0 0 0 0 0 0 0 0 0 0 0 0 0 0 0 0 0 0 0 0 0 0 0 0 0 0 0 
0 0 0 0 0 0 0 0 0 0 0 0 0 0 0 0 0 41896.5879 71183.11495 81384.41835 81528.08116 71429.28234 42313.4799 0 0 0 0 0 0 0 0 0 0 0 0 0 0 0 0 0 
0 0 0 0 0 0 0 0 0 0 0 0 0 0 49572.71302 106815.7652 131735.7464 148481.9 145697.3752 146458.4065 145576.8456 142940.4687 145817.7955 134939.1142 108877.4097 53979.97732 0 0 0 0 0 0 0 0 0 0 0 0 0 0 
0 0 0 0 0 0 0 0 0 0 0 0 42999.32015 117609.335 144082.0504 144932.3462 144366.0483 142981.4107 144041.4542 147136.0172 144568.5623 142448.4313 142653.6588 142940.4775 143022.3152 145214.6602 117410.1647 41050.10648 0 0 0 0 0 0 0 0 0 0 0 0 
0 0 0 0 0 0 0 0 0 0 0 76873.86857 139165.6542 147612.4305 146018.3077 143226.7373 143797.5317 144609.0419 148324.2303 146857.4046 144730.3774 145254.9834 145576.8742 143756.8363 143390.0519 143512.4075 145335.4953 139207.6916 76873.87007 0 0 0 0 0 0 0 0 0 0 0 
0 0 0 0 0 0 0 0 0 0 85384.114 144609.0063 144447.0829 146498.3734 141252.2423 143308.4323 149228.7816 145657.2528 144932.387 145576.8941 143471.6678 143960.2198 147374.4505 143063.2556 142858.6115 143267.59 144972.7232 145093.7437 142776.6372 87281.77067 0 0 0 0 0 0 0 0 0 0 
0 0 0 0 0 0 0 0 0 73607.75123 143756.8069 143022.3218 144244.421 145416.0176 145375.7853 144000.8582 147056.4998 143919.5801 145375.8062 143063.2784 143756.8703 144972.7651 145938.187 143960.2256 144851.6235 145254.9908 142366.2738 145817.8214 141624.5406 142940.466 75258.529 0 0 0 0 0 0 0 0 0 
0 0 0 0 0 0 0 0 47276.98132 140004.0085 146058.3676 142940.488 141624.5641 140920.485 143797.5574 145697.4322 144770.831 142694.7225 146737.8682 143390.1038 143226.7887 143960.2441 142735.7209 144000.8752 144568.603 144082.1039 143675.4277 147136.0317 144528.0876 145938.1376 138533.5578 44733.31686 0 0 0 0 0 0 0 0 
0 0 0 0 0 0 0 0 114993.2304 146857.3737 145777.6869 146578.243 145093.7773 144487.6291 143919.5847 149032.6388 144770.8407 143878.9428 143471.6996 147770.9788 144122.7396 146338.5918 145858.0015 146737.8722 147334.7673 146218.5721 140754.3153 143022.3541 142407.3667 144163.2665 144568.549 114942.338 0 0 0 0 0 0 0 0 
0 0 0 0 0 0 0 58655.22458 142201.7505 142694.666 146018.3202 147215.5511 144041.4887 145697.4355 145657.2783 145657.286 144285.0401 145295.3146 148363.7318 144811.2688 146937.1272 145214.7551 142981.4827 145013.1452 144972.783 143675.4549 142653.7041 147493.5169 144689.952 143512.4222 146338.5216 141830.9489 57851.69155 0 0 0 0 0 0 0 
0 0 0 0 0 0 0 104992.5545 143226.7206 146618.1439 143756.8446 142284.069 146058.4172 147096.2966 143838.2675 142899.6118 142940.5578 145456.3141 143756.908 144851.6755 143756.9093 143390.1289 143390.1266 146777.7565 143471.7035 145657.287 146018.3632 145013.1198 145214.7113 146817.5581 144609.0312 142981.3995 107471.0839 0 0 0 0 0 0 0 
0 0 0 0 0 0 0 132885.5262 144325.5124 144244.4257 143634.6952 147255.3052 145053.468 146378.5619 142735.7354 143063.3058 144041.5347 142325.2368 142448.5195 141086.5301 142407.4396 147016.7572 144892.0651 145416.0838 142776.7286 141500.6171 144000.8855 145416.052 146218.5631 142571.6283 145777.6947 145617.0415 133061.5332 0 0 0 0 0 0 0 
0 0 0 0 0 0 44339.18224 143471.6159 145496.4531 145978.2463 146018.3374 143308.4544 143756.8794 146458.4885 142489.5721 144972.8015 145214.765 144892.0693 147056.5548 144041.5464 145777.78 143063.3233 143634.7594 144082.1531 145536.7433 144325.5909 147612.5069 146817.5928 145697.4308 146937.0774 142571.6184 145697.3866 144811.1736 43808.15479 0 0 0 0 0 0 
0 0 0 0 0 0 68843.12204 147691.6801 142817.6307 141210.8199 145697.4206 143675.4454 147175.8335 145255.0329 146777.7567 145093.834 143349.3232 145978.3254 141003.5679 146458.5231 145093.8479 143145.1001 144568.652 145978.321 144041.5352 145898.1225 144730.4262 142037.1424 144325.5633 144041.4849 141376.4629 148205.8228 143878.8619 71018.52986 0 0 0 0 0 0 
0 0 0 0 0 0 82100.21382 146538.2891 144770.7842 142858.6108 146658.075 141872.2605 145697.4468 144770.8496 146618.2171 145335.591 145255.0561 148718.2652 147096.342 141624.6438 142448.5289 143308.509 146138.5665 147096.3345 145496.5387 144406.6544 144932.4243 146817.5976 146178.5507 143022.3604 147889.6678 146578.2303 148087.321 80371.59452 0 0 0 0 0 0 
0 0 0 0 0 0 82384.79087 144366.0395 142940.4861 141954.6935 144000.8595 145295.2887 144082.1254 146658.1101 144366.1302 147056.546 146058.4644 145093.845 144811.2892 143878.976 146937.1483 144366.1507 144528.1751 147612.5331 143716.2023 143878.9542 144689.9947 142078.3319 145335.5532 147096.277 146138.4903 144325.5216 147810.4849 81957.55483 0 0 0 0 0 0 
0 0 0 0 0 0 73687.19597 143797.5053 143390.048 144528.0983 143878.9098 141995.931 144568.6155 143634.7364 147652.1516 145335.5898 145576.9499 148403.1823 148047.9166 143756.9225 143553.272 144730.4554 145817.9092 144851.6798 144851.6739 145375.8358 145013.1428 143797.5777 145617.0933 143022.3586 145254.9833 140421.3304 147374.4048 72081.61862 0 0 0 0 0 0 
0 0 0 0 0 0 45382.60005 143471.6156 144366.0526 146658.056 143430.8749 142407.3919 149111.1388 142776.7173 142160.6865 145174.4606 146618.2258 142242.9964 145576.9545 144972.8159 144487.6852 146817.6329 144487.6809 145174.4665 145536.7435 146298.6083 144285.0361 144487.6446 147255.3091 147056.4901 143145.0197 144811.1909 145777.6656 44339.18232 0 0 0 0 0 0 
0 0 0 0 0 0 0 132973.5598 143593.9234 144851.6019 143634.695 144851.6294 144851.6405 147850.1405 144528.1492 142530.6324 145013.1572 144972.807 144325.6072 145093.8407 145093.8408 143063.3189 143063.3159 142776.7348 148126.9185 145536.7316 145214.7385 139878.6427 144163.3014 146298.5602 142160.6244 144000.8208 133500.537 0 0 0 0 0 0 0 
0 0 0 0 0 0 0 107307.6298 146538.2926 144730.3636 143308.4317 144122.7036 143675.4435 144366.1076 140546.3381 144203.9142 144244.4896 145496.5343 147652.1591 145697.4736 143797.6052 143716.2009 144972.8012 143063.3063 145576.9309 145456.2971 146498.4238 144041.4965 144568.591 146538.3238 147136.02 145053.4076 108176.5312 0 0 0 0 0 0 0 
0 0 0 0 0 0 0 55476.73809 144730.3413 143430.8434 141044.9764 145093.7742 145013.1126 143919.585 142981.4655 144366.1163 145214.7476 144122.7443 144972.7973 145093.8279 144568.6355 147374.4975 142530.6294 144972.7897 142366.3196 146937.1038 142899.5901 143226.7697 144000.8508 148166.3492 145013.0741 144244.3948 56314.16947 0 0 0 0 0 0 0 
0 0 0 0 0 0 0 0 114993.2306 145496.4429 144730.3627 146857.4016 140712.7293 146138.5093 143022.3719 145817.8695 145697.4479 144366.117 142735.7347 146058.4425 146618.209 143471.6996 147572.8637 146018.3662 144851.6451 143838.2517 146737.8491 144163.2909 144770.7977 145898.0496 144770.7705 115500.929 0 0 0 0 0 0 0 0 
0 0 0 0 0 0 0 0 47153.05572 137217.9997 144406.5708 143756.8313 146138.489 142940.5102 144163.2995 143063.2735 146018.3583 142653.712 146538.3603 148403.147 142899.601 142653.7138 145938.1981 147255.3159 145375.8043 144528.1163 143104.1503 145777.7024 142407.357 145938.138 140129.3299 43808.15525 0 0 0 0 0 0 0 0 
0 0 0 0 0 0 0 0 0 78902.15256 143675.3814 144730.353 144649.4888 143185.8891 145496.4776 143756.8592 146737.8496 146018.3497 143756.8702 145375.8069 143308.4584 141831.0105 144122.7143 145214.7171 144406.6085 145174.407 146458.4415 143145.0122 145777.6776 144487.5743 76492.35759 0 0 0 0 0 0 0 0 0 
0 0 0 0 0 0 0 0 0 0 89073.37342 147334.6934 145134.0642 146058.3764 142284.0478 141830.9853 145174.4065 143022.3549 143267.6102 143471.6689 146338.558 145456.2678 144285.0005 144041.4779 143634.6897 144244.4251 142530.5612 143838.1979 147414.0981 90248.01701 0 0 0 0 0 0 0 0 0 0 
0 0 0 0 0 0 0 0 0 0 0 73766.55696 140254.5371 145013.0651 146338.521 146817.5425 144730.3703 146458.4396 142489.5181 144932.3742 145053.4359 145817.8331 144811.2051 148993.3296 147572.8027 144122.6689 142940.4716 136233.7332 76949.94414 0 0 0 0 0 0 0 0 0 0 0 
0 0 0 0 0 0 0 0 0 0 0 0 43674.39095 115450.258 141624.5289 144891.9656 145657.2188 141044.9629 142037.0892 145898.0506 148087.3385 147652.0768 147770.9058 145576.8542 145174.3709 141748.4177 112368.2905 44339.18197 0 0 0 0 0 0 0 0 0 0 0 0 
0 0 0 0 0 0 0 0 0 0 0 0 0 0 57547.47419 107742.9563 136233.7313 145053.3997 148521.3051 145817.8022 146976.8494 141624.5313 144609.0067 132576.9516 105603.7893 58053.61813 0 0 0 0 0 0 0 0 0 0 0 0 0 0 
0 0 0 0 0 0 0 0 0 0 0 0 0 0 0 0 0 45639.72864 70605.38768 80662.2714 81743.10095 68758.07735 43405.62258 0 0 0 0 0 0 0 0 0 0 0 0 0 0 0 0 0 
0 0 0 0 0 0 0 0 0 0 0 0 0 0 0 0 0 0 0 0 0 0 0 0 0 0 0 0 0 0 0 0 0 0 0 0 0 0 0 0 
0 0 0 0 0 0 0 0 0 0 0 0 0 0 0 0 0 0 0 0 0 0 0 0 0 0 0 0 0 0 0 0 0 0 0 0 0 0 0 0 
0 0 0 0 0 0 0 0 0 0 0 0 0 0 0 0 0 0 0 0 0 0 0 0 0 0 0 0 0 0 0 0 0 0 0 0 0 0 0 0 
0 0 0 0 0 0 0 0 0 0 0 0 0 0 0 0 0 0 0 0 0 0 0 0 0 0 0 0 0 0 0 0 0 0 0 0 0 0 0 0 
0 0 0 0 0 0 0 0 0 0 0 0 0 0 0 0 0 0 0 0 0 0 0 0 0 0 0 0 0 0 0 0 0 0 0 0 0 0 0 0 
0 0 0 0 0 0 0 0 0 0 0 0 0 0 0 0 0 0 0 0 0 0 0 0 0 0 0 0 0 0 0 0 0 0 0 0 0 0 0 0 
# Events [psd_source/PSD_source.dat] N:
0 0 0 0 0 0 0 0 0 0 0 0 0 0 0 0 0 0 0 0 0 0 0 0 0 0 0 0 0 0 0 0 0 0 0 0 0 0 0 0 
0 0 0 0 0 0 0 0 0 0 0 0 0 0 0 0 0 0 0 0 0 0 0 0 0 0 0 0 0 0 0 0 0 0 0 0 0 0 0 0 
0 0 0 0 0 0 0 0 0 0 0 0 0 0 0 0 0 0 0 0 0 0 0 0 0 0 0 0 0 0 0 0 0 0 0 0 0 0 0 0 
0 0 0 0 0 0 0 0 0 0 0 0 0 0 0 0 0 0 0 0 0 0 0 0 0 0 0 0 0 0 0 0 0 0 0 0 0 0 0 0 
0 0 0 0 0 0 0 0 0 0 0 0 0 0 0 0 0 0 0 0 0 0 0 0 0 0 0 0 0 0 0 0 0 0 0 0 0 0 0 0 
0 0 0 0 0 0 0 0 0 0 0 0 0 0 0 0 0 0 0 0 0 0 0 0 0 0 0 0 0 0 0 0 0 0 0 0 0 0 0 0 
0 0 0 0 0 0 0 0 0 0 0 0 0 0 0 0 0 150 433 566 568 436 153 0 0 0 0 0 0 0 0 0 0 0 0 0 0 0 0 0 
0 0 0 0 0 0 0 0 0 0 0 0 0 0 210 975 1483 1884 1814 1833 1811 1746 1817 1556 1013 249 0 0 0 0 0 0 0 0 0 0 0 0 0 0 
0 0 0 0 0 0 0 0 0 0 0 0 158 1182 1774 1795 1781 1747 1773 1850 1786 1734 1739 1746 1748 1802 1178 144 0 0 0 0 0 0 0 0 0 0 0 0 
0 0 0 0 0 0 0 0 0 0 0 505 1655 1862 1822 1753 1767 1787 1880 1843 1790 1803 1811 1766 1757 1760 1805 1656 505 0 0 0 0 0 0 0 0 0 0 0 
0 0 0 0 0 0 0 0 0 0 623 1787 1783 1834 1705 1755 1903 1813 1795 1811 1759 1771 1856 1749 1744 1754 1796 1799 1742 651 0 0 0 0 0 0 0 0 0 0 
0 0 0 0 0 0 0 0 0 463 1766 1748 1778 1807 1806 1772 1848 1770 1806 1749 1766 1796 1820 1771 1793 1803 1732 1817 1714 1746 484 0 0 0 0 0 0 0 0 0 
0 0 0 0 0 0 0 0 191 1675 1823 1746 1714 1697 1767 1814 1791 1740 1840 1757 1753 1771 1741 1772 1786 1774 1764 1850 1785 1820 1640 171 0 0 0 0 0 0 0 0 
0 0 0 0 0 0 0 0 1130 1843 1816 1836 1799 1784 1770 1898 1791 1769 1759 1866 1775 1830 1818 1840 1855 1827 1693 1748 1733 1776 1786 1129 0 0 0 0 0 0 0 0 
0 0 0 0 0 0 0 294 1728 1740 1822 1852 1773 1814 1813 1813 1779 1804 1881 1792 1845 1802 1747 1797 1796 1764 1739 1859 1789 1760 1830 1719 286 0 0 0 0 0 0 0 
0 0 0 0 0 0 0 942 1753 1837 1766 1730 1823 1849 1768 1745 1746 1808 1766 1793 1766 1757 1757 1841 1759 1813 1822 1797 1802 1842 1787 1747 987 0 0 0 0 0 0 0 
0 0 0 0 0 0 0 1509 1780 1778 1763 1853 1798 1831 1741 1749 1773 1731 1734 1701 1733 1847 1794 1807 1742 1711 1772 1807 1827 1737 1816 1812 1513 0 0 0 0 0 0 0 
0 0 0 0 0 0 168 1759 1809 1821 1822 1755 1766 1833 1735 1796 1802 1794 1848 1773 1816 1749 1763 1774 1810 1780 1862 1842 1814 1845 1737 1814 1792 164 0 0 0 0 0 0 
0 0 0 0 0 0 405 1864 1743 1704 1814 1764 1851 1803 1841 1799 1756 1821 1699 1833 1799 1751 1786 1821 1773 1819 1790 1724 1780 1773 1708 1877 1769 431 0 0 0 0 0 0 
0 0 0 0 0 0 576 1835 1791 1744 1838 1720 1814 1791 1837 1805 1803 1890 1849 1714 1734 1755 1825 1849 1809 1782 1795 1842 1826 1748 1869 1836 1874 552 0 0 0 0 0 0 
0 0 0 0 0 0 580 1781 1746 1722 1772 1804 1774 1838 1781 1848 1823 1799 1792 1769 1845 1781 1785 1862 1765 1769 1789 1725 1805 1849 1825 1780 1867 574 0 0 0 0 0 0 
0 0 0 0 0 0 464 1767 1757 1785 1769 1723 1786 1763 1863 1805 1811 1882 1873 1766 1761 1790 1817 1793 1793 1806 1797 1767 1812 1748 1803 1685 1856 444 0 0 0 0 0 0 
0 0 0 0 0 0 176 1759 1781 1838 1758 1733 1900 1742 1727 1801 1837 1729 1811 1796 1784 1842 1784 1801 1810 1829 1779 1784 1853 1848 1751 1792 1816 168 0 0 0 0 0 0 
0 0 0 0 0 0 0 1511 1762 1793 1763 1793 1793 1868 1785 1736 1797 1796 1780 1799 1799 1749 1749 1742 1875 1810 1802 1672 1776 1829 1727 1772 1523 0 0 0 0 0 0 0 
0 0 0 0 0 0 0 984 1835 1790 1755 1775 1764 1781 1688 1777 1778 1809 1863 1814 1767 1765 1796 1749 1811 1808 1834 1773 1786 1835 1850 1798 1000 0 0 0 0 0 0 0 
0 0 0 0 0 0 0 263 1790 1758 1700 1799 1797 1770 1747 1781 1802 1775 1796 1799 1786 1856 1736 1796 1732 1845 1745 1753 1772 1876 1797 1778 271 0 0 0 0 0 0 0 
0 0 0 0 0 0 0 0 1130 1809 1790 1843 1692 1825 1748 1817 1814 1781 1741 1823 1837 1759 1861 1822 1793 1768 1840 1776 1791 1819 1791 1140 0 0 0 0 0 0 0 0 
0 0 0 0 0 0 0 0 190 1609 1782 1766 1825 1746 1776 1749 1822 1739 1835 1882 1745 1739 1820 1853 1806 1785 1750 1816 1733 1820 1678 164 0 0 0 0 0 0 0 0 
0 0 0 0 0 0 0 0 0 532 1764 1790 1788 1752 1809 1766 1840 1822 1766 1806 1755 1719 1775 1802 1782 1801 1833 1751 1816 1784 500 0 0 0 0 0 0 0 0 0 
0 0 0 0 0 0 0 0 0 0 678 1855 1800 1823 1730 1719 1801 1748 1754 1759 1830 1808 1779 1773 1763 1778 1736 1768 1857 696 0 0 0 0 0 0 0 0 0 0 
0 0 0 0 0 0 0 0 0 0 0 465 1681 1797 1830 1842 1790 1833 1735 1795 1798 1817 1792 1897 1861 1775 1746 1586 506 0 0 0 0 0 0 0 0 0 0 0 
0 0 0 0 0 0 0 0 0 0 0 0 163 1139 1714 1794 1813 1700 1724 1819 1874 1863 1866 1811 1801 1717 1079 168 0 0 0 0 0 0 0 0 0 0 0 0 
0 0 0 0 0 0 0 0 0 0 0 0 0 0 283 992 1586 1798 1885 1817 1846 1714 1787 1502 953 288 0 0 0 0 0 0 0 0 0 0 0 0 0 0 
0 0 0 0 0 0 0 0 0 0 0 0 0 0 0 0 0 178 426 556 571 404 161 0 0 0 0 0 0 0 0 0 0 0 0 0 0 0 0 0 
0 0 0 0 0 0 0 0 0 0 0 0 0 0 0 0 0 0 0 0 0 0 0 0 0 0 0 0 0 0 0 0 0 0 0 0 0 0 0 0 
0 0 0 0 0 0 0 0 0 0 0 0 0 0 0 0 0 0 0 0 0 0 0 0 0 0 0 0 0 0 0 0 0 0 0 0 0 0 0 0 
0 0 0 0 0 0 0 0 0 0 0 0 0 0 0 0 0 0 0 0 0 0 0 0 0 0 0 0 0 0 0 0 0 0 0 0 0 0 0 0 
0 0 0 0 0 0 0 0 0 0 0 0 0 0 0 0 0 0 0 0 0 0 0 0 0 0 0 0 0 0 0 0 0 0 0 0 0 0 0 0 
0 0 0 0 0 0 0 0 0 0 0 0 0 0 0 0 0 0 0 0 0 0 0 0 0 0 0 0 0 0 0 0 0 0 0 0 0 0 0 0 
0 0 0 0 0 0 0 0 0 0 0 0 0 0 0 0 0 0 0 0 0 0 0 0 0 0 0 0 0 0 0 0 0 0 0 0 0 0 0 0 
