# Format: McCode with text headers
# URL: http://www.mccode.org
# Creator: McStas 2.5 - Dec. 12, 2018
# Instrument: ESS_HEIMDAL.instr
# Ncount: 25000
# Trace: no
# Gravitation: no
# Seed: 1565850598
# Directory: TemperatureScan/20
# Nodes: 4
# Param: lmax=4
# Param: lmin=0.5
# Param: T=410
# Param: tau=0
# Param: use_CoFe2O4=1
# Param: use_CoFe=1
# Param: use_magn=1
# Date: Wed Aug 14 12:14:00 2019 (1565777640)
# type: array_2d(40, 40)
# Source: ESS_HEIMDAL (ESS_HEIMDAL.instr)
# component: psd_source
# position: 0 0 0.01
# title: PSD monitor
# Ncount: 100000
# filename: PSD_source.dat
# statistics: X0=-0.011895; dX=5.00942; Y0=0.0043875; dY=5.00098;
# signal: Min=0; Max=7.56006e+06; Mean=2.13803e+06;
# values: 3.42084e+09 1.08177e+07 100000
# xvar: X 
# yvar: Y 
# xlabel: X position [cm]
# ylabel: Y position [cm]
# zvar: I
# zlabel: Signal per bin
# xylimits: -15 15 -15 15
# variables: I I_err N
# Data [psd_source/PSD_source.dat] I:
0 0 0 0 0 0 0 0 0 0 0 0 0 0 0 0 0 0 0 0 0 0 0 0 0 0 0 0 0 0 0 0 0 0 0 0 0 0 0 0 
0 0 0 0 0 0 0 0 0 0 0 0 0 0 0 0 0 0 0 0 0 0 0 0 0 0 0 0 0 0 0 0 0 0 0 0 0 0 0 0 
0 0 0 0 0 0 0 0 0 0 0 0 0 0 0 0 0 0 0 0 0 0 0 0 0 0 0 0 0 0 0 0 0 0 0 0 0 0 0 0 
0 0 0 0 0 0 0 0 0 0 0 0 0 0 0 0 0 0 0 0 0 0 0 0 0 0 0 0 0 0 0 0 0 0 0 0 0 0 0 0 
0 0 0 0 0 0 0 0 0 0 0 0 0 0 0 0 0 0 0 0 0 0 0 0 0 0 0 0 0 0 0 0 0 0 0 0 0 0 0 0 
0 0 0 0 0 0 0 0 0 0 0 0 0 0 0 0 0 0 0 0 0 0 0 0 0 0 0 0 0 0 0 0 0 0 0 0 0 0 0 0 
0 0 0 0 0 0 0 0 0 0 0 0 0 0 0 0 0 581543.1744 1915671.629 2291964.108 1949880.053 1470961.961 513126.3321 0 0 0 0 0 0 0 0 0 0 0 0 0 0 0 0 0 
0 0 0 0 0 0 0 0 0 0 0 0 0 0 718376.8234 3249800.3 5439139.39 5918057.721 6054891.165 6157516.105 6568017.787 6123307.712 5268097.499 5097054.9 3386634.008 684168.3636 0 0 0 0 0 0 0 0 0 0 0 0 0 0 
0 0 0 0 0 0 0 0 0 0 0 0 444709.4009 3489259.342 5952265.723 5952266.226 5644390.775 6089100.519 6670643.586 5883849.92 5644390.854 6294350.995 6362767.653 5815432.58 6294350.664 5131263.896 4173427.622 752585.2642 0 0 0 0 0 0 0 0 0 0 0 0 
0 0 0 0 0 0 0 0 0 0 0 2223547.408 5952265.63 5302306.144 5199681.142 7149562.072 5473348.879 6123309.309 5918059.013 6568019.041 6602227.624 6465394.069 6396976.658 5747016.642 6841685.962 6157517.022 6396975.514 5404930.803 1710421.177 0 0 0 0 0 0 0 0 0 0 0 
0 0 0 0 0 0 0 0 0 0 1881463.31 6431183.812 6294350.598 6602226.947 6875894.869 5268098.684 6978520.525 6020684.613 5610183.464 5610183.457 5883851.234 6225935.159 6465394.415 6568019.752 6020684.104 5473348.976 6054891.83 6191725.401 5986474.052 2291964.361 0 0 0 0 0 0 0 0 0 0 
0 0 0 0 0 0 0 0 0 1299920.098 5439139.506 5644390.521 6020683.541 5952266.995 5849642.257 6431186.182 6568020.151 6294352.871 6396978.024 5849643.164 6465394.957 6294352.862 6704853.865 5849642.826 6020684.592 5918059.045 5439140.758 6191725.907 6328558.87 5575973.121 2052505.4 0 0 0 0 0 0 0 0 0 
0 0 0 0 0 0 0 0 342084.2443 5336514.099 5918057.878 6260142.668 5986475.564 5028639.967 5883851.048 5849643.214 6362769.936 5781226.54 6020685.622 6020685.847 6602229.369 5781226.895 5404933.718 6739062.628 6499603.372 5849642.89 5781225.447 7081145.758 6089100.488 6773268.478 5268097.327 718376.865 0 0 0 0 0 0 0 0 
0 0 0 0 0 0 0 0 4515511.866 5712807.257 5883849.892 6123309.532 7012729.24 5610183.633 6568020.308 5610184.536 6396978.763 6020685.871 6602229.881 6602229.941 5439142.796 5439142.57 5507559.579 5918060.618 5781226.533 5439141.915 5644392.191 5644391.633 6260142.951 6020683.603 6636434.77 4173427.769 0 0 0 0 0 0 0 0 
0 0 0 0 0 0 0 615751.6374 5712806.896 6328559.286 6157517.682 6260143.433 5439141.474 6670645.754 6465395.553 5747018.482 5439142.805 5439142.847 6328562.677 6465396.243 7149565.236 5199683.861 6191728.644 6260145.426 5986477.669 5815435.124 6020685.399 6944312.802 6773270.103 6089100.858 6910102.504 6568017.561 718376.8419 0 0 0 0 0 0 0 
0 0 0 0 0 0 0 3284008.57 5781223.96 6123308.974 6362768.598 6875895.798 6499603.453 5507559.133 6020685.94 6396979.267 6157520.391 6225937.432 5404934.792 6089103.888 6362771.45 5952269.991 6841689.51 6499604.858 5815435.649 5507559.393 6670646.057 6054893.666 6089101.723 5302307.074 6020683.618 5575973.457 3112966.504 0 0 0 0 0 0 0 
0 0 0 0 0 0 0 6191724.723 6431184.415 6123309.213 5781225.418 5986476.65 5268099.809 5644393.132 6533812.933 5747019.056 5302309.459 6636439.097 5404935.084 7149566.095 5815436.603 6328563.202 6362771.541 5131267.155 7423232.965 6431187.652 5849643.728 5986477.052 6089101.915 6191726.61 6260142.847 6670643.316 5712806.693 0 0 0 0 0 0 0 
0 0 0 0 0 0 615751.5958 6499600.633 5986474.966 6978520.17 6396977.49 6123310.499 6773271.388 5302308.806 7183773.667 6499605.005 6328563.097 5918061.88 6602230.973 5849645.085 6225938.061 6670647.836 6910106.952 6362771.484 6636438.836 6910105.966 6089103.023 6260144.733 6191727.474 5610183.387 6568018.959 6123308.676 6260141.602 547334.7613 0 0 0 0 0 0 
0 0 0 0 0 0 1607795.855 6157516.477 6465393.112 5336515.445 6328560.674 6431186.602 6362770.204 6362770.698 7354816.005 6225937.55 6123312.478 6260146.491 6602231.138 5747019.871 5918062.12 5336518.417 6841690.123 6670647.637 5883853.087 5747019.041 6396979.161 6704854.617 5507558.73 6294352.281 6533810.687 5849641.384 5781223.811 1813046.358 0 0 0 0 0 0 
0 0 0 0 0 0 1436753.726 6875893.495 6328559.399 6191726.434 6123310.113 5747017.845 5815435.169 6054894.691 5986478.215 6362771.446 6225937.885 5370726.795 6362772.027 6533814.313 5302310.08 6294355.114 5986478.914 5678602.683 6020686.934 6841689.361 6157520.082 5747018.295 6396978.196 5883851.09 6499602.321 6089100.413 6396975.533 2120922.192 0 0 0 0 0 0 
0 0 0 0 0 0 2052505.336 6328558.702 6191725.715 6294351.684 5575975.136 6396978.23 6328561.809 5986477.837 6089103.578 5849644.699 5849644.916 6089104.269 6362772.001 5815436.83 6431188.979 5644394.521 6773273.248 6089104.082 6465396.78 5712810.619 6396979.159 5986477.427 5849643.163 6431186.077 7012728.787 5747016.078 5439139.578 1642004.267 0 0 0 0 0 0 
0 0 0 0 0 0 1368336.897 5986474.31 6499601.478 6260143.169 5849642.622 6191727.472 6362770.215 5575976.395 6533813.291 6020686.917 6396980.059 6089104.205 5883853.608 6020687.478 6704856.561 5678602.884 6739064.771 5097058.993 6328562.875 5815435.888 5165475.141 5986477.381 5883851.566 5849642.605 7046937.151 6362767.749 6704851.323 1265711.623 0 0 0 0 0 0 
0 0 0 0 0 0 923627.4011 6328558.411 6533809.812 6739061.23 5678600.233 6431186.449 5849643.437 6328562.078 6362770.894 5952269.825 6191729.316 5610185.785 6225938.023 6602231.004 6533814.13 6875898.532 6020687.143 5849644.767 6157520.542 6089103.336 5747018.609 6260144.734 5952268.281 6396977.494 6396976.706 5918058.072 5849640.655 718376.853 0 0 0 0 0 0 
0 0 0 0 0 0 0 5062846.662 5575973.542 5986475.322 6670644.746 6089101.848 6123310.807 6191728.109 6157520.008 5815435.936 6704855.692 5781227.864 5986478.649 5883853.411 6020687.149 6020687.136 6602230.698 6431188.224 6191728.849 6054894.735 5952269.032 5507558.872 6773270.612 5986476.028 6431185.135 5986474.884 5986474.077 0 0 0 0 0 0 0 
0 0 0 0 0 0 0 3797134.857 5747015.595 5781224.51 6875895.023 5610183.544 6875896.217 5473350.642 6157519.772 5883852.591 5712810.572 5952269.859 6465396.746 5712810.886 5575977.077 6020686.848 6568021.87 5370726.123 6704855.316 5781226.946 6020685.749 5952268.459 5952267.993 6465393.888 5747016.296 5610181.885 3660301.264 0 0 0 0 0 0 0 
0 0 0 0 0 0 0 1197294.815 5883848.908 6807477.293 5815433.397 5986475.992 6191727.175 5678601.093 5849643.621 6260145.247 6294353.8 5849644.148 5986478.102 5849644.368 6739063.899 6020686.564 5883852.747 5986477.75 5712810.007 6362770.152 6499603.443 5986476.54 6225935.181 5575974.379 5370723.115 5473347.886 855210.5568 0 0 0 0 0 0 0 
0 0 0 0 0 0 0 0 3968177.086 5439139.761 5918058.333 5952267.257 6602227.823 7183771.872 6807479.552 6089102.724 6225936.601 6020686.153 5781227.22 5986477.905 5712810.308 7081148.1 6020686.077 5575976.174 5815435.082 6568020.366 5575975.458 5575974.848 5575974.636 5336515.095 6054891.304 4344469.829 0 0 0 0 0 0 0 0 
0 0 0 0 0 0 0 0 821002.0757 6054890.93 5781224.055 7081145.1 5404932.379 5370724.283 7115354.834 5849643.115 6739062.815 6328561.591 6465395.708 5883852.213 5575976.123 6260144.775 5747018.201 5986477.026 5473350.448 6568019.818 5918059.308 5644391.325 6431184.851 6807476.995 5199680.555 718376.8911 0 0 0 0 0 0 0 0 
0 0 0 0 0 0 0 0 0 1505170.584 6636434.38 6020683.22 6431184.984 5815433.506 5918059.194 5747017.204 6225935.683 5712809.346 6225935.938 5541767.198 6499603.729 6123310.697 6396977.923 6191727.096 5507558.313 5439141.15 5781225.132 6910102.859 6807476.976 5233889.076 1710421.216 0 0 0 0 0 0 0 0 0 
0 0 0 0 0 0 0 0 0 0 2086713.865 6157516.335 6191725.303 5815433.036 6054892.292 6054892.646 5918059.219 6328560.577 6089101.739 6191726.778 6533811.205 7560064.445 6636436.495 5747017.19 5952267.145 6225934.59 5678599.359 5986474.836 5883848.916 1368336.868 0 0 0 0 0 0 0 0 0 0 
0 0 0 0 0 0 0 0 0 0 0 1607795.897 6020682.511 6670643.221 5986474.979 5849641.525 6533810.53 5644391.361 6157518.014 6704852.758 6910103.469 5986475.68 6260143.311 6465393.602 6431184.877 5268097.883 5952266.075 5199680.216 1539378.902 0 0 0 0 0 0 0 0 0 0 0 
0 0 0 0 0 0 0 0 0 0 0 0 786793.6523 4139219.247 6294349.729 6123308.318 5336514.551 5986474.848 5815432.854 5986475.194 6396976.247 6362767.636 6191725.688 6362767.434 5575973.341 5849640.52 3762926.467 547334.7636 0 0 0 0 0 0 0 0 0 0 0 0 
0 0 0 0 0 0 0 0 0 0 0 0 0 0 1060461.24 4105010.713 5062846.519 6123307.88 5781224.034 5883849.11 7183769.299 5815432.131 6739059.472 5952265.632 3762926.686 718376.8593 0 0 0 0 0 0 0 0 0 0 0 0 0 0 
0 0 0 0 0 0 0 0 0 0 0 0 0 0 0 0 0 718376.9694 1402545.397 2155130.598 2257755.748 1265711.756 581543.1606 0 0 0 0 0 0 0 0 0 0 0 0 0 0 0 0 0 
0 0 0 0 0 0 0 0 0 0 0 0 0 0 0 0 0 0 0 0 0 0 0 0 0 0 0 0 0 0 0 0 0 0 0 0 0 0 0 0 
0 0 0 0 0 0 0 0 0 0 0 0 0 0 0 0 0 0 0 0 0 0 0 0 0 0 0 0 0 0 0 0 0 0 0 0 0 0 0 0 
0 0 0 0 0 0 0 0 0 0 0 0 0 0 0 0 0 0 0 0 0 0 0 0 0 0 0 0 0 0 0 0 0 0 0 0 0 0 0 0 
0 0 0 0 0 0 0 0 0 0 0 0 0 0 0 0 0 0 0 0 0 0 0 0 0 0 0 0 0 0 0 0 0 0 0 0 0 0 0 0 
0 0 0 0 0 0 0 0 0 0 0 0 0 0 0 0 0 0 0 0 0 0 0 0 0 0 0 0 0 0 0 0 0 0 0 0 0 0 0 0 
0 0 0 0 0 0 0 0 0 0 0 0 0 0 0 0 0 0 0 0 0 0 0 0 0 0 0 0 0 0 0 0 0 0 0 0 0 0 0 0 
# Errors [psd_source/PSD_source.dat] I_err:
0 0 0 0 0 0 0 0 0 0 0 0 0 0 0 0 0 0 0 0 0 0 0 0 0 0 0 0 0 0 0 0 0 0 0 0 0 0 0 0 
0 0 0 0 0 0 0 0 0 0 0 0 0 0 0 0 0 0 0 0 0 0 0 0 0 0 0 0 0 0 0 0 0 0 0 0 0 0 0 0 
0 0 0 0 0 0 0 0 0 0 0 0 0 0 0 0 0 0 0 0 0 0 0 0 0 0 0 0 0 0 0 0 0 0 0 0 0 0 0 0 
0 0 0 0 0 0 0 0 0 0 0 0 0 0 0 0 0 0 0 0 0 0 0 0 0 0 0 0 0 0 0 0 0 0 0 0 0 0 0 0 
0 0 0 0 0 0 0 0 0 0 0 0 0 0 0 0 0 0 0 0 0 0 0 0 0 0 0 0 0 0 0 0 0 0 0 0 0 0 0 0 
0 0 0 0 0 0 0 0 0 0 0 0 0 0 0 0 0 0 0 0 0 0 0 0 0 0 0 0 0 0 0 0 0 0 0 0 0 0 0 0 
0 0 0 0 0 0 0 0 0 0 0 0 0 0 0 0 0 141044.9373 255992.3893 280007.9816 258267.9222 224319.5961 132488.6492 0 0 0 0 0 0 0 0 0 0 0 0 0 0 0 0 0 
0 0 0 0 0 0 0 0 0 0 0 0 0 0 156762.6748 333422.4757 431351.8118 449941.5967 455113.4894 458954.1528 474005.8547 457677.5068 424515.3942 417567.0075 340369.5245 152984.6969 0 0 0 0 0 0 0 0 0 0 0 0 0 0 
0 0 0 0 0 0 0 0 0 0 0 0 123340.196 345488.1564 451240.0999 451240.1381 439415.2259 456397.3797 477694.7092 448639.3504 439415.232 464025.7117 466540.7599 446023.3184 464025.6873 418965.9427 377844.3834 160451.7174 0 0 0 0 0 0 0 0 0 0 0 0 
0 0 0 0 0 0 0 0 0 0 0 275797.1126 451240.0929 425891.4782 421749.8321 494545.5496 432706.2222 457677.6261 449941.6949 474005.9452 475238.7434 470288.2177 467793.2628 443391.9601 483780.2539 458954.2211 467793.1791 429993.2071 241890.0826 0 0 0 0 0 0 0 0 0 0 0 
0 0 0 0 0 0 0 0 0 0 253696.461 469042.286 464025.6825 475238.6946 484988.2301 424515.4897 488594.1654 453826.1783 438081.7282 438081.7277 448639.4506 461497.0182 470288.2429 474005.9965 453826.1399 432706.2298 455113.5394 460227.3246 452534.9021 280008.0125 0 0 0 0 0 0 0 0 0 0 
0 0 0 0 0 0 0 0 0 210874.8857 431351.8211 439415.2061 453826.0974 451240.1964 447333.3237 469042.4589 474006.0253 464025.85 467793.3626 447333.3931 470288.2824 464025.8493 478918.1332 447333.3673 453826.1766 449941.6973 431351.9203 460227.3622 465284.9018 436743.9216 264977.3077 0 0 0 0 0 0 0 0 0 
0 0 0 0 0 0 0 0 108176.5364 427263.0752 449941.6086 462763.062 452535.0163 414755.2341 448639.4364 447333.3969 466540.9274 444709.7338 453826.2543 453826.2712 475238.869 444709.7612 429993.439 480138.3319 471530.7881 447333.3722 444709.6497 492173.6528 456397.3773 481355.2305 424515.3803 156762.6839 0 0 0 0 0 0 0 0 
0 0 0 0 0 0 0 0 393024.8606 442070.2978 448639.3483 457677.6428 489790.2557 438081.7414 474006.0366 438081.812 467793.4167 453826.2731 475238.9058 475238.9101 431352.082 431352.064 434056.5017 449941.8169 444709.7333 431352.0121 439415.3361 439415.2927 462763.0828 453826.1021 476468.2487 377844.3966 0 0 0 0 0 0 0 0 
0 0 0 0 0 0 0 145134.0528 442070.2699 465284.9324 458954.2703 462763.1185 431351.9771 477694.8644 470288.3257 443392.102 431352.0827 431352.086 465285.1817 470288.3759 494545.7684 421750.0527 460227.5656 462763.2658 452535.1755 446023.5135 453826.2375 487395.2093 481355.346 456397.405 486193.1156 474005.8383 156762.6788 0 0 0 0 0 0 0 
0 0 0 0 0 0 0 335172.7211 444709.5354 457677.6011 466540.8292 484988.2957 471530.794 434056.4666 453826.2782 467793.4535 458954.4722 461497.1867 429993.5245 456397.6322 466541.0383 451240.4235 483780.5047 471530.8959 446023.5537 434056.487 477694.8861 455113.6774 456397.4699 425891.553 453826.1033 436743.9479 326327.5584 0 0 0 0 0 0 0 
0 0 0 0 0 0 0 460227.2742 469042.33 457677.6189 444709.6475 452535.0984 424515.5802 439415.4094 472770.1114 443392.1463 425891.7446 476468.5594 429993.5476 494545.8278 446023.6269 465285.2203 466541.045 418966.2088 503921.8891 469042.5661 447333.4363 452535.1288 456397.4843 460227.4145 462763.0752 477694.6898 442070.2542 0 0 0 0 0 0 0 
0 0 0 0 0 0 145134.043 471530.5894 452534.9712 488594.1405 467793.3236 457677.7151 481355.4373 425891.6921 495727.4794 471530.9066 465285.2125 449941.9128 475238.9844 447333.54 461497.2333 477695.0135 486193.4285 466541.0408 476468.5406 486193.3592 456397.5674 462763.2146 460227.4786 438081.7222 474005.9392 457677.5788 462762.9831 136833.6903 0 0 0 0 0 0 
0 0 0 0 0 0 234521.1288 458954.1805 470288.1481 427263.183 465285.0345 469042.4895 466540.947 466540.9832 501594.2883 461497.1955 457677.863 462763.3446 475238.9963 443392.2092 449941.9311 427263.4209 483780.5481 477694.9992 448639.5919 443392.1452 467793.4458 478918.1869 434056.4348 464025.8065 472769.9489 447333.257 444709.5239 249041.0702 0 0 0 0 0 0 
0 0 0 0 0 0 221695.9129 484988.1332 465284.9407 460227.4014 457677.6862 443392.0529 446023.5169 455113.7545 452535.2168 466541.0381 461497.2203 428630.6615 466541.0806 472770.2113 425891.7944 464026.0153 452535.2696 440745.0458 453826.3532 483780.4942 458954.4492 443392.0876 467793.3753 448639.4396 471530.7119 456397.3717 467793.1805 269357.3877 0 0 0 0 0 0 
0 0 0 0 0 0 264977.2995 465284.8894 460227.3479 464025.7625 436744.0794 467793.3777 465285.1179 452535.1881 456397.6089 447333.5105 447333.5271 456397.6607 466541.0787 446023.6444 469042.6629 439415.5175 481355.5695 456397.6467 470288.415 442070.558 467793.4456 452535.1572 447333.3931 469042.4512 489790.2241 443391.9166 431351.8268 237002.9014 0 0 0 0 0 0 
0 0 0 0 0 0 216353.06 452534.9215 471530.6507 462763.0989 447333.3517 460227.4785 466540.9478 436744.1781 472770.1373 453826.3519 467793.5115 456397.6559 448639.6316 453826.3942 478918.3258 440745.0613 480138.4846 417567.3428 465285.1963 446023.5721 420360.4054 452535.1537 448639.476 447333.3504 490983.3763 466540.767 478917.9516 208081.709 0 0 0 0 0 0 
0 0 0 0 0 0 177752.1762 465284.8681 472769.8856 480138.2324 440744.8556 469042.4784 447333.414 465285.1377 466540.9976 451240.411 460227.6156 438081.9094 461497.2305 475238.9867 472770.198 484988.4885 453826.3689 447333.5157 458954.4835 456397.5908 443392.1119 462763.2147 451240.2939 467793.3239 467793.2663 449941.6233 447333.2012 156762.6813 0 0 0 0 0 0 
0 0 0 0 0 0 0 416163.432 436743.9546 452534.9981 477694.7922 456397.4793 457677.7381 460227.5258 458954.4437 446023.5758 478918.2637 444709.8357 452535.2496 448639.6166 453826.3694 453826.3684 475238.9647 469042.6078 460227.5808 455113.7577 451240.3508 434056.446 481355.3821 452535.0514 469042.3825 452534.965 452534.9039 0 0 0 0 0 0 0 
0 0 0 0 0 0 0 360408.091 443391.8793 444709.5777 484988.241 438081.7345 484988.3252 432706.3615 458954.4261 448639.5541 442070.5544 451240.4135 470288.4125 442070.5787 436744.2315 453826.3467 474006.1493 428630.6079 478918.2368 444709.7651 453826.2639 451240.3074 451240.2721 470288.2046 443391.9334 438081.6049 353854.6793 0 0 0 0 0 0 0 
0 0 0 0 0 0 0 202379.7614 448639.2733 482569.2707 446023.381 452535.0487 460227.4564 440744.9224 447333.428 462763.2526 464025.9185 447333.4684 452535.2082 447333.4852 480138.4225 453826.3253 448639.566 452535.1816 442070.5106 466540.9432 471530.7933 452535.0901 461497.0199 436744.0201 428630.3678 432706.1437 171042.1114 0 0 0 0 0 0 0 
0 0 0 0 0 0 0 0 368435.9929 431351.8412 449941.6432 451240.2162 475238.7577 495727.3555 482569.4308 456397.5449 461497.1251 453826.2943 444709.7861 452535.1933 442070.5339 492173.8156 453826.2886 436744.1607 446023.5103 474006.0408 436744.1047 436744.0568 436744.0402 427263.155 455113.4999 385509.3583 0 0 0 0 0 0 0 0 
0 0 0 0 0 0 0 0 167586.3469 455113.4718 444709.5427 492173.6072 429993.3324 428630.461 493361.0903 447333.3893 480138.3452 465285.1019 470288.337 448639.5253 436744.1567 462763.2177 443392.0804 452535.1268 432706.3462 474006.0012 449941.7173 439415.2687 469042.3618 482569.2495 421749.7845 156762.6896 0 0 0 0 0 0 0 0 
0 0 0 0 0 0 0 0 0 226913.0034 476468.2208 453826.0733 469042.3715 446023.3894 449941.7086 443392.0035 461497.057 442070.4595 461497.076 435402.3517 471530.814 457677.7299 467793.3553 460227.4505 434056.4019 431351.9514 444709.6256 486193.1405 482569.2482 423134.8528 241890.0881 0 0 0 0 0 0 0 0 0 
0 0 0 0 0 0 0 0 0 0 267176.3327 458954.1699 460227.3173 446023.3533 455113.5741 455113.6007 449941.7105 465285.0273 456397.4711 460227.4269 472769.9864 508544.9673 476468.3725 443392.0024 451240.2077 461496.976 440744.7877 452534.9613 448639.2739 216353.0555 0 0 0 0 0 0 0 0 0 0 
0 0 0 0 0 0 0 0 0 0 0 234521.1348 453826.0198 477694.683 452534.9722 447333.2678 472769.9376 439415.2715 458954.295 478918.0541 486193.1835 452535.0251 462763.1095 470288.1838 469042.3637 424515.4251 451240.1266 421749.757 229477.0579 0 0 0 0 0 0 0 0 0 0 0 
0 0 0 0 0 0 0 0 0 0 0 0 164057.8174 376292.6588 464025.6184 457677.5521 427263.1114 452534.9623 446023.3394 452534.9884 467793.2327 466540.7587 460227.3459 466540.7439 436743.9388 447333.191 358780.9613 136833.6909 0 0 0 0 0 0 0 0 0 0 0 0 
0 0 0 0 0 0 0 0 0 0 0 0 0 0 190464.4613 374734.4944 416163.4203 457677.5193 444709.541 448639.2887 495727.178 446023.2839 480138.1071 451240.0931 358780.9821 156762.6826 0 0 0 0 0 0 0 0 0 0 0 0 0 0 
0 0 0 0 0 0 0 0 0 0 0 0 0 0 0 0 0 156762.7067 219040.7909 271520.9336 277910.5213 208081.7309 141044.9339 0 0 0 0 0 0 0 0 0 0 0 0 0 0 0 0 0 
0 0 0 0 0 0 0 0 0 0 0 0 0 0 0 0 0 0 0 0 0 0 0 0 0 0 0 0 0 0 0 0 0 0 0 0 0 0 0 0 
0 0 0 0 0 0 0 0 0 0 0 0 0 0 0 0 0 0 0 0 0 0 0 0 0 0 0 0 0 0 0 0 0 0 0 0 0 0 0 0 
0 0 0 0 0 0 0 0 0 0 0 0 0 0 0 0 0 0 0 0 0 0 0 0 0 0 0 0 0 0 0 0 0 0 0 0 0 0 0 0 
0 0 0 0 0 0 0 0 0 0 0 0 0 0 0 0 0 0 0 0 0 0 0 0 0 0 0 0 0 0 0 0 0 0 0 0 0 0 0 0 
0 0 0 0 0 0 0 0 0 0 0 0 0 0 0 0 0 0 0 0 0 0 0 0 0 0 0 0 0 0 0 0 0 0 0 0 0 0 0 0 
0 0 0 0 0 0 0 0 0 0 0 0 0 0 0 0 0 0 0 0 0 0 0 0 0 0 0 0 0 0 0 0 0 0 0 0 0 0 0 0 
# Events [psd_source/PSD_source.dat] N:
0 0 0 0 0 0 0 0 0 0 0 0 0 0 0 0 0 0 0 0 0 0 0 0 0 0 0 0 0 0 0 0 0 0 0 0 0 0 0 0 
0 0 0 0 0 0 0 0 0 0 0 0 0 0 0 0 0 0 0 0 0 0 0 0 0 0 0 0 0 0 0 0 0 0 0 0 0 0 0 0 
0 0 0 0 0 0 0 0 0 0 0 0 0 0 0 0 0 0 0 0 0 0 0 0 0 0 0 0 0 0 0 0 0 0 0 0 0 0 0 0 
0 0 0 0 0 0 0 0 0 0 0 0 0 0 0 0 0 0 0 0 0 0 0 0 0 0 0 0 0 0 0 0 0 0 0 0 0 0 0 0 
0 0 0 0 0 0 0 0 0 0 0 0 0 0 0 0 0 0 0 0 0 0 0 0 0 0 0 0 0 0 0 0 0 0 0 0 0 0 0 0 
0 0 0 0 0 0 0 0 0 0 0 0 0 0 0 0 0 0 0 0 0 0 0 0 0 0 0 0 0 0 0 0 0 0 0 0 0 0 0 0 
0 0 0 0 0 0 0 0 0 0 0 0 0 0 0 0 0 17 56 67 57 43 15 0 0 0 0 0 0 0 0 0 0 0 0 0 0 0 0 0 
0 0 0 0 0 0 0 0 0 0 0 0 0 0 21 95 159 173 177 180 192 179 154 149 99 20 0 0 0 0 0 0 0 0 0 0 0 0 0 0 
0 0 0 0 0 0 0 0 0 0 0 0 13 102 174 174 165 178 195 172 165 184 186 170 184 150 122 22 0 0 0 0 0 0 0 0 0 0 0 0 
0 0 0 0 0 0 0 0 0 0 0 65 174 155 152 209 160 179 173 192 193 189 187 168 200 180 187 158 50 0 0 0 0 0 0 0 0 0 0 0 
0 0 0 0 0 0 0 0 0 0 55 188 184 193 201 154 204 176 164 164 172 182 189 192 176 160 177 181 175 67 0 0 0 0 0 0 0 0 0 0 
0 0 0 0 0 0 0 0 0 38 159 165 176 174 171 188 192 184 187 171 189 184 196 171 176 173 159 181 185 163 60 0 0 0 0 0 0 0 0 0 
0 0 0 0 0 0 0 0 10 156 173 183 175 147 172 171 186 169 176 176 193 169 158 197 190 171 169 207 178 198 154 21 0 0 0 0 0 0 0 0 
0 0 0 0 0 0 0 0 132 167 172 179 205 164 192 164 187 176 193 193 159 159 161 173 169 159 165 165 183 176 194 122 0 0 0 0 0 0 0 0 
0 0 0 0 0 0 0 18 167 185 180 183 159 195 189 168 159 159 185 189 209 152 181 183 175 170 176 203 198 178 202 192 21 0 0 0 0 0 0 0 
0 0 0 0 0 0 0 96 169 179 186 201 190 161 176 187 180 182 158 178 186 174 200 190 170 161 195 177 178 155 176 163 91 0 0 0 0 0 0 0 
0 0 0 0 0 0 0 181 188 179 169 175 154 165 191 168 155 194 158 209 170 185 186 150 217 188 171 175 178 181 183 195 167 0 0 0 0 0 0 0 
0 0 0 0 0 0 18 190 175 204 187 179 198 155 210 190 185 173 193 171 182 195 202 186 194 202 178 183 181 164 192 179 183 16 0 0 0 0 0 0 
0 0 0 0 0 0 47 180 189 156 185 188 186 186 215 182 179 183 193 168 173 156 200 195 172 168 187 196 161 184 191 171 169 53 0 0 0 0 0 0 
0 0 0 0 0 0 42 201 185 181 179 168 170 177 175 186 182 157 186 191 155 184 175 166 176 200 180 168 187 172 190 178 187 62 0 0 0 0 0 0 
0 0 0 0 0 0 60 185 181 184 163 187 185 175 178 171 171 178 186 170 188 165 198 178 189 167 187 175 171 188 205 168 159 48 0 0 0 0 0 0 
0 0 0 0 0 0 40 175 190 183 171 181 186 163 191 176 187 178 172 176 196 166 197 149 185 170 151 175 172 171 206 186 196 37 0 0 0 0 0 0 
0 0 0 0 0 0 27 185 191 197 166 188 171 185 186 174 181 164 182 193 191 201 176 171 180 178 168 183 174 187 187 173 171 21 0 0 0 0 0 0 
0 0 0 0 0 0 0 148 163 175 195 178 179 181 180 170 196 169 175 172 176 176 193 188 181 177 174 161 198 175 188 175 175 0 0 0 0 0 0 0 
0 0 0 0 0 0 0 111 168 169 201 164 201 160 180 172 167 174 189 167 163 176 192 157 196 169 176 174 174 189 168 164 107 0 0 0 0 0 0 0 
0 0 0 0 0 0 0 35 172 199 170 175 181 166 171 183 184 171 175 171 197 176 172 175 167 186 190 175 182 163 157 160 25 0 0 0 0 0 0 0 
0 0 0 0 0 0 0 0 116 159 173 174 193 210 199 178 182 176 169 175 167 207 176 163 170 192 163 163 163 156 177 127 0 0 0 0 0 0 0 0 
0 0 0 0 0 0 0 0 24 177 169 207 158 157 208 171 197 185 189 172 163 183 168 175 160 192 173 165 188 199 152 21 0 0 0 0 0 0 0 0 
0 0 0 0 0 0 0 0 0 44 194 176 188 170 173 168 182 167 182 162 190 179 187 181 161 159 169 202 199 153 50 0 0 0 0 0 0 0 0 0 
0 0 0 0 0 0 0 0 0 0 61 180 181 170 177 177 173 185 178 181 191 221 194 168 174 182 166 175 172 40 0 0 0 0 0 0 0 0 0 0 
0 0 0 0 0 0 0 0 0 0 0 47 176 195 175 171 191 165 180 196 202 175 183 189 188 154 174 152 45 0 0 0 0 0 0 0 0 0 0 0 
0 0 0 0 0 0 0 0 0 0 0 0 23 121 184 179 156 175 170 175 187 186 181 186 163 171 110 16 0 0 0 0 0 0 0 0 0 0 0 0 
0 0 0 0 0 0 0 0 0 0 0 0 0 0 31 120 148 179 169 172 210 170 197 174 110 21 0 0 0 0 0 0 0 0 0 0 0 0 0 0 
0 0 0 0 0 0 0 0 0 0 0 0 0 0 0 0 0 21 41 63 66 37 17 0 0 0 0 0 0 0 0 0 0 0 0 0 0 0 0 0 
0 0 0 0 0 0 0 0 0 0 0 0 0 0 0 0 0 0 0 0 0 0 0 0 0 0 0 0 0 0 0 0 0 0 0 0 0 0 0 0 
0 0 0 0 0 0 0 0 0 0 0 0 0 0 0 0 0 0 0 0 0 0 0 0 0 0 0 0 0 0 0 0 0 0 0 0 0 0 0 0 
0 0 0 0 0 0 0 0 0 0 0 0 0 0 0 0 0 0 0 0 0 0 0 0 0 0 0 0 0 0 0 0 0 0 0 0 0 0 0 0 
0 0 0 0 0 0 0 0 0 0 0 0 0 0 0 0 0 0 0 0 0 0 0 0 0 0 0 0 0 0 0 0 0 0 0 0 0 0 0 0 
0 0 0 0 0 0 0 0 0 0 0 0 0 0 0 0 0 0 0 0 0 0 0 0 0 0 0 0 0 0 0 0 0 0 0 0 0 0 0 0 
0 0 0 0 0 0 0 0 0 0 0 0 0 0 0 0 0 0 0 0 0 0 0 0 0 0 0 0 0 0 0 0 0 0 0 0 0 0 0 0 
