# Format: McCode with text headers
# URL: http://www.mccode.org
# Creator: McStas 2.5 - Dec. 12, 2018
# Instrument: ESS_HEIMDAL.instr
# Ncount: 25000
# Trace: no
# Gravitation: no
# Seed: 1565850575
# Directory: TemperatureScan/17
# Nodes: 4
# Param: lmax=4
# Param: lmin=0.5
# Param: T=350
# Param: tau=0
# Param: use_CoFe2O4=1
# Param: use_CoFe=1
# Param: use_magn=1
# Date: Wed Aug 14 12:13:53 2019 (1565777633)
# type: array_2d(40, 40)
# Source: ESS_HEIMDAL (ESS_HEIMDAL.instr)
# component: psd_source
# position: 0 0 0.01
# title: PSD monitor
# Ncount: 100000
# filename: PSD_source.dat
# statistics: X0=0.0336975; dX=4.99988; Y0=-0.000224997; dY=5.0027;
# signal: Min=0; Max=7.38902e+06; Mean=2.13803e+06;
# values: 3.42084e+09 1.08177e+07 100000
# xvar: X 
# yvar: Y 
# xlabel: X position [cm]
# ylabel: Y position [cm]
# zvar: I
# zlabel: Signal per bin
# xylimits: -15 15 -15 15
# variables: I I_err N
# Data [psd_source/PSD_source.dat] I:
0 0 0 0 0 0 0 0 0 0 0 0 0 0 0 0 0 0 0 0 0 0 0 0 0 0 0 0 0 0 0 0 0 0 0 0 0 0 0 0 
0 0 0 0 0 0 0 0 0 0 0 0 0 0 0 0 0 0 0 0 0 0 0 0 0 0 0 0 0 0 0 0 0 0 0 0 0 0 0 0 
0 0 0 0 0 0 0 0 0 0 0 0 0 0 0 0 0 0 0 0 0 0 0 0 0 0 0 0 0 0 0 0 0 0 0 0 0 0 0 0 
0 0 0 0 0 0 0 0 0 0 0 0 0 0 0 0 0 0 0 0 0 0 0 0 0 0 0 0 0 0 0 0 0 0 0 0 0 0 0 0 
0 0 0 0 0 0 0 0 0 0 0 0 0 0 0 0 0 0 0 0 0 0 0 0 0 0 0 0 0 0 0 0 0 0 0 0 0 0 0 0 
0 0 0 0 0 0 0 0 0 0 0 0 0 0 0 0 0 0 0 0 0 0 0 0 0 0 0 0 0 0 0 0 0 0 0 0 0 0 0 0 
0 0 0 0 0 0 0 0 0 0 0 0 0 0 0 0 0 444709.4164 1642004.419 1710421.004 1436753.691 1607795.773 581543.1355 0 0 0 0 0 0 0 0 0 0 0 0 0 0 0 0 0 
0 0 0 0 0 0 0 0 0 0 0 0 0 0 923627.3456 3386633.904 6054890.961 6499600.652 6054891.307 5268097.635 4686554.418 6089099.707 5883848.96 5883849.105 3181383.068 718376.9264 0 0 0 0 0 0 0 0 0 0 0 0 0 0 
0 0 0 0 0 0 0 0 0 0 0 0 513126.3865 4105010.9 5781223.692 5781223.84 5815432.367 5849641.222 6362767.572 6910102.432 6020683.738 6260142.62 6089100.03 6328558.975 6773267.937 6362766.727 3181383.594 410501.1209 0 0 0 0 0 0 0 0 0 0 0 0 
0 0 0 0 0 0 0 0 0 0 0 1813046.387 5302305.78 6875893.384 6636435.039 5712807.681 6431185.022 6328559.933 4960222.661 6533810.872 6054892.852 5644391.452 6157517.602 6157517.776 5575973.932 6499601.304 6225933.6 6054890.876 1881463.256 0 0 0 0 0 0 0 0 0 0 0 
0 0 0 0 0 0 0 0 0 0 2086713.779 5883849.065 5918057.951 5712807.726 6568018.938 6123309.484 5883850.879 6362768.95 6260143.625 6362769.153 5815434.413 5781225.916 6123310.021 6157518.183 5952267.443 6396976.598 7012728.065 5918058.026 5883848.936 2360381.239 0 0 0 0 0 0 0 0 0 0 
0 0 0 0 0 0 0 0 0 1539378.98 5952265.879 6123308.392 5644390.945 6054892.587 5336515.79 6568019.736 5747017.589 6704854.107 6875896.425 6499603.478 6294352.921 6157519.069 6533811.736 6602228.249 6944312.518 5986476.111 6054892.687 5644391.073 6568017.982 6020682.759 1847254.869 0 0 0 0 0 0 0 0 0 
0 0 0 0 0 0 0 0 684168.3809 5952265.701 5986474.722 5815433.02 6328560.165 6396977.397 5541766.907 5097057.268 5815434.761 5781226.513 5952269.023 6362770.224 5610184.599 6602229.346 5678601.149 5575975.778 6089102.28 5815434.382 6157518.255 5815433.582 6568018.54 6978518.93 5712806.879 752585.2796 0 0 0 0 0 0 0 0 
0 0 0 0 0 0 0 0 3968177.09 6054891.471 6225934.246 6191726.177 6191726.773 5370724.695 7149563.852 5541767.568 5541767.67 5097058.049 5439142.844 5918060.897 5575976.691 5815435.547 5952269.313 5918060.527 6465395.41 6499603.725 6944312.908 6431185.904 6123309.451 5747016.161 6396975.601 3865551.835 0 0 0 0 0 0 0 0 
0 0 0 0 0 0 0 1334128.41 5952265.89 5233889.532 6704852.577 5507558.013 5404933.06 6704854.106 6294353.258 5849643.841 6123311.654 6465396.211 5986478.022 6533813.191 6568021.769 6396979.612 6089103.373 5370725.776 6602229.616 6704854.693 5747017.788 6773270.712 6875895.316 6739060.956 5370723.238 6294350.059 923627.3894 0 0 0 0 0 0 0 
0 0 0 0 0 0 0 2907715.988 6431184.163 5781224.61 6602227.523 6294352.197 5678600.896 6499603.699 6089102.965 5849644.076 6704855.487 6465396.559 5712810.756 6396979.811 5986478.347 6396979.819 6431188.218 6362771.037 6978522.841 6328561.914 6533812.303 7320605.97 5097057.031 6807478.208 6568018.522 5712807.131 3455050.779 0 0 0 0 0 0 0 
0 0 0 0 0 0 0 5644389.83 7389020.283 7320604.212 5165473.597 5918059.647 6875896.499 5644393.008 6294353.823 5781227.487 6431188.261 5918061.667 5747019.48 6362771.683 5849644.885 6294354.733 6841689.755 5712810.849 5575976.759 6123311.589 6568020.992 6568020.537 6978521.209 6260143.499 6396976.619 6533809.612 5644389.88 0 0 0 0 0 0 0 
0 0 0 0 0 0 547334.7397 6157516.33 6704851.938 5747016.633 5986476.216 6054893.641 5575975.924 5815435.44 5131266.878 6431188.163 5918061.656 6191729.437 6294354.876 6807481.762 6568022.609 6602231.014 6089104.096 6089103.868 5541768.532 6225937.141 5918060.759 6089102.555 5986476.768 5404932.807 5644391.329 5986474.969 5918057.458 478917.9111 0 0 0 0 0 0 
0 0 0 0 0 0 1505170.573 5541764.856 5473348.682 5815433.545 5952267.911 6533811.92 6294353.377 5268100.456 6260145.686 6431188.187 6533813.847 5815436.583 6602231.037 5473352.236 6157521.278 6362771.946 5575977.461 6431188.548 6499605.088 5644393.655 5747018.631 6773271.566 5575975.598 6670645.084 6157517.949 6020683.45 5747015.364 1813046.374 0 0 0 0 0 0 
0 0 0 0 0 0 2120922.179 5097055.366 5165472.866 6294351.688 6225935.474 6568020.363 6020685.853 6636438.294 6191728.862 6294354.57 5849644.929 5883853.592 6089104.366 6773273.495 6636439.699 6636439.579 5781228.206 5952270.278 5815436.262 6396979.55 6362770.726 6670646.26 6191727.575 6362769.175 6225934.802 5644390.893 6089099.725 1813046.365 0 0 0 0 0 0 
0 0 0 0 0 0 2291964.275 6294350.233 5918058.27 5575974.572 6499602.962 5815434.762 5507559.177 6294353.832 6910106.283 6294354.53 5883853.385 5473352.158 6123312.85 6807481.935 6157521.368 5986479.049 5815436.636 5986478.712 6773272.823 5986478.221 5815435.627 5678601.449 5781226.28 5473349.858 5815433.635 6431184.733 6362767.144 2018296.923 0 0 0 0 0 0 
0 0 0 0 0 0 1813046.392 6020682.805 4994430.61 5747016.732 5986476.36 6020685.286 6431187.122 5336517.332 5883852.777 6533813.62 5849644.892 5028642.205 6533814.185 5165476.218 6396980.504 6568022.63 6431188.715 6123312.44 5883853.099 7389024.414 5541767.997 6191728.011 5986476.904 6191726.965 6362768.515 6157517.28 6191724.918 1265711.626 0 0 0 0 0 0 
0 0 0 0 0 0 478917.9208 6054891.155 5097055.839 5849641.898 6362768.999 5815434.56 6054894.107 6260145.223 6020686.377 5986478.359 5370726.513 6739064.653 6841690.158 5815436.653 5678602.879 6054895.77 5678602.686 6773272.84 5918061.443 6123311.816 7012730.985 6123311.004 6910104.676 5678600.275 6362768.294 6123308.691 6225933.246 513126.3303 0 0 0 0 0 0 
0 0 0 0 0 0 0 5610181.563 6191725.393 5815433.304 6225935.137 5781225.977 5747017.867 6089102.854 5883852.543 6944314.613 6054895.266 5644393.98 6568022.384 5610185.781 6054895.725 6362771.591 6260146.131 7217982.578 6362770.999 6260145.397 5268100.198 6020685.538 6396977.754 5370724.261 5473348.968 6875893.873 5404930.944 0 0 0 0 0 0 0 
0 0 0 0 0 0 0 3318216.997 6431184.264 6123308.873 5849641.969 5952267.864 5918059.948 5610184.404 6739063.483 5507559.58 5678602.137 5986478.214 6636439.071 6841689.545 6054895.389 4857599.656 6499605.035 6260145.677 5918061.103 5712810.011 6157519.401 6910104.659 5575975.027 6568019.207 5644390.915 6157516.731 2565631.664 0 0 0 0 0 0 0 
0 0 0 0 0 0 0 718376.8472 6020682.827 7081144.484 5849641.846 5849642.202 6328560.723 6054893.801 5678601.27 6260145.116 6362770.803 5678602.055 7046940.003 6191728.931 6362771.082 5370726.243 5712810.425 6157520 5952269.114 5815435.021 6362769.835 6602228.39 6910103.761 6499602 5883849.577 5918057.431 752585.2714 0 0 0 0 0 0 0 
0 0 0 0 0 0 0 0 4207635.911 6396975.55 7320603.763 6602227.477 5678600.296 6294352.431 6191727.566 5815435.009 5541767.646 5678601.445 5507559.581 5849643.927 6362770.706 6260145.391 6670646.418 6294353.532 6499603.969 7217980.8 6089101.829 6978520.659 5747016.751 5952266.675 5918057.712 3728718.134 0 0 0 0 0 0 0 0 
0 0 0 0 0 0 0 0 478917.9021 5097055.196 6670643.148 6636435.33 5747016.691 5952267.82 6328560.87 6465394.968 5952268.672 6020685.598 6396978.772 6260145.095 6533812.625 5712809.899 5815435.069 6225936.221 6431186.597 6465394.465 6396977.355 5747016.74 6191726.127 5644390.512 5815431.847 376292.6418 0 0 0 0 0 0 0 0 
0 0 0 0 0 0 0 0 0 1710421.131 5575973.181 6225933.839 5678599.532 6396976.969 6260143.63 6670645.091 6123310.349 6704853.877 6260144.507 5541767.242 6704854.218 6157518.953 6807479.173 6499602.984 6670645.289 5815433.901 6396976.989 7046936.754 6260142.072 5473348.119 1744629.573 0 0 0 0 0 0 0 0 0 
0 0 0 0 0 0 0 0 0 0 2736673.819 5610181.851 5918057.747 5918058.242 5986475.401 6123309.518 6944312.044 5849642.548 5815434.024 5986476.499 6362769.381 6328560.846 5747017.195 6704852.951 5986475.759 6499601.945 5918058.283 6225933.932 5678598.489 2189339.083 0 0 0 0 0 0 0 0 0 0 
0 0 0 0 0 0 0 0 0 0 0 1710421.106 5747015.245 6568017.795 5473348.346 6123308.864 4891805.573 6020684.24 6362768.346 5678599.883 6123309.204 6260143.159 5918058.934 6054892.11 5610182.389 6089100.33 5575973.425 6328558.514 1676212.739 0 0 0 0 0 0 0 0 0 0 0 
0 0 0 0 0 0 0 0 0 0 0 0 342084.238 3557676.126 6670642.54 6054891.393 5952266.312 5849640.948 5883849.624 6020683.593 6089100.361 5644390.681 5815432.896 5849641.283 6157516.534 5610181.592 4105010.938 718376.8964 0 0 0 0 0 0 0 0 0 0 0 0 
0 0 0 0 0 0 0 0 0 0 0 0 0 0 718376.82 3626093.004 5473347.841 5849640.576 6089099.579 5473348.026 6978518.837 5883849.253 5952265.888 6396975.15 3523467.599 786793.7065 0 0 0 0 0 0 0 0 0 0 0 0 0 0 
0 0 0 0 0 0 0 0 0 0 0 0 0 0 0 0 0 855210.5386 1642004.353 2223547.51 2223547.469 1163086.36 547334.7421 0 0 0 0 0 0 0 0 0 0 0 0 0 0 0 0 0 
0 0 0 0 0 0 0 0 0 0 0 0 0 0 0 0 0 0 0 0 0 0 0 0 0 0 0 0 0 0 0 0 0 0 0 0 0 0 0 0 
0 0 0 0 0 0 0 0 0 0 0 0 0 0 0 0 0 0 0 0 0 0 0 0 0 0 0 0 0 0 0 0 0 0 0 0 0 0 0 0 
0 0 0 0 0 0 0 0 0 0 0 0 0 0 0 0 0 0 0 0 0 0 0 0 0 0 0 0 0 0 0 0 0 0 0 0 0 0 0 0 
0 0 0 0 0 0 0 0 0 0 0 0 0 0 0 0 0 0 0 0 0 0 0 0 0 0 0 0 0 0 0 0 0 0 0 0 0 0 0 0 
0 0 0 0 0 0 0 0 0 0 0 0 0 0 0 0 0 0 0 0 0 0 0 0 0 0 0 0 0 0 0 0 0 0 0 0 0 0 0 0 
0 0 0 0 0 0 0 0 0 0 0 0 0 0 0 0 0 0 0 0 0 0 0 0 0 0 0 0 0 0 0 0 0 0 0 0 0 0 0 0 
# Errors [psd_source/PSD_source.dat] I_err:
0 0 0 0 0 0 0 0 0 0 0 0 0 0 0 0 0 0 0 0 0 0 0 0 0 0 0 0 0 0 0 0 0 0 0 0 0 0 0 0 
0 0 0 0 0 0 0 0 0 0 0 0 0 0 0 0 0 0 0 0 0 0 0 0 0 0 0 0 0 0 0 0 0 0 0 0 0 0 0 0 
0 0 0 0 0 0 0 0 0 0 0 0 0 0 0 0 0 0 0 0 0 0 0 0 0 0 0 0 0 0 0 0 0 0 0 0 0 0 0 0 
0 0 0 0 0 0 0 0 0 0 0 0 0 0 0 0 0 0 0 0 0 0 0 0 0 0 0 0 0 0 0 0 0 0 0 0 0 0 0 0 
0 0 0 0 0 0 0 0 0 0 0 0 0 0 0 0 0 0 0 0 0 0 0 0 0 0 0 0 0 0 0 0 0 0 0 0 0 0 0 0 
0 0 0 0 0 0 0 0 0 0 0 0 0 0 0 0 0 0 0 0 0 0 0 0 0 0 0 0 0 0 0 0 0 0 0 0 0 0 0 0 
0 0 0 0 0 0 0 0 0 0 0 0 0 0 0 0 0 123340.2003 237002.9233 241890.0581 221695.9077 234521.1168 141044.9278 0 0 0 0 0 0 0 0 0 0 0 0 0 0 0 0 0 
0 0 0 0 0 0 0 0 0 0 0 0 0 0 177752.1655 340369.514 455113.4741 471530.5908 455113.5001 424515.4051 400399.3655 456397.3188 448639.2772 448639.2883 329894.0564 156762.6973 0 0 0 0 0 0 0 0 0 0 0 0 0 0 
0 0 0 0 0 0 0 0 0 0 0 0 132488.6633 374734.5115 444709.5147 444709.5261 446023.302 447333.2446 466540.754 486193.1105 453826.1123 462763.0584 456397.343 465284.9095 481355.1921 466540.6921 329894.1109 118501.4663 0 0 0 0 0 0 0 0 0 0 0 0 
0 0 0 0 0 0 0 0 0 0 0 249041.0742 425891.4491 484988.1254 476468.2681 442070.3307 469042.3742 465284.98 411924.0711 472769.9623 455113.6162 439415.2786 458954.2643 458954.2773 436743.9851 471530.6381 461496.9027 455113.4677 253696.4537 0 0 0 0 0 0 0 0 0 0 0 
0 0 0 0 0 0 0 0 0 0 267176.3216 448639.2852 449941.6141 442070.3342 474005.9377 457677.6392 448639.4235 466540.855 462763.1327 466540.8699 446023.4589 444709.6858 457677.6793 458954.3077 451240.2304 467793.2584 489790.1736 449941.6198 448639.2754 284156.5091 0 0 0 0 0 0 0 0 0 0 
0 0 0 0 0 0 0 0 0 229477.0695 451240.1118 457677.5576 439415.2391 455113.5963 427263.2106 474005.9953 443392.0331 478918.1505 484988.3399 471530.7958 464025.8537 458954.3737 472770.0248 475238.7884 487395.1894 452535.0577 455113.6038 439415.249 474005.8688 453826.0385 251379.5474 0 0 0 0 0 0 0 0 0 
0 0 0 0 0 0 0 0 152984.7008 451240.0983 452534.9527 446023.3521 465284.997 467793.3168 435402.3288 417567.2015 446023.4857 444709.7318 451240.3501 466540.9485 438081.8168 475238.8673 440744.9267 436744.1297 456397.5116 446023.4566 458954.313 446023.3953 474005.909 488594.0537 442070.2686 160451.7207 0 0 0 0 0 0 0 0 
0 0 0 0 0 0 0 0 368435.9933 455113.5124 461496.9505 460227.3822 460227.4265 428630.4939 494545.6727 435402.3808 435402.3888 417567.2655 431352.0857 449941.8381 436744.2012 446023.546 451240.3721 449941.81 470288.3153 471530.8138 487395.2168 469042.4386 457677.6367 443391.923 467793.1855 363640.5279 0 0 0 0 0 0 0 0 
0 0 0 0 0 0 0 213631.5193 451240.1126 423134.8897 478918.0412 434056.3783 429993.3867 478918.1504 464025.8785 447333.4449 457677.8014 470288.3736 452535.2022 472770.1301 474006.142 467793.4788 456397.5935 428630.5802 475238.8867 478918.1924 443392.0485 481355.3893 484988.2616 480138.2128 428630.3776 464025.6427 177752.174 0 0 0 0 0 0 0 
0 0 0 0 0 0 0 315386.0802 469042.3116 444709.5854 475238.7361 464025.8003 440744.9071 471530.8119 456397.563 447333.4629 478918.2491 470288.3989 442070.5686 467793.4934 452535.2268 467793.4939 469042.6074 466541.0081 488594.3275 465285.1256 472770.0658 500426.3218 417567.182 482569.3355 474005.9077 442070.2881 343790.4019 0 0 0 0 0 0 0 
0 0 0 0 0 0 0 439415.1523 502759.1498 500426.2017 420360.2798 449941.7431 484988.3451 439415.3997 464025.9202 444709.8067 469042.6105 449941.8967 443392.179 466541.0554 447333.5247 464025.9873 483780.5221 442070.5758 436744.2066 457677.7965 474006.086 474006.0532 488594.2132 462763.1234 467793.2599 472769.8711 439415.1562 0 0 0 0 0 0 0 
0 0 0 0 0 0 136833.6849 458954.1695 478917.9956 443391.9594 452535.0656 455113.6755 436744.1411 446023.5378 418966.1862 469042.6034 449941.8959 460227.6246 464025.9978 482569.5874 474006.2027 475238.9874 456397.6478 456397.6306 435402.4566 461497.1652 449941.8276 456397.5322 452535.1074 429993.3665 439415.269 452534.9713 449941.5767 127996.1957 0 0 0 0 0 0 
0 0 0 0 0 0 226913.0016 435402.1677 432706.2066 446023.3924 451240.2658 472770.0381 464025.8873 424515.6324 462763.285 469042.6051 472770.1775 446023.6254 475238.9891 432706.4875 458954.5383 466541.0747 436744.2615 469042.6315 471530.9126 439415.4501 443392.1135 481355.45 436744.1156 477694.8164 458954.2903 453826.0906 443391.8615 249041.0724 0 0 0 0 0 0 
0 0 0 0 0 0 269357.3861 417567.0457 420360.2203 464025.7628 461497.0416 474006.0406 453826.2717 476468.5017 460227.5818 464025.9753 447333.5281 448639.6304 456397.668 481355.5871 476468.6026 476468.594 444709.862 451240.4452 446023.6008 467793.4742 466540.9853 477694.9006 460227.4861 466540.8716 461496.9917 439415.235 456397.3202 249041.0712 0 0 0 0 0 0 
0 0 0 0 0 0 280008.0019 464025.6555 449941.6384 436744.0352 471530.7584 446023.4857 434056.4701 464025.9209 486193.3815 464025.9723 448639.6147 432706.4814 457677.8908 482569.5997 458954.5451 452535.2798 446023.6294 452535.2543 481355.5393 452535.2172 446023.5521 440744.95 444709.7138 432706.2995 446023.3993 469042.3532 466540.7226 262759.8784 0 0 0 0 0 0 
0 0 0 0 0 0 249041.0749 453826.042 413342.0183 443391.967 452535.0765 453826.229 469042.5275 427263.334 448639.5683 472770.1611 447333.5253 414755.4187 472770.202 420360.493 467793.544 474006.2042 469042.6436 457677.8601 448639.5928 502759.4308 435402.4145 460227.5186 452535.1176 460227.4408 466540.8231 458954.2403 460227.2886 208081.7095 0 0 0 0 0 0 
0 0 0 0 0 0 127996.1983 455113.4887 417567.0844 447333.2963 466540.8586 446023.4703 455113.7106 462763.2508 453826.3112 452535.2277 428630.639 480138.4762 483780.5505 446023.6308 440745.061 455113.8356 440745.046 481355.5405 449941.8797 457677.8135 489790.3776 457677.7529 486193.2684 440744.8589 466540.8069 457677.5799 461496.8764 132488.6488 0 0 0 0 0 0 
0 0 0 0 0 0 0 438081.5798 460227.324 446023.3739 461497.0166 444709.6906 443392.0546 456397.5547 448639.5504 487395.3365 455113.7976 439415.4754 474006.1865 438081.9091 455113.8322 466541.0487 462763.318 496906.4131 466541.0053 462763.2637 424515.6116 453826.248 467793.3429 428630.4593 432706.2292 484988.1599 429993.2183 0 0 0 0 0 0 0 
0 0 0 0 0 0 0 336913.8902 469042.319 457677.5935 447333.3017 451240.2623 449941.766 438081.8016 480138.3928 434056.5018 440745.0034 452535.2167 476468.5575 483780.5072 455113.8069 407640.7078 471530.9088 462763.2844 449941.8538 442070.511 458954.3984 486193.2672 436744.0709 474005.9571 439415.2368 458954.1994 296253.6264 0 0 0 0 0 0 0 
0 0 0 0 0 0 0 156762.68 453826.0436 492173.5643 447333.2924 447333.3196 465285.0381 455113.6875 440744.9361 462763.2429 466540.9909 440744.9971 490983.575 460227.587 466541.0114 428630.6174 442070.543 458954.4431 451240.357 446023.5056 466540.9199 475238.7985 486193.204 471530.6886 448639.3243 449941.5746 160451.719 0 0 0 0 0 0 0 
0 0 0 0 0 0 0 0 379389.7535 467793.1818 500426.1709 475238.7328 440744.8605 464025.8176 460227.4855 446023.5047 435402.387 440744.9497 434056.5019 447333.4515 466540.9838 462763.2632 477694.912 464025.8988 471530.8315 496906.2907 456397.4778 488594.1747 443391.9685 451240.1721 449941.596 357146.4239 0 0 0 0 0 0 0 0 
0 0 0 0 0 0 0 0 127996.1933 417567.0317 477694.6777 476468.289 443391.9639 451240.2589 465285.0488 470288.2832 451240.3235 453826.2525 467793.4173 462763.2413 472770.0891 442070.5023 446023.5093 461497.0969 469042.4892 470288.2466 467793.3138 443391.9677 460227.3786 439415.2054 446023.2622 113456.5004 0 0 0 0 0 0 0 0 
0 0 0 0 0 0 0 0 0 241890.0761 436743.9263 461496.9204 440744.8012 467793.2855 462763.133 477694.8169 457677.7038 478918.1341 462763.1979 435402.3552 478918.1584 458954.365 482569.4039 471530.76 477694.8311 446023.4197 467793.287 490983.3486 462763.0179 432706.1621 244297.0045 0 0 0 0 0 0 0 0 0 
0 0 0 0 0 0 0 0 0 0 305969.4345 438081.6023 449941.5986 449941.6362 452535.0041 457677.6418 487395.1562 447333.346 446023.4291 452535.087 466540.8867 465285.0471 443392.0027 478918.0679 452535.0311 471530.6847 449941.6394 461496.9273 440744.7203 273667.3853 0 0 0 0 0 0 0 0 0 0 
0 0 0 0 0 0 0 0 0 0 0 241890.0726 443391.8523 474005.8552 432706.18 457677.5929 409073.3325 453826.1501 466540.8108 440744.8285 457677.6183 462763.0982 449941.6889 455113.5605 438081.6443 456397.3655 436743.9454 465284.8756 239458.9627 0 0 0 0 0 0 0 0 0 0 0 
0 0 0 0 0 0 0 0 0 0 0 0 108176.5344 348858.8459 477694.6342 455113.5065 451240.1446 447333.2237 448639.3279 453826.1013 456397.3678 439415.2186 446023.3426 447333.2493 458954.1848 438081.5821 374734.5149 156762.6907 0 0 0 0 0 0 0 0 0 0 0 0 
0 0 0 0 0 0 0 0 0 0 0 0 0 0 156762.674 352197.287 432706.1401 447333.1952 456397.3092 432706.1547 488594.0472 448639.2996 451240.1125 467793.1525 347177.5786 164057.8287 0 0 0 0 0 0 0 0 0 0 0 0 0 0 
0 0 0 0 0 0 0 0 0 0 0 0 0 0 0 0 0 171042.1077 237002.9138 275797.1252 275797.1202 199467.6651 136833.6855 0 0 0 0 0 0 0 0 0 0 0 0 0 0 0 0 0 
0 0 0 0 0 0 0 0 0 0 0 0 0 0 0 0 0 0 0 0 0 0 0 0 0 0 0 0 0 0 0 0 0 0 0 0 0 0 0 0 
0 0 0 0 0 0 0 0 0 0 0 0 0 0 0 0 0 0 0 0 0 0 0 0 0 0 0 0 0 0 0 0 0 0 0 0 0 0 0 0 
0 0 0 0 0 0 0 0 0 0 0 0 0 0 0 0 0 0 0 0 0 0 0 0 0 0 0 0 0 0 0 0 0 0 0 0 0 0 0 0 
0 0 0 0 0 0 0 0 0 0 0 0 0 0 0 0 0 0 0 0 0 0 0 0 0 0 0 0 0 0 0 0 0 0 0 0 0 0 0 0 
0 0 0 0 0 0 0 0 0 0 0 0 0 0 0 0 0 0 0 0 0 0 0 0 0 0 0 0 0 0 0 0 0 0 0 0 0 0 0 0 
0 0 0 0 0 0 0 0 0 0 0 0 0 0 0 0 0 0 0 0 0 0 0 0 0 0 0 0 0 0 0 0 0 0 0 0 0 0 0 0 
# Events [psd_source/PSD_source.dat] N:
0 0 0 0 0 0 0 0 0 0 0 0 0 0 0 0 0 0 0 0 0 0 0 0 0 0 0 0 0 0 0 0 0 0 0 0 0 0 0 0 
0 0 0 0 0 0 0 0 0 0 0 0 0 0 0 0 0 0 0 0 0 0 0 0 0 0 0 0 0 0 0 0 0 0 0 0 0 0 0 0 
0 0 0 0 0 0 0 0 0 0 0 0 0 0 0 0 0 0 0 0 0 0 0 0 0 0 0 0 0 0 0 0 0 0 0 0 0 0 0 0 
0 0 0 0 0 0 0 0 0 0 0 0 0 0 0 0 0 0 0 0 0 0 0 0 0 0 0 0 0 0 0 0 0 0 0 0 0 0 0 0 
0 0 0 0 0 0 0 0 0 0 0 0 0 0 0 0 0 0 0 0 0 0 0 0 0 0 0 0 0 0 0 0 0 0 0 0 0 0 0 0 
0 0 0 0 0 0 0 0 0 0 0 0 0 0 0 0 0 0 0 0 0 0 0 0 0 0 0 0 0 0 0 0 0 0 0 0 0 0 0 0 
0 0 0 0 0 0 0 0 0 0 0 0 0 0 0 0 0 13 48 50 42 47 17 0 0 0 0 0 0 0 0 0 0 0 0 0 0 0 0 0 
0 0 0 0 0 0 0 0 0 0 0 0 0 0 27 99 177 190 177 154 137 178 172 172 93 21 0 0 0 0 0 0 0 0 0 0 0 0 0 0 
0 0 0 0 0 0 0 0 0 0 0 0 15 120 169 169 170 171 186 202 176 183 178 185 198 186 93 12 0 0 0 0 0 0 0 0 0 0 0 0 
0 0 0 0 0 0 0 0 0 0 0 53 155 201 194 167 188 185 145 191 177 165 180 180 163 190 182 177 55 0 0 0 0 0 0 0 0 0 0 0 
0 0 0 0 0 0 0 0 0 0 61 172 173 167 192 179 172 186 183 186 170 169 179 180 174 187 205 173 172 69 0 0 0 0 0 0 0 0 0 0 
0 0 0 0 0 0 0 0 0 45 174 179 165 177 156 192 168 196 201 190 184 180 191 193 203 175 177 165 192 176 54 0 0 0 0 0 0 0 0 0 
0 0 0 0 0 0 0 0 20 174 175 170 185 187 162 149 170 169 174 186 164 193 166 163 178 170 180 170 192 204 167 22 0 0 0 0 0 0 0 0 
0 0 0 0 0 0 0 0 116 177 182 181 181 157 209 162 162 149 159 173 163 170 174 173 189 190 203 188 179 168 187 113 0 0 0 0 0 0 0 0 
0 0 0 0 0 0 0 39 174 153 196 161 158 196 184 171 179 189 175 191 192 187 178 157 193 196 168 198 201 197 157 184 27 0 0 0 0 0 0 0 
0 0 0 0 0 0 0 85 188 169 193 184 166 190 178 171 196 189 167 187 175 187 188 186 204 185 191 214 149 199 192 167 101 0 0 0 0 0 0 0 
0 0 0 0 0 0 0 165 216 214 151 173 201 165 184 169 188 173 168 186 171 184 200 167 163 179 192 192 204 183 187 191 165 0 0 0 0 0 0 0 
0 0 0 0 0 0 16 180 196 168 175 177 163 170 150 188 173 181 184 199 192 193 178 178 162 182 173 178 175 158 165 175 173 14 0 0 0 0 0 0 
0 0 0 0 0 0 44 162 160 170 174 191 184 154 183 188 191 170 193 160 180 186 163 188 190 165 168 198 163 195 180 176 168 53 0 0 0 0 0 0 
0 0 0 0 0 0 62 149 151 184 182 192 176 194 181 184 171 172 178 198 194 194 169 174 170 187 186 195 181 186 182 165 178 53 0 0 0 0 0 0 
0 0 0 0 0 0 67 184 173 163 190 170 161 184 202 184 172 160 179 199 180 175 170 175 198 175 170 166 169 160 170 188 186 59 0 0 0 0 0 0 
0 0 0 0 0 0 53 176 146 168 175 176 188 156 172 191 171 147 191 151 187 192 188 179 172 216 162 181 175 181 186 180 181 37 0 0 0 0 0 0 
0 0 0 0 0 0 14 177 149 171 186 170 177 183 176 175 157 197 200 170 166 177 166 198 173 179 205 179 202 166 186 179 182 15 0 0 0 0 0 0 
0 0 0 0 0 0 0 164 181 170 182 169 168 178 172 203 177 165 192 164 177 186 183 211 186 183 154 176 187 157 160 201 158 0 0 0 0 0 0 0 
0 0 0 0 0 0 0 97 188 179 171 174 173 164 197 161 166 175 194 200 177 142 190 183 173 167 180 202 163 192 165 180 75 0 0 0 0 0 0 0 
0 0 0 0 0 0 0 21 176 207 171 171 185 177 166 183 186 166 206 181 186 157 167 180 174 170 186 193 202 190 172 173 22 0 0 0 0 0 0 0 
0 0 0 0 0 0 0 0 123 187 214 193 166 184 181 170 162 166 161 171 186 183 195 184 190 211 178 204 168 174 173 109 0 0 0 0 0 0 0 0 
0 0 0 0 0 0 0 0 14 149 195 194 168 174 185 189 174 176 187 183 191 167 170 182 188 189 187 168 181 165 170 11 0 0 0 0 0 0 0 0 
0 0 0 0 0 0 0 0 0 50 163 182 166 187 183 195 179 196 183 162 196 180 199 190 195 170 187 206 183 160 51 0 0 0 0 0 0 0 0 0 
0 0 0 0 0 0 0 0 0 0 80 164 173 173 175 179 203 171 170 175 186 185 168 196 175 190 173 182 166 64 0 0 0 0 0 0 0 0 0 0 
0 0 0 0 0 0 0 0 0 0 0 50 168 192 160 179 143 176 186 166 179 183 173 177 164 178 163 185 49 0 0 0 0 0 0 0 0 0 0 0 
0 0 0 0 0 0 0 0 0 0 0 0 10 104 195 177 174 171 172 176 178 165 170 171 180 164 120 21 0 0 0 0 0 0 0 0 0 0 0 0 
0 0 0 0 0 0 0 0 0 0 0 0 0 0 21 106 160 171 178 160 204 172 174 187 103 23 0 0 0 0 0 0 0 0 0 0 0 0 0 0 
0 0 0 0 0 0 0 0 0 0 0 0 0 0 0 0 0 25 48 65 65 34 16 0 0 0 0 0 0 0 0 0 0 0 0 0 0 0 0 0 
0 0 0 0 0 0 0 0 0 0 0 0 0 0 0 0 0 0 0 0 0 0 0 0 0 0 0 0 0 0 0 0 0 0 0 0 0 0 0 0 
0 0 0 0 0 0 0 0 0 0 0 0 0 0 0 0 0 0 0 0 0 0 0 0 0 0 0 0 0 0 0 0 0 0 0 0 0 0 0 0 
0 0 0 0 0 0 0 0 0 0 0 0 0 0 0 0 0 0 0 0 0 0 0 0 0 0 0 0 0 0 0 0 0 0 0 0 0 0 0 0 
0 0 0 0 0 0 0 0 0 0 0 0 0 0 0 0 0 0 0 0 0 0 0 0 0 0 0 0 0 0 0 0 0 0 0 0 0 0 0 0 
0 0 0 0 0 0 0 0 0 0 0 0 0 0 0 0 0 0 0 0 0 0 0 0 0 0 0 0 0 0 0 0 0 0 0 0 0 0 0 0 
0 0 0 0 0 0 0 0 0 0 0 0 0 0 0 0 0 0 0 0 0 0 0 0 0 0 0 0 0 0 0 0 0 0 0 0 0 0 0 0 
