# Format: McCode with text headers
# URL: http://www.mccode.org
# Creator: McStas 2.4.1 - Jun. 26, 2017
# Instrument: MAGiC_elearning.instr
# Ncount: 2500000
# Trace: no
# Gravitation: no
# Seed: 1563291696
# Directory: MAGiC_HR/5
# Nodes: 40
# Param: spectrum=0
# Param: high_res=1
# Param: coll_set=0.3
# Param: sample_rot=50
# Date: Tue Jul 16 10:24:01 2019 (1563265441)
# type: array_1d(101)
# Source: MAGiC_half_polarized (MAGiC_elearning.instr)
# component: L_out
# position: -0.034 -0.674259 159.42
# title: Wavelength monitor
# Ncount: 100000000
# filename: L_out.txt
# statistics: X0=1.43643; dX=0.352844;
# signal: Min=0; Max=2.41799e+07; Mean=4.28757e+06;
# values: 4.33045e+08 1.12343e+06 291157
# xvar: L
# yvar: (I,I_err)
# xlabel: Wavelength [AA]
# ylabel: Intensity
# xlimits: 0.2 6
# variables: L I I_err N
0.2287128713 0 0 0 
0.2861386139 0 0 0 
0.3435643564 8.802026287e-118 9.23164305e-118 10 
0.400990099 1.954370315e-17 1.211477963e-17 1213 
0.4584158416 351.7267046 84.77134672 5700 
0.5158415842 60935.32019 4218.89666 9744 
0.5732673267 335045.8632 12442.50747 9925 
0.6306930693 1008238.255 24936.06245 9984 
0.6881188119 2351357.693 47630.35618 10022 
0.7455445545 4269211.987 78548.36742 10040 
0.802970297 6641342.574 115717.3396 9941 
0.8603960396 9853228.665 159662.1466 9978 
0.9178217822 12788642.96 198723.8134 10085 
0.9752475248 15738855.81 234787.095 9904 
1.032673267 18279120.34 263219.8473 10032 
1.09009901 19682232.99 278393.8621 9798 
1.147524752 22480162.47 300428.1853 10277 
1.204950495 22820235.93 301897.0428 9877 
1.262376238 24179867.91 306368.4412 10057 
1.31980198 23905304.04 298414.1893 10051 
1.377227723 23721620.02 289678.7501 9948 
1.434653465 23437886.52 279967.1595 9946 
1.492079208 22821929.15 266222.2948 10004 
1.54950495 22012646.8 252675.9334 10007 
1.606930693 21291539.45 239123.1493 10046 
1.664356436 20046843.55 222230.0918 10024 
1.721782178 19259343.73 208407.9922 10163 
1.779207921 18062799.16 193569.1974 10077 
1.836633663 16900939.44 178843.4241 10092 
1.894059406 15940086.11 166434.2536 10078 
1.951485149 14794922.11 152756.7562 10108 
2.008910891 13678440.1 140531.3704 10024 
2.066336634 10631724.37 119399.2858 8166 
2.123762376 5219232.734 78069.29143 4696 
2.181188119 830866.3605 26358.4542 1140 
2.238613861 0 0 0 
2.296039604 0 0 0 
2.353465347 0 0 0 
2.410891089 0 0 0 
2.468316832 0 0 0 
2.525742574 0 0 0 
2.583168317 0 0 0 
2.640594059 0 0 0 
2.698019802 0 0 0 
2.755445545 0 0 0 
2.812871287 0 0 0 
2.87029703 0 0 0 
2.927722772 0 0 0 
2.985148515 0 0 0 
3.042574257 0 0 0 
3.1 0 0 0 
3.157425743 0 0 0 
3.214851485 0 0 0 
3.272277228 0 0 0 
3.32970297 0 0 0 
3.387128713 0 0 0 
3.444554455 0 0 0 
3.501980198 0 0 0 
3.559405941 0 0 0 
3.616831683 0 0 0 
3.674257426 0 0 0 
3.731683168 0 0 0 
3.789108911 0 0 0 
3.846534653 0 0 0 
3.903960396 0 0 0 
3.961386139 0 0 0 
4.018811881 0 0 0 
4.076237624 0 0 0 
4.133663366 0 0 0 
4.191089109 0 0 0 
4.248514851 0 0 0 
4.305940594 0 0 0 
4.363366337 0 0 0 
4.420792079 0 0 0 
4.478217822 0 0 0 
4.535643564 0 0 0 
4.593069307 0 0 0 
4.65049505 0 0 0 
4.707920792 0 0 0 
4.765346535 0 0 0 
4.822772277 0 0 0 
4.88019802 0 0 0 
4.937623762 0 0 0 
4.995049505 0 0 0 
5.052475248 0 0 0 
5.10990099 0 0 0 
5.167326733 0 0 0 
5.224752475 0 0 0 
5.282178218 0 0 0 
5.33960396 0 0 0 
5.397029703 0 0 0 
5.454455446 0 0 0 
5.511881188 0 0 0 
5.569306931 0 0 0 
5.626732673 0 0 0 
5.684158416 0 0 0 
5.741584158 0 0 0 
5.799009901 0 0 0 
5.856435644 0 0 0 
5.913861386 0 0 0 
5.971287129 0 0 0 
