# Format: McCode with text headers
# URL: http://www.mccode.org
# Creator: McStas 2.4.1 - Jun. 26, 2017
# Instrument: MAGiC_elearning.instr
# Ncount: 2500000
# Trace: no
# Gravitation: no
# Seed: 1563293985
# Directory: MAGiC_HR/30
# Nodes: 40
# Param: spectrum=0
# Param: high_res=1
# Param: coll_set=0.3
# Param: sample_rot=300
# Date: Tue Jul 16 10:41:16 2019 (1563266476)
# type: array_1d(101)
# Source: MAGiC_half_polarized (MAGiC_elearning.instr)
# component: L_out
# position: -0.034 -0.674259 159.42
# title: Wavelength monitor
# Ncount: 100000000
# filename: L_out.txt
# statistics: X0=1.43428; dX=0.352791;
# signal: Min=0; Max=2.40328e+07; Mean=4.2929e+06;
# values: 4.33583e+08 1.12551e+06 291109
# xvar: L
# yvar: (I,I_err)
# xlabel: Wavelength [AA]
# ylabel: Intensity
# xlimits: 0.2 6
# variables: L I I_err N
0.2287128713 0 0 0 
0.2861386139 0 0 0 
0.3435643564 2.283621617e-135 2.501582145e-135 5 
0.400990099 3.660621278e-17 2.479584277e-17 1235 
0.4584158416 900.9562948 281.5581927 5603 
0.5158415842 51420.39503 3694.743833 9552 
0.5732673267 345776.1225 12550.93339 10043 
0.6306930693 1021216.829 25390.18108 9984 
0.6881188119 2371908.227 47979.33306 10048 
0.7455445545 4257763.91 78904.2339 9940 
0.802970297 6723076.244 116493.744 10104 
0.8603960396 9685075.772 157826.5738 9958 
0.9178217822 12901640.42 199960.9773 10044 
0.9752475248 15850990.16 234986.8383 10148 
1.032673267 18693680.75 267059.9235 10115 
1.09009901 20730704.23 286523.1055 10096 
1.147524752 22220244.48 299015.2232 10083 
1.204950495 23110277.37 303459.0844 10106 
1.262376238 23798003.44 304079.4542 9980 
1.31980198 23959437.34 298887.5086 9989 
1.377227723 24032788.99 292215.7677 10032 
1.434653465 23053251.6 276899.9861 9916 
1.492079208 22749822.93 265919.4117 10002 
1.54950495 22284194.6 254277.522 10099 
1.606930693 21351342.84 239298.3149 10096 
1.664356436 19977321.25 221742.6864 9927 
1.721782178 19105917.04 207998.3766 10029 
1.779207921 17959404.45 193063.7891 10011 
1.836633663 16832338.2 178418.9223 10068 
1.894059406 15633339.03 164736.5802 9906 
1.951485149 14721366.46 152586.366 10019 
2.008910891 13333088.36 138739.1034 9780 
2.066336634 10756652.12 120030.469 8280 
2.123762376 5222793.969 77786.68037 4742 
2.181188119 847255.2694 26599.18924 1169 
2.238613861 0 0 0 
2.296039604 0 0 0 
2.353465347 0 0 0 
2.410891089 0 0 0 
2.468316832 0 0 0 
2.525742574 0 0 0 
2.583168317 0 0 0 
2.640594059 0 0 0 
2.698019802 0 0 0 
2.755445545 0 0 0 
2.812871287 0 0 0 
2.87029703 0 0 0 
2.927722772 0 0 0 
2.985148515 0 0 0 
3.042574257 0 0 0 
3.1 0 0 0 
3.157425743 0 0 0 
3.214851485 0 0 0 
3.272277228 0 0 0 
3.32970297 0 0 0 
3.387128713 0 0 0 
3.444554455 0 0 0 
3.501980198 0 0 0 
3.559405941 0 0 0 
3.616831683 0 0 0 
3.674257426 0 0 0 
3.731683168 0 0 0 
3.789108911 0 0 0 
3.846534653 0 0 0 
3.903960396 0 0 0 
3.961386139 0 0 0 
4.018811881 0 0 0 
4.076237624 0 0 0 
4.133663366 0 0 0 
4.191089109 0 0 0 
4.248514851 0 0 0 
4.305940594 0 0 0 
4.363366337 0 0 0 
4.420792079 0 0 0 
4.478217822 0 0 0 
4.535643564 0 0 0 
4.593069307 0 0 0 
4.65049505 0 0 0 
4.707920792 0 0 0 
4.765346535 0 0 0 
4.822772277 0 0 0 
4.88019802 0 0 0 
4.937623762 0 0 0 
4.995049505 0 0 0 
5.052475248 0 0 0 
5.10990099 0 0 0 
5.167326733 0 0 0 
5.224752475 0 0 0 
5.282178218 0 0 0 
5.33960396 0 0 0 
5.397029703 0 0 0 
5.454455446 0 0 0 
5.511881188 0 0 0 
5.569306931 0 0 0 
5.626732673 0 0 0 
5.684158416 0 0 0 
5.741584158 0 0 0 
5.799009901 0 0 0 
5.856435644 0 0 0 
5.913861386 0 0 0 
5.971287129 0 0 0 
