# Format: McCode with text headers
# URL: http://www.mccode.org
# Creator: McStas 2.4.1 - Jun. 26, 2017
# Instrument: MAGiC_elearning.instr
# Ncount: 2500000
# Trace: no
# Gravitation: no
# Seed: 1563293163
# Directory: MAGiC_HR/21
# Nodes: 40
# Param: spectrum=0
# Param: high_res=1
# Param: coll_set=0.3
# Param: sample_rot=210
# Date: Tue Jul 16 10:35:04 2019 (1563266104)
# type: array_1d(101)
# Source: MAGiC_half_polarized (MAGiC_elearning.instr)
# component: L_out
# position: -0.034 -0.674259 159.42
# title: Wavelength monitor
# Ncount: 100000000
# filename: L_out.txt
# statistics: X0=1.43531; dX=0.35258;
# signal: Min=0; Max=2.40467e+07; Mean=4.29344e+06;
# values: 4.33638e+08 1.12495e+06 291635
# xvar: L
# yvar: (I,I_err)
# xlabel: Wavelength [AA]
# ylabel: Intensity
# xlimits: 0.2 6
# variables: L I I_err N
0.2287128713 0 0 0 
0.2861386139 0 0 0 
0.3435643564 2.282040083e-163 0 2 
0.400990099 4.408996063e-18 2.431564708e-18 1266 
0.4584158416 924.8808409 243.1542265 5697 
0.5158415842 58025.37665 4192.337643 9590 
0.5732673267 349283.6225 12703.81136 10014 
0.6306930693 1002348.282 25219.47671 9993 
0.6881188119 2428051.804 48699.90433 10174 
0.7455445545 4263912.122 78818.54822 10028 
0.802970297 6605690.73 115620.1129 9801 
0.8603960396 9822283.419 159253.4655 9919 
0.9178217822 12702241.71 198425.5508 10087 
0.9752475248 15639530.61 233161.4782 10097 
1.032673267 18739689.64 266889.4559 10148 
1.09009901 20455021.72 285406.2935 9968 
1.147524752 22120731.23 298034.1031 10033 
1.204950495 23104346.31 304095.7046 9907 
1.262376238 24046664.74 305772.7498 10106 
1.31980198 23792931.68 297748.0368 10048 
1.377227723 23756398.07 289365.03 10146 
1.434653465 23270221.32 278462.9492 9960 
1.492079208 22941410.1 267325.6892 10126 
1.54950495 22007694.62 252237.7679 10004 
1.606930693 21391048.07 239223.1927 10083 
1.664356436 20297940.31 223559.4477 10120 
1.721782178 19075668.06 207591.4194 10086 
1.779207921 18213908.37 194133.9637 10192 
1.836633663 16922121.72 179383.0992 10009 
1.894059406 15848770.63 165826.9286 10057 
1.951485149 14640343.9 152078.8507 10013 
2.008910891 13611614.47 140026.4295 10030 
2.066336634 10595317.48 119065.859 8155 
2.123762376 5118547.925 77093.2319 4643 
2.181188119 815080.6687 25939.42734 1133 
2.238613861 0 0 0 
2.296039604 0 0 0 
2.353465347 0 0 0 
2.410891089 0 0 0 
2.468316832 0 0 0 
2.525742574 0 0 0 
2.583168317 0 0 0 
2.640594059 0 0 0 
2.698019802 0 0 0 
2.755445545 0 0 0 
2.812871287 0 0 0 
2.87029703 0 0 0 
2.927722772 0 0 0 
2.985148515 0 0 0 
3.042574257 0 0 0 
3.1 0 0 0 
3.157425743 0 0 0 
3.214851485 0 0 0 
3.272277228 0 0 0 
3.32970297 0 0 0 
3.387128713 0 0 0 
3.444554455 0 0 0 
3.501980198 0 0 0 
3.559405941 0 0 0 
3.616831683 0 0 0 
3.674257426 0 0 0 
3.731683168 0 0 0 
3.789108911 0 0 0 
3.846534653 0 0 0 
3.903960396 0 0 0 
3.961386139 0 0 0 
4.018811881 0 0 0 
4.076237624 0 0 0 
4.133663366 0 0 0 
4.191089109 0 0 0 
4.248514851 0 0 0 
4.305940594 0 0 0 
4.363366337 0 0 0 
4.420792079 0 0 0 
4.478217822 0 0 0 
4.535643564 0 0 0 
4.593069307 0 0 0 
4.65049505 0 0 0 
4.707920792 0 0 0 
4.765346535 0 0 0 
4.822772277 0 0 0 
4.88019802 0 0 0 
4.937623762 0 0 0 
4.995049505 0 0 0 
5.052475248 0 0 0 
5.10990099 0 0 0 
5.167326733 0 0 0 
5.224752475 0 0 0 
5.282178218 0 0 0 
5.33960396 0 0 0 
5.397029703 0 0 0 
5.454455446 0 0 0 
5.511881188 0 0 0 
5.569306931 0 0 0 
5.626732673 0 0 0 
5.684158416 0 0 0 
5.741584158 0 0 0 
5.799009901 0 0 0 
5.856435644 0 0 0 
5.913861386 0 0 0 
5.971287129 0 0 0 
