# Format: McCode with text headers
# URL: http://www.mccode.org
# Creator: McStas 2.4.1 - Jun. 26, 2017
# Instrument: MAGiC_elearning.instr
# Ncount: 2500000
# Trace: no
# Gravitation: no
# Seed: 1563292243
# Directory: MAGiC_HR/11
# Nodes: 40
# Param: spectrum=0
# Param: high_res=1
# Param: coll_set=0.3
# Param: sample_rot=110
# Date: Tue Jul 16 10:28:09 2019 (1563265689)
# type: array_1d(101)
# Source: MAGiC_half_polarized (MAGiC_elearning.instr)
# component: L_out
# position: -0.034 -0.674259 159.42
# title: Wavelength monitor
# Ncount: 100000000
# filename: L_out.txt
# statistics: X0=1.43444; dX=0.351964;
# signal: Min=0; Max=2.43863e+07; Mean=4.29795e+06;
# values: 4.34093e+08 1.12691e+06 291718
# xvar: L
# yvar: (I,I_err)
# xlabel: Wavelength [AA]
# ylabel: Intensity
# xlimits: 0.2 6
# variables: L I I_err N
0.2287128713 0 0 0 
0.2861386139 0 0 0 
0.3435643564 3.610466624e-140 3.882970703e-140 6 
0.400990099 6.703236397e-18 5.124904049e-18 1272 
0.4584158416 955.6267784 219.8881071 5670 
0.5158415842 64026.83877 4355.458947 9547 
0.5732673267 334135.6849 12338.17892 10120 
0.6306930693 1022512.599 25558.54522 10017 
0.6881188119 2354832.28 47925.69977 10085 
0.7455445545 4292053.788 79065.76063 10033 
0.802970297 6723592.082 115982.2234 10153 
0.8603960396 9519551.116 156562.0017 9977 
0.9178217822 12845757.84 199869.0467 9898 
0.9752475248 15715579.96 234965.2787 10041 
1.032673267 18651861.33 266326.729 10035 
1.09009901 20404876.72 284441.9137 10087 
1.147524752 21895284.56 296989.0037 9895 
1.204950495 23538002.54 306261.6255 10037 
1.262376238 23973041.14 305708.8943 10062 
1.31980198 24386329.21 301253.8455 10288 
1.377227723 24103924.81 292618.8146 10107 
1.434653465 23945592.92 282764.231 10238 
1.492079208 23199422.01 268450.3232 10292 
1.54950495 21685460.46 250644.5439 9871 
1.606930693 21087927.97 237357.0771 10063 
1.664356436 19922834.6 221595.4455 9968 
1.721782178 19192377.16 208432.9159 10058 
1.779207921 18076893.68 193879.7223 10091 
1.836633663 16782805.02 178288.852 10018 
1.894059406 15658419.62 164711.8527 9963 
1.951485149 14419708.54 151204.0974 9809 
2.008910891 13705888.88 140842.3104 10032 
2.066336634 10666943.35 119478.4094 8208 
2.123762376 5079873.018 76663.76291 4621 
2.181188119 842089.1295 26540.68685 1156 
2.238613861 0 0 0 
2.296039604 0 0 0 
2.353465347 0 0 0 
2.410891089 0 0 0 
2.468316832 0 0 0 
2.525742574 0 0 0 
2.583168317 0 0 0 
2.640594059 0 0 0 
2.698019802 0 0 0 
2.755445545 0 0 0 
2.812871287 0 0 0 
2.87029703 0 0 0 
2.927722772 0 0 0 
2.985148515 0 0 0 
3.042574257 0 0 0 
3.1 0 0 0 
3.157425743 0 0 0 
3.214851485 0 0 0 
3.272277228 0 0 0 
3.32970297 0 0 0 
3.387128713 0 0 0 
3.444554455 0 0 0 
3.501980198 0 0 0 
3.559405941 0 0 0 
3.616831683 0 0 0 
3.674257426 0 0 0 
3.731683168 0 0 0 
3.789108911 0 0 0 
3.846534653 0 0 0 
3.903960396 0 0 0 
3.961386139 0 0 0 
4.018811881 0 0 0 
4.076237624 0 0 0 
4.133663366 0 0 0 
4.191089109 0 0 0 
4.248514851 0 0 0 
4.305940594 0 0 0 
4.363366337 0 0 0 
4.420792079 0 0 0 
4.478217822 0 0 0 
4.535643564 0 0 0 
4.593069307 0 0 0 
4.65049505 0 0 0 
4.707920792 0 0 0 
4.765346535 0 0 0 
4.822772277 0 0 0 
4.88019802 0 0 0 
4.937623762 0 0 0 
4.995049505 0 0 0 
5.052475248 0 0 0 
5.10990099 0 0 0 
5.167326733 0 0 0 
5.224752475 0 0 0 
5.282178218 0 0 0 
5.33960396 0 0 0 
5.397029703 0 0 0 
5.454455446 0 0 0 
5.511881188 0 0 0 
5.569306931 0 0 0 
5.626732673 0 0 0 
5.684158416 0 0 0 
5.741584158 0 0 0 
5.799009901 0 0 0 
5.856435644 0 0 0 
5.913861386 0 0 0 
5.971287129 0 0 0 
