# Format: McCode with text headers
# URL: http://www.mccode.org
# Creator: McStas 2.5 - Dec. 12, 2018
# Instrument: ESS_HEIMDAL.instr
# Ncount: 250000
# Trace: no
# Gravitation: no
# Seed: 1565866287
# Directory: TauScan/10
# Nodes: 4
# Param: lmax=4
# Param: lmin=0.5
# Param: T=200
# Param: tau=100
# Param: use_CoFe2O4=1
# Param: use_CoFe=1
# Param: use_magn=1
# Date: Wed Aug 14 15:24:09 2019 (1565789049)
# type: array_2d(40, 40)
# Source: ESS_HEIMDAL (ESS_HEIMDAL.instr)
# component: psd_source
# position: 0 0 0.01
# title: PSD monitor
# Ncount: 1000000
# filename: PSD_source.dat
# statistics: X0=-0.001383; dX=5.00756; Y0=0.00143325; dY=5.00407;
# signal: Min=0; Max=6.58512e+06; Mean=2.13803e+06;
# values: 3.42084e+09 3.42084e+06 1e+06
# xvar: X 
# yvar: Y 
# xlabel: X position [cm]
# ylabel: Y position [cm]
# zvar: I
# zlabel: Signal per bin
# xylimits: -15 15 -15 15
# variables: I I_err N
# Data [psd_source/PSD_source.dat] I:
0 0 0 0 0 0 0 0 0 0 0 0 0 0 0 0 0 0 0 0 0 0 0 0 0 0 0 0 0 0 0 0 0 0 0 0 0 0 0 0 
0 0 0 0 0 0 0 0 0 0 0 0 0 0 0 0 0 0 0 0 0 0 0 0 0 0 0 0 0 0 0 0 0 0 0 0 0 0 0 0 
0 0 0 0 0 0 0 0 0 0 0 0 0 0 0 0 0 0 0 0 0 0 0 0 0 0 0 0 0 0 0 0 0 0 0 0 0 0 0 0 
0 0 0 0 0 0 0 0 0 0 0 0 0 0 0 0 0 0 0 0 0 0 0 0 0 0 0 0 0 0 0 0 0 0 0 0 0 0 0 0 
0 0 0 0 0 0 0 0 0 0 0 0 0 0 0 0 0 0 0 0 0 0 0 0 0 0 0 0 0 0 0 0 0 0 0 0 0 0 0 0 
0 0 0 0 0 0 0 0 0 0 0 0 0 0 0 0 0 0 0 0 0 0 0 0 0 0 0 0 0 0 0 0 0 0 0 0 0 0 0 0 
0 0 0 0 0 0 0 0 0 0 0 0 0 0 0 0 0 564438.9661 1447016.256 1878042.375 1857517.353 1412807.861 550755.5635 0 0 0 0 0 0 0 0 0 0 0 0 0 0 0 0 0 
0 0 0 0 0 0 0 0 0 0 0 0 0 0 903102.3553 3417421.462 5346776.591 6349083.465 6133570.663 6140412.376 6082258.072 6417500.529 6075416.142 5110738.527 3355846.334 985202.5749 0 0 0 0 0 0 0 0 0 0 0 0 0 0 
0 0 0 0 0 0 0 0 0 0 0 0 465234.5444 3872393.491 6133570.563 5822274.128 5972791.396 6133571.231 6157517.173 6082258.693 6010421.01 6195146.514 5979633.323 6130150.214 6054891.369 5965949.177 4094748.249 451551.1557 0 0 0 0 0 0 0 0 0 0 0 0 
0 0 0 0 0 0 0 0 0 0 0 1683054.38 5675177.484 6010420.488 6301192.338 6160938.228 6119888.282 5911217.018 5897533.822 6256722.419 5904375.559 6503023.038 5924900.4 6136992.481 6095942.141 6225933.982 6273825.311 5493872.87 1720683.639 0 0 0 0 0 0 0 0 0 0 0 
0 0 0 0 0 0 0 0 0 0 2090134.657 6219091.517 6123308.397 6058312.807 6171201.003 6249880.662 6424344.057 6338823.119 6143835.104 6123310.118 5907797.04 6150676.841 6171201.772 6024105.274 5948846.581 6342243.273 5976212.587 6048049.896 5880428.136 2291964.287 0 0 0 0 0 0 0 0 0 0 
0 0 0 0 0 0 0 0 0 1696737.745 6109624.59 6195146.228 5822274.749 5983054.831 6280668.586 6249881.334 6297773.401 6075418.708 5962530.966 6051472.9 6113048.127 6297773.729 6232777.563 5959109.819 6082259.989 6109626.341 5842800.22 6106204.736 6270404.71 6205408.102 1696737.759 0 0 0 0 0 0 0 0 0 
0 0 0 0 0 0 0 0 543913.9171 5545185.508 6318296.466 5883849.962 6403818.647 6092522.295 5952268.073 6150677.312 6003581.356 6424345.308 6133573.593 6280670.049 6198569.795 6027527.53 6095944.247 6318298.961 6273827.72 6037789.211 6239618.601 5904375.565 6106204.763 5928320.41 5480189.433 591805.6953 0 0 0 0 0 0 0 0 
0 0 0 0 0 0 0 0 3783451.599 6133570.775 6410659.62 6065155.018 6195147.587 5877009.61 6171202.524 6133573.552 6082261.144 5938585.85 6523550.368 5993319.52 6321720.621 6143836.597 6048052.83 6078840.291 6140415.165 6390136.516 6441448.777 6099363.995 6140413.629 6054891.977 6256721.086 4009227.174 0 0 0 0 0 0 0 0 
0 0 0 0 0 0 0 937310.755 6010420.124 6239617.235 6113046.674 6205409.985 6215673.053 5883851.632 6243040.594 6150678.106 6007002.876 6054894.88 6417504.561 6119891.151 6123312.023 6188307.98 6249883.075 5979636.164 5962531.655 6068577.563 6438028.327 5781225.911 6054892.871 5794908.289 6277246.502 5873586.441 841527.1785 0 0 0 0 0 0 0 
0 0 0 0 0 0 0 3376371.329 6475655.017 6034366.988 6119888.675 6290931.439 6246460.998 6198569.568 6181465.736 6147257.58 6188307.943 6222516.604 6116470.543 5945428.327 6109628.894 6475659.249 6116470.39 6195149.655 5900956.788 6482500.024 6201990.433 6017264.414 5996738.898 6126730.394 6215671.705 6020682.949 3328479.531 0 0 0 0 0 0 0 
0 0 0 0 0 0 0 5596498.074 6041208.272 6167780.111 6147255.676 6195148.04 6160940.096 5986477.48 5877010.799 6277249.919 6089103.734 6239621.083 6160941.751 6113049.993 6095945.786 6003582.9 6195150.065 6198570.733 6263566.544 6089103.164 6284090.936 5993318.763 6017264.148 6191726.644 6078838.206 6407238.41 5220205.431 0 0 0 0 0 0 0 
0 0 0 0 0 0 513126.3239 6143832.969 6013841.717 6585123.174 6003580.454 6065156.19 6301194.902 6253303.516 6225937.146 6130153.791 6191729.227 6041212.235 6386717.737 5921482.859 6287513.29 6410663.626 6078841.55 6085683.045 6123312.119 6030948.986 6164361.559 6140415.223 6143835.562 6048051.386 6249880.549 6030945.915 6136991.318 526809.6974 0 0 0 0 0 0 
0 0 0 0 0 0 1474382.993 5996736.857 6191725.641 5897533.797 6253302.119 6201990.028 5989898.203 5894114.976 6085682.618 5894115.609 6071999.806 6195150.404 6113050.257 5962533.114 6314880.166 5866749.383 5849645.056 6239621.192 6140416.441 6106207.706 5863327.377 6212253.069 6065156.279 6106205.871 5945425.627 6157517.212 6130149.743 1587270.792 0 0 0 0 0 0 
0 0 0 0 0 0 2021717.764 6095941.381 6082258.759 6359347.721 6082260.009 6054893.817 6157519.636 6287512.152 5894115.38 6301196.209 6143837.605 6171204.555 5794911.7 6095946.14 6184888.119 6041212.563 6232779.763 6174625.207 6154099.901 6054895.085 6232778.634 6290932.554 6017264.537 6246460.525 6249880.741 6017262.715 6277246.033 1878042.392 0 0 0 0 0 0 
0 0 0 0 0 0 1823308.914 6277246.006 6143833.906 6075417.702 6215672.922 6109627.335 6034369.238 5965952.777 6198570.57 6092524.693 6318300.696 5788069.899 5972795.661 5853066.131 6294355.164 6068579.309 5942007.924 6048053.943 6044632.857 6191728.866 6136994.98 6130152.872 6130152.371 6065155.805 6099363.639 6075417.068 6205408.363 1809625.548 0 0 0 0 0 0 
0 0 0 0 0 0 1494908.048 6160937.325 6246459.14 5993317.405 5894113.552 6205410.875 6253303.221 6191728.438 5716231.394 6201991.662 5705969.397 6054895.761 6075420.937 6020687.493 6030950.02 6215675.593 6167783.65 5924903.458 6178045.755 6184887.124 5924902.586 6058315.094 6013843.629 5993318.031 5979634.068 6102783.74 6212249.982 1522274.8 0 0 0 0 0 0 
0 0 0 0 0 0 595226.5448 6400396.147 6174621.348 6338822.487 6044630.544 6116468.804 5959110.491 6143836.507 6037790.691 6116470.419 5979636.86 5842803.23 6181467.017 5911220.321 6263567.379 6174625.329 6181466.899 6208833.469 6140416.317 6136995.174 6133573.976 6123311.011 6297773.537 6379873.226 6208830.431 6071996.03 6479075.575 564438.9602 0 0 0 0 0 0 
0 0 0 0 0 0 0 5463085.245 5959108.037 6106204.966 6208830.854 6160939.626 6201990.224 6225936.54 5873589.984 6119891.063 6147258.091 6164362.471 6126733.304 6160941.81 6321721.537 6304617.234 6383296.555 6000161.745 6147257.843 6089103.129 6236199.108 6174623.466 6188306.389 6020684.457 6201988.556 6024104.053 5439139.339 0 0 0 0 0 0 0 
0 0 0 0 0 0 0 3304533.659 6270404.469 6044629.556 6013842.563 6198568.645 6212252.512 5918060.374 6243040.918 6054894.794 6355929.38 5897536.358 6000161.834 6058316.235 6201991.708 6239620.953 6171203.935 5767544.057 6065157.332 6147257.299 6273828.148 6181464.959 5863325.971 5952267.326 6106204.695 6030945.517 3314796.173 0 0 0 0 0 0 0 
0 0 0 0 0 0 0 913364.8762 5986474.256 6249879.798 6044629.83 6024105.24 5952268.079 6273827.824 6342245.092 5890693.939 6150678.354 6171203.613 6051474.216 6099366.047 6065157.679 5664918.74 6157520.24 6239620.332 5945427.477 6106206.819 5894114.171 5969372.282 6407239.769 6136992.59 6526968.089 6123307.978 988623.3898 0 0 0 0 0 0 0 
0 0 0 0 0 0 0 0 3978439.584 6263562.796 6181463.191 5942004.718 6232776.891 6048051.803 6140414.897 5979635.553 6078840.317 6075419.604 6099365.599 6191728.536 6215674.424 6191728.443 6215674.197 6164361.399 6297774.024 6089102.224 6304615.127 6345664.733 6201988.838 5729911.897 6181462.543 3862130.964 0 0 0 0 0 0 0 0 
0 0 0 0 0 0 0 0 581543.1751 5613602.347 6150675.163 5962529.384 6277247.419 6314877.116 6184885.469 6212252.517 6222515.342 6058314.991 6130152.84 6150677.934 5976214.949 6065156.777 6078840.035 6095944.058 6130152.252 6379873.604 6092522.305 6150676.241 6308034.479 5894111.995 5702544.262 509705.5004 0 0 0 0 0 0 0 0 
0 0 0 0 0 0 0 0 0 1775417.118 6123307.912 6058312.447 6157517.427 6188305.472 6331981.205 6000159.738 5842801.104 6290931.864 6246461.014 6427765.846 6232777.694 6201990.031 6034368.61 6321719.204 6010422.308 6304614.455 5945425.519 5877008.315 6410659.327 6030945.21 1635162.586 0 0 0 0 0 0 0 0 0 
0 0 0 0 0 0 0 0 0 0 2339856.122 6095941.246 6181462.811 6215671.653 5794908.308 5948846.497 6198568.315 6037788.86 6037788.977 6215672.932 6143835.142 6136993.462 6123309.978 6287510.224 5952267.365 5907796.141 6034366.955 6082258.333 6503021.393 2192759.924 0 0 0 0 0 0 0 0 0 0 
0 0 0 0 0 0 0 0 0 0 0 1508591.421 5627285.705 6229354.388 6027525.017 6222513.426 6010421.359 6164359.479 6044629.996 6195147.262 6037788.484 6024105.044 6208830.36 6051471.437 6331980.363 6290929.923 6133570.783 5798327.88 1751471.249 0 0 0 0 0 0 0 0 0 0 0 
0 0 0 0 0 0 0 0 0 0 0 0 526809.6874 3738980.636 6349083.516 5942003.64 6215671.235 6174621.359 5989895.942 5983054.228 6396976.306 6369609.458 6253300.713 6017262.456 5842799.182 6215670.7 3961335.42 540493.0601 0 0 0 0 0 0 0 0 0 0 0 0 
0 0 0 0 0 0 0 0 0 0 0 0 0 0 916785.6926 3342162.91 5203101.243 5989895.071 5880428.243 6034366.161 5979632.848 6239616.708 6270404.196 5302305.725 3376371.362 882577.2901 0 0 0 0 0 0 0 0 0 0 0 0 0 0 
0 0 0 0 0 0 0 0 0 0 0 0 0 0 0 0 0 588384.8401 1453857.948 2131184.691 1819888.096 1546220.662 591805.7177 0 0 0 0 0 0 0 0 0 0 0 0 0 0 0 0 0 
0 0 0 0 0 0 0 0 0 0 0 0 0 0 0 0 0 0 0 0 0 0 0 0 0 0 0 0 0 0 0 0 0 0 0 0 0 0 0 0 
0 0 0 0 0 0 0 0 0 0 0 0 0 0 0 0 0 0 0 0 0 0 0 0 0 0 0 0 0 0 0 0 0 0 0 0 0 0 0 0 
0 0 0 0 0 0 0 0 0 0 0 0 0 0 0 0 0 0 0 0 0 0 0 0 0 0 0 0 0 0 0 0 0 0 0 0 0 0 0 0 
0 0 0 0 0 0 0 0 0 0 0 0 0 0 0 0 0 0 0 0 0 0 0 0 0 0 0 0 0 0 0 0 0 0 0 0 0 0 0 0 
0 0 0 0 0 0 0 0 0 0 0 0 0 0 0 0 0 0 0 0 0 0 0 0 0 0 0 0 0 0 0 0 0 0 0 0 0 0 0 0 
0 0 0 0 0 0 0 0 0 0 0 0 0 0 0 0 0 0 0 0 0 0 0 0 0 0 0 0 0 0 0 0 0 0 0 0 0 0 0 0 
# Errors [psd_source/PSD_source.dat] I_err:
0 0 0 0 0 0 0 0 0 0 0 0 0 0 0 0 0 0 0 0 0 0 0 0 0 0 0 0 0 0 0 0 0 0 0 0 0 0 0 0 
0 0 0 0 0 0 0 0 0 0 0 0 0 0 0 0 0 0 0 0 0 0 0 0 0 0 0 0 0 0 0 0 0 0 0 0 0 0 0 0 
0 0 0 0 0 0 0 0 0 0 0 0 0 0 0 0 0 0 0 0 0 0 0 0 0 0 0 0 0 0 0 0 0 0 0 0 0 0 0 0 
0 0 0 0 0 0 0 0 0 0 0 0 0 0 0 0 0 0 0 0 0 0 0 0 0 0 0 0 0 0 0 0 0 0 0 0 0 0 0 0 
0 0 0 0 0 0 0 0 0 0 0 0 0 0 0 0 0 0 0 0 0 0 0 0 0 0 0 0 0 0 0 0 0 0 0 0 0 0 0 0 
0 0 0 0 0 0 0 0 0 0 0 0 0 0 0 0 0 0 0 0 0 0 0 0 0 0 0 0 0 0 0 0 0 0 0 0 0 0 0 0 
0 0 0 0 0 0 0 0 0 0 0 0 0 0 0 0 0 43941.51392 70356.33795 80152.89538 79713.69944 69519.73 43405.61909 0 0 0 0 0 0 0 0 0 0 0 0 0 0 0 0 0 
0 0 0 0 0 0 0 0 0 0 0 0 0 0 55582.10771 108122.4302 135242.3003 147374.4001 144851.5772 144932.3426 144244.4012 148166.3206 144163.2452 132223.4131 107143.9276 58053.61846 0 0 0 0 0 0 0 0 0 0 0 0 0 0 
0 0 0 0 0 0 0 0 0 0 0 0 39893.53306 115094.9499 144851.5748 141127.8975 142940.4771 144851.5906 145134.0716 144244.4159 143390.049 145576.863 143022.3268 144811.1872 143919.5269 142858.5734 118353.2343 39302.48336 0 0 0 0 0 0 0 0 0 0 0 0 
0 0 0 0 0 0 0 0 0 0 0 75877.95139 139333.7273 143390.0366 146817.5333 145174.386 144689.9358 142201.7807 142037.1042 146298.5545 142119.4696 149150.3353 142366.2712 144891.9882 144406.5813 145938.1435 146498.3578 137090.0185 76721.49143 0 0 0 0 0 0 0 0 0 0 0 
0 0 0 0 0 0 0 0 0 0 84557.79732 145857.9174 144730.3517 143960.1905 145295.253 146218.5427 148245.322 147255.2962 144972.7526 144730.3924 142160.6492 145053.4511 145295.2711 143553.1989 142653.6794 147295.0091 142981.4132 143838.1985 141830.9489 88546.3054 0 0 0 0 0 0 0 0 0 0 
0 0 0 0 0 0 0 0 0 76185.7738 144568.5411 145576.8563 141127.9125 143063.2471 146578.2523 146218.5584 146777.7196 144163.3061 142817.6735 143878.9224 144609.0719 146777.7273 146018.3517 142776.6914 144244.4466 144568.5825 141376.4603 144528.0861 146458.4184 145697.3682 76185.77441 0 0 0 0 0 0 0 0 0 
0 0 0 0 0 0 0 0 43135.17944 137728.7393 147016.6601 141872.2205 148008.3108 144366.0811 142694.7051 145053.4622 143308.4635 148245.3508 144851.6464 146578.2864 145617.1071 143593.9858 144406.6311 147016.7181 146498.414 143716.1559 146098.4563 142119.4698 144528.0867 142407.344 136919.1881 44994.15383 0 0 0 0 0 0 0 0 
0 0 0 0 0 0 0 0 113765.5103 144851.5798 148087.3375 144041.4676 145576.8882 141789.7449 145295.2888 144851.6454 144244.474 142530.6215 149385.5785 143185.9419 147056.5305 144972.7878 143838.2683 144203.9045 144932.4084 147850.1265 148442.547 144447.1176 144932.3722 143919.5413 146298.5233 117110.7762 0 0 0 0 0 0 0 0 
0 0 0 0 0 0 0 56625.01354 143390.0279 146098.4243 144609.0375 145697.4124 145817.8527 141872.2608 146138.5266 145053.4809 143349.3025 143919.6104 148166.4137 144690.0036 144730.4374 145496.5301 146218.5991 143022.3948 142817.69 144082.1231 148403.1344 140629.5504 143919.5626 140795.8533 146538.3 141748.4168 53653.81324 0 0 0 0 0 0 0 
0 0 0 0 0 0 0 107471.0835 148836.1396 143675.4045 144689.9451 146697.9644 146178.5488 145617.1018 145416.0656 145013.1454 145496.5293 145898.1263 144649.5648 142612.7196 144568.6429 148836.2369 144649.5612 145576.9368 142078.3434 148914.8197 145657.2781 143471.6775 143226.7646 144770.8008 145817.8211 143512.3988 106706.1549 0 0 0 0 0 0 0 
0 0 0 0 0 0 0 138364.5099 143756.8205 145254.976 145013.1005 145576.8989 145174.43 143104.1831 141789.7736 146538.3798 144325.6 146098.5144 145174.4691 144609.116 144406.6676 143308.5004 145576.9464 145617.1292 146378.5779 144325.5865 146618.1998 143185.9238 143471.6712 145536.6879 144203.855 148047.8127 133631.9566 0 0 0 0 0 0 0 
0 0 0 0 0 0 41896.5889 144972.7022 143430.8453 150088.8866 143308.442 144041.4954 146817.5931 146258.6003 145938.2177 144811.2717 145536.7486 143756.9148 147810.5945 142325.2458 146658.1365 148087.4301 144203.9343 144285.0571 144730.4397 143634.742 145214.7429 144932.4098 144972.7634 143838.2339 146218.5401 143634.6689 144891.9607 42451.53518 0 0 0 0 0 0 
0 0 0 0 0 0 71018.52984 143226.7159 145536.6644 142037.1036 146258.5676 145657.2685 143145.0612 141995.9523 144285.047 141995.9675 144122.76 145576.9544 144609.1222 142817.7249 146976.9616 141665.9486 141459.2853 146098.517 144932.4385 144528.1564 141624.6126 145777.7414 144041.4975 144528.1129 142612.6548 145134.0725 144811.1761 73687.1966 0 0 0 0 0 0 
0 0 0 0 0 0 83162.35641 144406.5633 144244.4175 147493.4986 144244.4471 143919.5851 145134.1297 146658.11 141995.962 146817.6236 144972.8116 145295.3366 140795.9362 144406.676 145456.3331 143756.9226 146018.4032 145335.5968 145093.8352 143919.6152 146018.3768 146697.9904 143471.6804 146178.5377 146218.5445 143471.637 146538.2891 80152.89607 0 0 0 0 0 0 
0 0 0 0 0 0 78976.27586 146538.2885 144972.7243 144163.2822 145817.8497 144568.606 143675.458 142858.6596 145617.1253 144366.1379 147016.7585 140712.7944 142940.5792 141500.6472 146737.9114 144082.1646 142571.6965 143838.2947 143797.605 145536.7402 144892.0472 144811.25 144811.2381 144041.4863 144447.1092 144163.2672 145697.3743 78679.37166 0 0 0 0 0 0 
0 0 0 0 0 0 71511.1499 145174.3647 146178.5053 143185.8914 141995.918 145697.4333 146258.5934 145536.7301 139836.8318 145657.3069 139711.2618 143919.6313 144163.359 143512.5071 143634.7667 145817.9123 145255.0593 142366.3446 145375.8434 145456.3097 142366.3237 143960.2449 143430.8909 143185.9063 143022.3446 144487.5927 145777.669 72162.74627 0 0 0 0 0 0 
0 0 0 0 0 0 45124.00791 147968.7351 145335.506 147255.2815 143797.55 144649.5237 142776.7075 144972.7857 143716.1911 144649.5618 143022.4114 141376.5331 145416.0957 142201.8602 146378.5974 145335.5997 145416.0929 145737.628 144932.4356 144892.0518 144851.6554 144730.4135 146777.7228 147731.3379 145737.5567 144122.6703 148875.4401 43941.51345 0 0 0 0 0 0 
0 0 0 0 0 0 0 136705.3525 142776.6487 144528.0915 145737.5667 145174.419 145657.2732 145938.2035 141748.5023 144690.0015 145013.1574 145214.7644 144770.8696 145174.4704 147056.5518 146857.4751 147770.9964 143267.6586 145013.1516 144325.5856 146058.4335 145335.5558 145496.4927 143512.4348 145657.234 143553.1698 136405.4186 0 0 0 0 0 0 0 
0 0 0 0 0 0 0 106321.6277 146458.4128 143797.5265 143430.8655 145617.0801 145777.7283 142284.0897 146138.5342 143919.6083 147453.8812 142037.1653 143267.6607 143960.272 145657.308 146098.5114 145295.322 140463.0633 144041.5225 145013.1387 146498.424 145416.0473 141624.5786 142694.6872 144528.0851 143634.6594 106486.595 0 0 0 0 0 0 0 
0 0 0 0 0 0 0 55897.02266 143104.106 146218.5225 143797.533 143553.1981 142694.7052 146498.4165 147295.0513 141954.7356 145053.4868 145295.3144 143878.9536 144447.1662 144041.5308 139207.7834 145134.1439 146098.4968 142612.6992 144528.1354 141995.9329 142899.5789 148047.8441 144891.9908 149424.6696 144730.3418 58154.31705 0 0 0 0 0 0 0 
0 0 0 0 0 0 0 0 116660.2519 146378.4903 145416.0057 142571.6196 146018.3359 143838.2438 144932.4021 143022.3802 144203.9051 144163.3274 144447.1556 145536.7324 145817.8849 145536.7302 145817.8796 145214.7391 146777.7341 144325.5642 146857.426 147334.7416 145657.2406 140004.0305 145415.9905 114942.3377 0 0 0 0 0 0 0 0 
0 0 0 0 0 0 0 0 44602.32548 138575.7873 145053.4115 142817.6356 146538.3214 146976.8906 145456.2707 145777.7284 145898.0967 143960.2424 144811.2492 145053.4769 142981.4698 144041.5094 144203.8984 144406.6267 144811.2353 147731.3466 144366.0813 145053.4369 146897.2278 141995.8805 139669.2705 41756.7016 0 0 0 0 0 0 0 0 
0 0 0 0 0 0 0 0 0 77932.16186 144730.3403 143960.182 145134.0776 145496.4711 147175.8009 143267.6106 141376.4817 146697.9743 146178.5492 148284.8075 146018.3547 145657.2686 143675.4431 147056.4975 143390.08 146857.4104 142612.6523 141789.7136 148087.3308 143634.6521 74790.59585 0 0 0 0 0 0 0 0 0 
0 0 0 0 0 0 0 0 0 0 89466.6349 144406.5601 145415.9968 145817.8199 140795.8537 142653.6774 145617.0724 143716.1475 143716.1503 145817.8499 144972.7535 144892.0114 144730.3891 146658.065 142694.6881 142160.6276 143675.4037 144244.4074 149150.2976 86608.8098 0 0 0 0 0 0 0 0 0 0 
0 0 0 0 0 0 0 0 0 0 0 71837.6867 138744.5761 145978.2207 143593.9259 145898.0518 143390.0573 145214.6939 143797.5369 145576.8806 143716.1386 143553.1935 145737.555 143878.8876 147175.7813 146697.929 144851.58 140837.374 77404.82482 0 0 0 0 0 0 0 0 0 0 0 
0 0 0 0 0 0 0 0 0 0 0 0 42451.53438 113094.9297 147374.4013 142571.5937 145817.8101 145335.5063 143145.0072 143063.2328 147929.2103 147612.4426 146258.5347 143471.6308 141376.4352 145817.7975 116409.2088 42999.3191 0 0 0 0 0 0 0 0 0 0 0 0 
0 0 0 0 0 0 0 0 0 0 0 0 0 0 56001.59933 106925.2645 133412.8524 143144.9864 141830.9515 143675.3848 143022.3155 146098.412 146458.4064 134678.7001 107471.0846 54946.86203 0 0 0 0 0 0 0 0 0 0 0 0 0 0 
0 0 0 0 0 0 0 0 0 0 0 0 0 0 0 0 0 44863.92346 70522.46925 85384.11167 78902.15559 72728.10221 44994.15553 0 0 0 0 0 0 0 0 0 0 0 0 0 0 0 0 0 
0 0 0 0 0 0 0 0 0 0 0 0 0 0 0 0 0 0 0 0 0 0 0 0 0 0 0 0 0 0 0 0 0 0 0 0 0 0 0 0 
0 0 0 0 0 0 0 0 0 0 0 0 0 0 0 0 0 0 0 0 0 0 0 0 0 0 0 0 0 0 0 0 0 0 0 0 0 0 0 0 
0 0 0 0 0 0 0 0 0 0 0 0 0 0 0 0 0 0 0 0 0 0 0 0 0 0 0 0 0 0 0 0 0 0 0 0 0 0 0 0 
0 0 0 0 0 0 0 0 0 0 0 0 0 0 0 0 0 0 0 0 0 0 0 0 0 0 0 0 0 0 0 0 0 0 0 0 0 0 0 0 
0 0 0 0 0 0 0 0 0 0 0 0 0 0 0 0 0 0 0 0 0 0 0 0 0 0 0 0 0 0 0 0 0 0 0 0 0 0 0 0 
0 0 0 0 0 0 0 0 0 0 0 0 0 0 0 0 0 0 0 0 0 0 0 0 0 0 0 0 0 0 0 0 0 0 0 0 0 0 0 0 
# Events [psd_source/PSD_source.dat] N:
0 0 0 0 0 0 0 0 0 0 0 0 0 0 0 0 0 0 0 0 0 0 0 0 0 0 0 0 0 0 0 0 0 0 0 0 0 0 0 0 
0 0 0 0 0 0 0 0 0 0 0 0 0 0 0 0 0 0 0 0 0 0 0 0 0 0 0 0 0 0 0 0 0 0 0 0 0 0 0 0 
0 0 0 0 0 0 0 0 0 0 0 0 0 0 0 0 0 0 0 0 0 0 0 0 0 0 0 0 0 0 0 0 0 0 0 0 0 0 0 0 
0 0 0 0 0 0 0 0 0 0 0 0 0 0 0 0 0 0 0 0 0 0 0 0 0 0 0 0 0 0 0 0 0 0 0 0 0 0 0 0 
0 0 0 0 0 0 0 0 0 0 0 0 0 0 0 0 0 0 0 0 0 0 0 0 0 0 0 0 0 0 0 0 0 0 0 0 0 0 0 0 
0 0 0 0 0 0 0 0 0 0 0 0 0 0 0 0 0 0 0 0 0 0 0 0 0 0 0 0 0 0 0 0 0 0 0 0 0 0 0 0 
0 0 0 0 0 0 0 0 0 0 0 0 0 0 0 0 0 165 423 549 543 413 161 0 0 0 0 0 0 0 0 0 0 0 0 0 0 0 0 0 
0 0 0 0 0 0 0 0 0 0 0 0 0 0 264 999 1563 1856 1793 1795 1778 1876 1776 1494 981 288 0 0 0 0 0 0 0 0 0 0 0 0 0 0 
0 0 0 0 0 0 0 0 0 0 0 0 136 1132 1793 1702 1746 1793 1800 1778 1757 1811 1748 1792 1770 1744 1197 132 0 0 0 0 0 0 0 0 0 0 0 0 
0 0 0 0 0 0 0 0 0 0 0 492 1659 1757 1842 1801 1789 1728 1724 1829 1726 1901 1732 1794 1782 1820 1834 1606 503 0 0 0 0 0 0 0 0 0 0 0 
0 0 0 0 0 0 0 0 0 0 611 1818 1790 1771 1804 1827 1878 1853 1796 1790 1727 1798 1804 1761 1739 1854 1747 1768 1719 670 0 0 0 0 0 0 0 0 0 0 
0 0 0 0 0 0 0 0 0 496 1786 1811 1702 1749 1836 1827 1841 1776 1743 1769 1787 1841 1822 1742 1778 1786 1708 1785 1833 1814 496 0 0 0 0 0 0 0 0 0 
0 0 0 0 0 0 0 0 159 1621 1847 1720 1872 1781 1740 1798 1755 1878 1793 1836 1812 1762 1782 1847 1834 1765 1824 1726 1785 1733 1602 173 0 0 0 0 0 0 0 0 
0 0 0 0 0 0 0 0 1106 1793 1874 1773 1811 1718 1804 1793 1778 1736 1907 1752 1848 1796 1768 1777 1795 1868 1883 1783 1795 1770 1829 1172 0 0 0 0 0 0 0 0 
0 0 0 0 0 0 0 274 1757 1824 1787 1814 1817 1720 1825 1798 1756 1770 1876 1789 1790 1809 1827 1748 1743 1774 1882 1690 1770 1694 1835 1717 246 0 0 0 0 0 0 0 
0 0 0 0 0 0 0 987 1893 1764 1789 1839 1826 1812 1807 1797 1809 1819 1788 1738 1786 1893 1788 1811 1725 1895 1813 1759 1753 1791 1817 1760 973 0 0 0 0 0 0 0 
0 0 0 0 0 0 0 1636 1766 1803 1797 1811 1801 1750 1718 1835 1780 1824 1801 1787 1782 1755 1811 1812 1831 1780 1837 1752 1759 1810 1777 1873 1526 0 0 0 0 0 0 0 
0 0 0 0 0 0 150 1796 1758 1925 1755 1773 1842 1828 1820 1792 1810 1766 1867 1731 1838 1874 1777 1779 1790 1763 1802 1795 1796 1768 1827 1763 1794 154 0 0 0 0 0 0 
0 0 0 0 0 0 431 1753 1810 1724 1828 1813 1751 1723 1779 1723 1775 1811 1787 1743 1846 1715 1710 1824 1795 1785 1714 1816 1773 1785 1738 1800 1792 464 0 0 0 0 0 0 
0 0 0 0 0 0 591 1782 1778 1859 1778 1770 1800 1838 1723 1842 1796 1804 1694 1782 1808 1766 1822 1805 1799 1770 1822 1839 1759 1826 1827 1759 1835 549 0 0 0 0 0 0 
0 0 0 0 0 0 533 1835 1796 1776 1817 1786 1764 1744 1812 1781 1847 1692 1746 1711 1840 1774 1737 1768 1767 1810 1794 1792 1792 1773 1783 1776 1814 529 0 0 0 0 0 0 
0 0 0 0 0 0 437 1801 1826 1752 1723 1814 1828 1810 1671 1813 1668 1770 1776 1760 1763 1817 1803 1732 1806 1808 1732 1771 1758 1752 1748 1784 1816 445 0 0 0 0 0 0 
0 0 0 0 0 0 174 1871 1805 1853 1767 1788 1742 1796 1765 1788 1748 1708 1807 1728 1831 1805 1807 1815 1795 1794 1793 1790 1841 1865 1815 1775 1894 165 0 0 0 0 0 0 
0 0 0 0 0 0 0 1597 1742 1785 1815 1801 1813 1820 1717 1789 1797 1802 1791 1801 1848 1843 1866 1754 1797 1780 1823 1805 1809 1760 1813 1761 1590 0 0 0 0 0 0 0 
0 0 0 0 0 0 0 966 1833 1767 1758 1812 1816 1730 1825 1770 1858 1724 1754 1771 1813 1824 1804 1686 1773 1797 1834 1807 1714 1740 1785 1763 969 0 0 0 0 0 0 0 
0 0 0 0 0 0 0 267 1750 1827 1767 1761 1740 1834 1854 1722 1798 1804 1769 1783 1773 1656 1800 1824 1738 1785 1723 1745 1873 1794 1908 1790 289 0 0 0 0 0 0 0 
0 0 0 0 0 0 0 0 1163 1831 1807 1737 1822 1768 1795 1748 1777 1776 1783 1810 1817 1810 1817 1802 1841 1780 1843 1855 1813 1675 1807 1129 0 0 0 0 0 0 0 0 
0 0 0 0 0 0 0 0 170 1641 1798 1743 1835 1846 1808 1816 1819 1771 1792 1798 1747 1773 1777 1782 1792 1865 1781 1798 1844 1723 1667 149 0 0 0 0 0 0 0 0 
0 0 0 0 0 0 0 0 0 519 1790 1771 1800 1809 1851 1754 1708 1839 1826 1879 1822 1813 1764 1848 1757 1843 1738 1718 1874 1763 478 0 0 0 0 0 0 0 0 0 
0 0 0 0 0 0 0 0 0 0 684 1782 1807 1817 1694 1739 1812 1765 1765 1817 1796 1794 1790 1838 1740 1727 1764 1778 1901 641 0 0 0 0 0 0 0 0 0 0 
0 0 0 0 0 0 0 0 0 0 0 441 1645 1821 1762 1819 1757 1802 1767 1811 1765 1761 1815 1769 1851 1839 1793 1695 512 0 0 0 0 0 0 0 0 0 0 0 
0 0 0 0 0 0 0 0 0 0 0 0 154 1093 1856 1737 1817 1805 1751 1749 1870 1862 1828 1759 1708 1817 1158 158 0 0 0 0 0 0 0 0 0 0 0 0 
0 0 0 0 0 0 0 0 0 0 0 0 0 0 268 977 1521 1751 1719 1764 1748 1824 1833 1550 987 258 0 0 0 0 0 0 0 0 0 0 0 0 0 0 
0 0 0 0 0 0 0 0 0 0 0 0 0 0 0 0 0 172 425 623 532 452 173 0 0 0 0 0 0 0 0 0 0 0 0 0 0 0 0 0 
0 0 0 0 0 0 0 0 0 0 0 0 0 0 0 0 0 0 0 0 0 0 0 0 0 0 0 0 0 0 0 0 0 0 0 0 0 0 0 0 
0 0 0 0 0 0 0 0 0 0 0 0 0 0 0 0 0 0 0 0 0 0 0 0 0 0 0 0 0 0 0 0 0 0 0 0 0 0 0 0 
0 0 0 0 0 0 0 0 0 0 0 0 0 0 0 0 0 0 0 0 0 0 0 0 0 0 0 0 0 0 0 0 0 0 0 0 0 0 0 0 
0 0 0 0 0 0 0 0 0 0 0 0 0 0 0 0 0 0 0 0 0 0 0 0 0 0 0 0 0 0 0 0 0 0 0 0 0 0 0 0 
0 0 0 0 0 0 0 0 0 0 0 0 0 0 0 0 0 0 0 0 0 0 0 0 0 0 0 0 0 0 0 0 0 0 0 0 0 0 0 0 
0 0 0 0 0 0 0 0 0 0 0 0 0 0 0 0 0 0 0 0 0 0 0 0 0 0 0 0 0 0 0 0 0 0 0 0 0 0 0 0 
