# Format: McCode with text headers
# URL: http://www.mccode.org
# Creator: McStas 2.5 - Dec. 12, 2018
# Instrument: ESS_HEIMDAL.instr
# Ncount: 250000
# Trace: no
# Gravitation: no
# Seed: 1565866155
# Directory: TauScan/1
# Nodes: 4
# Param: lmax=4
# Param: lmin=0.5
# Param: T=200
# Param: tau=10
# Param: use_CoFe2O4=1
# Param: use_CoFe=1
# Param: use_magn=1
# Date: Wed Aug 14 15:22:46 2019 (1565788966)
# type: array_2d(40, 40)
# Source: ESS_HEIMDAL (ESS_HEIMDAL.instr)
# component: psd_source
# position: 0 0 0.01
# title: PSD monitor
# Ncount: 1000000
# filename: PSD_source.dat
# statistics: X0=-0.00140325; dX=5.00736; Y0=0.00321225; dY=5.00098;
# signal: Min=0; Max=6.60907e+06; Mean=2.13803e+06;
# values: 3.42084e+09 3.42084e+06 1e+06
# xvar: X 
# yvar: Y 
# xlabel: X position [cm]
# ylabel: Y position [cm]
# zvar: I
# zlabel: Signal per bin
# xylimits: -15 15 -15 15
# variables: I I_err N
# Data [psd_source/PSD_source.dat] I:
0 0 0 0 0 0 0 0 0 0 0 0 0 0 0 0 0 0 0 0 0 0 0 0 0 0 0 0 0 0 0 0 0 0 0 0 0 0 0 0 
0 0 0 0 0 0 0 0 0 0 0 0 0 0 0 0 0 0 0 0 0 0 0 0 0 0 0 0 0 0 0 0 0 0 0 0 0 0 0 0 
0 0 0 0 0 0 0 0 0 0 0 0 0 0 0 0 0 0 0 0 0 0 0 0 0 0 0 0 0 0 0 0 0 0 0 0 0 0 0 0 
0 0 0 0 0 0 0 0 0 0 0 0 0 0 0 0 0 0 0 0 0 0 0 0 0 0 0 0 0 0 0 0 0 0 0 0 0 0 0 0 
0 0 0 0 0 0 0 0 0 0 0 0 0 0 0 0 0 0 0 0 0 0 0 0 0 0 0 0 0 0 0 0 0 0 0 0 0 0 0 0 
0 0 0 0 0 0 0 0 0 0 0 0 0 0 0 0 0 0 0 0 0 0 0 0 0 0 0 0 0 0 0 0 0 0 0 0 0 0 0 0 
0 0 0 0 0 0 0 0 0 0 0 0 0 0 0 0 0 578122.3337 1512012.3 1768575.434 1833571.42 1542799.795 670485.0601 0 0 0 0 0 0 0 0 0 0 0 0 0 0 0 0 0 
0 0 0 0 0 0 0 0 0 0 0 0 0 0 981781.6836 3266904.42 5312568.255 6041207.643 6078837.054 5986474.512 5883849.174 6160937.312 6113045.367 5168892.724 3359267.173 892839.7639 0 0 0 0 0 0 0 0 0 0 0 0 0 0 
0 0 0 0 0 0 0 0 0 0 0 0 584964.0223 3875814.312 5839378.032 6140412.529 5983053.962 6092521.059 6099362.865 5935162.463 6133571.428 6461972.201 5747015.942 6215671.289 6424342.316 5931740.741 4163165.106 608909.9639 0 0 0 0 0 0 0 0 0 0 0 0 
0 0 0 0 0 0 0 0 0 0 0 1785679.629 5904373.971 6085678.984 5883849.623 6082258.697 6102784.02 6243038.881 6468814.696 6150676.269 6140413.748 6266984.834 6260143.047 5969371.291 6188304.941 5976212.371 6058312.357 5784644.499 1703579.454 0 0 0 0 0 0 0 0 0 0 0 
0 0 0 0 0 0 0 0 0 0 2192759.862 6003578.471 6147254.363 5979633.443 6239617.884 6243039.062 5955688.426 5969371.997 5907796.904 5897534.556 6099364.266 6287510.596 5935163.541 6113047.213 5818854.476 6130150.987 5979633.454 6212250.382 6089099.558 2086713.762 0 0 0 0 0 0 0 0 0 0 
0 0 0 0 0 0 0 0 0 1655687.619 5825694.673 6208829.621 5989896.081 6013842.433 6061734.622 5942005.376 6301194.176 5805172.035 6379873.956 6208831.825 6400399.05 6253302.725 6034368.574 6075418.505 5945426.234 6054892.878 6414081.114 6095942.222 6243037.996 5767540.318 1679633.545 0 0 0 0 0 0 0 0 0 
0 0 0 0 0 0 0 0 554176.4445 5658073.266 6301192.23 6013841.993 6119888.609 6010422.088 5976213.983 6379873.878 6102785.751 5979635.568 6089102.673 5914639.637 6325140.976 6143836.187 6331982.468 6037789.702 6232777.533 6236198.123 6041209.655 6058313.488 6301192.851 6362767.409 5582814.795 554176.4456 0 0 0 0 0 0 0 0 
0 0 0 0 0 0 0 0 3957914.57 6304612.907 6239617.476 6287509.906 5976213.641 6253302.396 6058314.669 6126731.797 6321720.211 6270407.758 6089103.126 6140415.816 6273828.791 5692285.183 6201990.893 6219094.844 6219094.666 5969372.693 6263564.892 5835959.021 6143834.486 6270405.098 6095941.474 3947651.993 0 0 0 0 0 0 0 0 
0 0 0 0 0 0 0 831264.6522 5747015.281 6095941.867 6455131.005 6003580.229 6020684.972 5866747.426 6338824.307 6205411.657 5931744.356 6314879.093 6102786.874 6020686.652 6171203.815 6130153.66 6068578.302 6133574.165 6198569.969 6051473.359 6253302.783 6150677.048 6188305.762 5938583.693 6188304.635 6143832.973 927048.2394 0 0 0 0 0 0 0 
0 0 0 0 0 0 0 3342162.91 6331979.654 6092521.288 6352506.08 6178043.59 5822276.327 6027527.373 6188307.4 6113049.125 6020686.544 6048053.527 5986478.426 6092524.688 6239621.015 6003582.631 6123312.122 6369612.733 6095944.926 6188307.414 6082260.884 6297773.595 6048051.514 6024105.08 6095942.181 6075416.425 3390054.73 0 0 0 0 0 0 0 
0 0 0 0 0 0 0 5528081.269 6154096.095 6095942.447 6355927.106 6000159.968 5965951.992 5880431.294 6085682.32 6301195.868 6099366.27 6075420.539 6321721.496 5918061.849 6195150.269 6424346.814 5972795.162 6328562.808 6010424.029 6349087.35 6130152.933 6082260.656 5931743.083 5907796.656 6287509.606 6321717.38 5144946.877 0 0 0 0 0 0 0 
0 0 0 0 0 0 581543.1724 6280666.702 5972791.596 6143834.407 5969372.011 6154098.118 6078840.029 6164361.571 6061736.609 6270408.427 6007003.633 6198571.118 6294354.912 6092525.117 6178046.236 6027528.984 6126733.373 6362771.497 6044632.685 5948848.737 6212253.371 6116469.296 6232777.515 6085680.683 6236197.177 6089100.245 6205408.163 598647.3888 0 0 0 0 0 0 
0 0 0 0 0 0 1505170.583 6239616.697 6273825.895 6198568.04 6256722.99 6007001.937 6113048.601 6058315.522 6147257.843 6229358.43 6229358.654 6130154.35 5993320.653 6164362.974 6195150.59 6284092.509 6373034.357 6198571.064 6366192.204 5962532.228 6198570.138 6321720.092 6434607.428 5866746.797 6130151.151 6314875.997 5938582.584 1539378.998 0 0 0 0 0 0 
0 0 0 0 0 0 1980667.655 6178041.599 6157517.293 5883850.5 6201989.554 5942005.975 5976214.887 6222516.102 5921482.135 6136995.671 6054895.629 6119891.874 5894116.204 6123312.905 6065158.541 6123312.84 6078841.725 6263567.177 5928324.124 6277250.002 6171203.442 5853064.495 6007002.001 6290931.48 6054892.671 6458551.453 6314875.297 2059347.03 0 0 0 0 0 0 
0 0 0 0 0 0 1953300.923 5959107.68 6260142.589 5948846.53 6007001.457 6222515.177 6160940.476 5733335.349 6328562.667 6119891.434 6041212.242 5979637.227 5664919.598 5989899.938 6041212.617 6099366.913 6225938.079 5979637.039 6007003.561 5938586.378 6147257.525 6092523.584 6184885.883 6075418.332 5996738.331 6414080.505 6109624.755 1936196.705 0 0 0 0 0 0 
0 0 0 0 0 0 1447016.267 5965949.294 6448288.873 5945425.627 6243039.612 6089102.196 5959110.588 6102786.493 6479079.767 6277250.247 6222516.985 6150679.419 6321721.8 6359351.155 5856486.91 6044633.342 6143837.711 6263567.108 6181466.586 5825698.414 5976215.253 6010423.269 6195148.383 6106205.861 6222513.923 5989895.934 6078837.116 1494908.051 0 0 0 0 0 0 
0 0 0 0 0 0 557597.2752 6102782.856 5965949.924 6342243.339 6212251.863 6106206.279 6174623.655 6020686.099 6236199.678 6154099.712 6318300.522 5955691.122 5863328.414 6451713.847 6072000.056 5743598.843 6113049.991 6362771.489 6147258.008 6171203.605 6253303.52 6167781.983 6154098.092 6386714.902 6082259.232 6181463.013 6253299.971 547334.7492 0 0 0 0 0 0 
0 0 0 0 0 0 0 5103896.798 6393555.06 6297772.165 5928321.696 6154097.933 5986477.059 5825697.801 6308037.199 6150678.68 6157520.603 6140416.576 6284092.187 6157520.976 5835961.545 6181466.832 6106208.136 5818856.984 6041211.681 5863327.423 5880431.311 6089102.384 6321719.272 6215672.528 5928321.105 6147254.387 5357039.146 0 0 0 0 0 0 0 
0 0 0 0 0 0 0 3403738.062 6243037.766 6092521.332 6181463.878 6198568.64 6051472.843 5983056.41 6013844.345 6157520.145 6246462.336 6308037.715 6044632.796 5928324.141 6444871.707 6229358.413 5918061.423 6085682.665 6075419.875 6113048.809 5935164.577 5818855.469 6314877.366 6099363.654 6102783.878 5996737.058 3338742.063 0 0 0 0 0 0 0 
0 0 0 0 0 0 0 834685.4993 6130149.644 6225933.882 5931742.023 5979634.369 6208831.345 6266986.14 5723072.337 6133573.886 6058315.527 6126732.659 5880431.952 6359350.278 6219095.636 6311458.378 6030948.968 5815435.605 6106207.175 6277249.058 6113048.157 6106206.092 6102784.711 6198567.744 6386713.498 6106203.762 879156.4525 0 0 0 0 0 0 0 
0 0 0 0 0 0 0 0 3951072.857 6609067.892 6284088.501 6414081.1 6024105.45 6136993.717 6116469.067 6099365.054 6239619.927 6520129.361 6249882.786 6191728.5 6061736.412 6164361.65 6051473.69 6082261.094 6410661.913 6297773.734 6191727.209 6219093.545 5989896.483 6164358.998 6212250.203 3756084.874 0 0 0 0 0 0 0 0 
0 0 0 0 0 0 0 0 574701.4931 5815432.052 6143833.475 6171200.752 6304614.142 5942005.184 6352506.798 6167781.556 6386715.836 6020685.69 6338824.315 6270407.511 6352507.753 6095944.352 5798330.804 6212252.716 6249881.802 6150677.023 5996738.63 6078838.489 6188304.983 5907795.318 5541764.623 489180.4239 0 0 0 0 0 0 0 0 
0 0 0 0 0 0 0 0 0 1713841.953 6167778.926 6167779.439 6458551.567 6078838.459 6308035.306 6301194.006 6331981.8 6260144.307 6133573.146 6359348.997 6212252.638 6150677.4 6349086.255 6007001.661 5983055.478 5866746.49 5955688.134 6273826.053 5825695.162 6020682.658 1628320.916 0 0 0 0 0 0 0 0 0 
0 0 0 0 0 0 0 0 0 0 2165393.134 5890690.671 6078837.425 5935162.502 6232776.146 6390135.325 6277247.785 6164360.118 5959109.528 6229356.258 6396977.66 6301194.001 6270406.254 6061734.646 6253301.491 5928321.129 6225934.161 6338821.589 5866744.785 2055926.157 0 0 0 0 0 0 0 0 0 0 
0 0 0 0 0 0 0 0 0 0 0 1741208.684 5476768.677 6164358.353 6201988.011 5842799.789 6054892.347 5993317.363 5890692.124 6273826.654 5904375.601 6270405.769 6191726.171 6157517.679 5976212.613 6061733.384 6222512.689 5774381.992 1696737.745 0 0 0 0 0 0 0 0 0 0 0 
0 0 0 0 0 0 0 0 0 0 0 0 598647.421 3790293.241 5935161.553 6256721.023 6133570.916 6024104.209 5870166.387 6007000.116 5938583.362 5911216.535 6181463.046 6321717.343 6017262.125 6188303.902 3889497.763 588384.8649 0 0 0 0 0 0 0 0 0 0 0 0 
0 0 0 0 0 0 0 0 0 0 0 0 0 0 974940.0341 3273746.005 5086792.575 6024103.43 6284087.694 6065153.883 6078837.109 6037786.926 5897532.391 5305726.47 3280587.819 903102.3264 0 0 0 0 0 0 0 0 0 0 0 0 0 0 
0 0 0 0 0 0 0 0 0 0 0 0 0 0 0 0 0 554176.4571 1604375.007 1925934.155 2120922.131 1436753.69 567859.7838 0 0 0 0 0 0 0 0 0 0 0 0 0 0 0 0 0 
0 0 0 0 0 0 0 0 0 0 0 0 0 0 0 0 0 0 0 0 0 0 0 0 0 0 0 0 0 0 0 0 0 0 0 0 0 0 0 0 
0 0 0 0 0 0 0 0 0 0 0 0 0 0 0 0 0 0 0 0 0 0 0 0 0 0 0 0 0 0 0 0 0 0 0 0 0 0 0 0 
0 0 0 0 0 0 0 0 0 0 0 0 0 0 0 0 0 0 0 0 0 0 0 0 0 0 0 0 0 0 0 0 0 0 0 0 0 0 0 0 
0 0 0 0 0 0 0 0 0 0 0 0 0 0 0 0 0 0 0 0 0 0 0 0 0 0 0 0 0 0 0 0 0 0 0 0 0 0 0 0 
0 0 0 0 0 0 0 0 0 0 0 0 0 0 0 0 0 0 0 0 0 0 0 0 0 0 0 0 0 0 0 0 0 0 0 0 0 0 0 0 
0 0 0 0 0 0 0 0 0 0 0 0 0 0 0 0 0 0 0 0 0 0 0 0 0 0 0 0 0 0 0 0 0 0 0 0 0 0 0 0 
# Errors [psd_source/PSD_source.dat] I_err:
0 0 0 0 0 0 0 0 0 0 0 0 0 0 0 0 0 0 0 0 0 0 0 0 0 0 0 0 0 0 0 0 0 0 0 0 0 0 0 0 
0 0 0 0 0 0 0 0 0 0 0 0 0 0 0 0 0 0 0 0 0 0 0 0 0 0 0 0 0 0 0 0 0 0 0 0 0 0 0 0 
0 0 0 0 0 0 0 0 0 0 0 0 0 0 0 0 0 0 0 0 0 0 0 0 0 0 0 0 0 0 0 0 0 0 0 0 0 0 0 0 
0 0 0 0 0 0 0 0 0 0 0 0 0 0 0 0 0 0 0 0 0 0 0 0 0 0 0 0 0 0 0 0 0 0 0 0 0 0 0 0 
0 0 0 0 0 0 0 0 0 0 0 0 0 0 0 0 0 0 0 0 0 0 0 0 0 0 0 0 0 0 0 0 0 0 0 0 0 0 0 0 
0 0 0 0 0 0 0 0 0 0 0 0 0 0 0 0 0 0 0 0 0 0 0 0 0 0 0 0 0 0 0 0 0 0 0 0 0 0 0 0 
0 0 0 0 0 0 0 0 0 0 0 0 0 0 0 0 0 44470.94875 71919.09095 77781.85867 79198.22281 72647.60504 47891.79 0 0 0 0 0 0 0 0 0 0 0 0 0 0 0 0 0 
0 0 0 0 0 0 0 0 0 0 0 0 0 0 57952.74039 105714.5445 134808.9714 143756.8055 144203.8277 143104.1121 141872.2015 145174.3644 144609.0066 132973.5572 107198.5231 55265.39397 0 0 0 0 0 0 0 0 0 0 0 0 0 0 
0 0 0 0 0 0 0 0 0 0 0 0 44733.31682 115145.775 141335.0351 144932.3462 143063.2264 144366.0518 144447.0909 142489.503 144851.5952 148678.8203 140212.8319 145817.8113 148245.2818 142448.4128 119337.8875 45639.73137 0 0 0 0 0 0 0 0 0 0 0 0 
0 0 0 0 0 0 0 0 0 0 0 78157.07409 142119.4314 144284.9608 141872.2124 144244.416 144487.5993 146138.4865 148757.5257 145053.4376 144932.375 146418.4851 146338.5381 142899.5552 145496.4587 142981.4081 143960.1798 140671.0957 76339.22069 0 0 0 0 0 0 0 0 0 0 0 
0 0 0 0 0 0 0 0 0 0 86608.80737 143308.3947 145013.0695 143022.3297 146098.4395 146138.4908 142735.6917 142899.5721 142160.6459 142037.1219 144447.1241 146658.0737 142489.5289 144609.0502 141086.4608 144811.2055 143022.33 145777.6784 144325.501 84488.5706 0 0 0 0 0 0 0 0 0 0 
0 0 0 0 0 0 0 0 0 75258.52815 141169.3436 145737.5377 143145.0105 143430.8624 144000.8516 142571.6353 146817.5762 140920.4993 147731.3548 145737.5894 147968.8022 146258.5818 143675.4422 144163.3013 142612.6694 143919.5628 148126.8583 144406.5832 146138.4658 140462.9723 75800.80078 0 0 0 0 0 0 0 0 0 
0 0 0 0 0 0 0 0 43540.21354 139123.6023 146817.5308 143430.8519 144689.9435 143390.0747 142981.4467 147731.353 144487.6403 143022.3805 144325.5748 142242.9638 147096.3018 144972.7781 147175.8302 143716.1676 146018.351 146058.4104 143756.8534 143960.2067 146817.5453 147533.1366 138195.2588 43540.21363 0 0 0 0 0 0 0 0 
0 0 0 0 0 0 0 0 116358.9347 146857.3743 146098.4299 146658.0576 142981.4385 146258.5741 143960.2348 144770.834 147056.521 146458.4896 144325.5856 144932.4238 146498.439 139543.6213 145657.2889 145857.9954 145857.9912 142899.5888 146378.5393 141293.6747 144972.738 146458.4275 144406.5655 116207.981 0 0 0 0 0 0 0 0 
0 0 0 0 0 0 0 53325.6523 140212.8158 144406.5748 148600.103 143308.4366 143512.4471 141665.9014 147255.3238 145697.4517 142448.4996 146976.9367 144487.6669 143512.4871 145295.3192 144811.2686 144082.1406 144851.6599 145617.1112 143878.9333 146258.5831 145053.456 145496.478 142530.5697 145496.4515 144972.7023 56314.17006 0 0 0 0 0 0 0 
0 0 0 0 0 0 0 106925.2645 147175.7648 144366.0572 147414.1381 145375.7925 141127.9508 143593.9821 145496.5165 144609.0955 143512.4845 143838.2848 143104.2057 144366.1378 146098.5128 143308.494 144730.4398 147612.5185 144406.6472 145496.5168 144244.4679 146777.7241 143838.237 143553.1943 144406.5822 144163.2519 107688.6375 0 0 0 0 0 0 0 
0 0 0 0 0 0 0 137516.1613 145093.7455 144406.5885 147453.8285 143267.6161 142858.6409 141831.0251 144285.0399 146817.6156 144447.1715 144163.3496 147056.5509 142284.1252 145576.9512 148245.3856 142940.5672 147136.0966 143390.121 147374.4903 144811.2514 144244.4625 142448.469 142160.64 146658.0506 147056.4551 132665.188 0 0 0 0 0 0 0 
0 0 0 0 0 0 44602.32528 146578.2083 142940.4819 144972.7361 142899.5724 145093.7931 144203.8982 145214.7432 144000.8988 146458.5052 143349.3205 145617.1382 146737.9055 144366.148 145375.8547 143594.0204 144770.8712 147533.2314 143797.6009 142653.7311 145777.7485 144649.5353 146018.3506 144285.0011 146058.3883 144325.5173 145697.3697 45253.48896 0 0 0 0 0 0 
0 0 0 0 0 0 71756.19204 146098.4117 146498.3714 145617.0659 146298.5678 143349.2801 144609.0831 143960.2551 145013.1516 145978.3154 145978.3206 144811.2849 143185.969 145214.7762 145576.9588 146618.2365 147652.1694 145617.1369 147572.8824 142817.7037 145617.1152 147056.5182 148363.7009 141665.8862 144811.2093 146976.8646 142530.5431 72567.02187 0 0 0 0 0 0 
0 0 0 0 0 0 82313.73863 145375.7456 145134.0744 141872.2335 145657.2574 142571.6497 142981.4683 145898.1146 142325.2284 144892.0635 143919.6281 144690.0207 141995.9819 144730.4583 144041.5513 144730.4567 144203.9385 146378.5927 142407.4333 146538.3817 145295.3104 141500.6077 143349.2816 146697.9653 143919.5578 148639.4634 146976.8483 83932.71895 0 0 0 0 0 0 
0 0 0 0 0 0 81743.09951 142776.6401 146338.5274 142653.6782 143349.2686 145898.0929 145174.439 140045.8803 147136.0933 144690.0103 143756.9149 143022.4202 139207.8045 143145.1027 143756.9239 144447.1867 145938.2395 143022.4157 143349.3188 142530.6341 145013.1441 144366.1116 145456.2805 144163.2972 143226.7511 148126.8442 144568.545 81384.41781 0 0 0 0 0 0 
0 0 0 0 0 0 70356.33849 142858.5763 148521.3225 142612.6548 146138.5036 144325.5635 142776.7098 144487.6579 148875.5365 146538.3875 145898.1353 145053.5119 147056.5579 147493.5783 141541.9898 143797.6165 144972.8141 146378.5911 145416.0856 141169.4343 142981.477 143390.1029 145576.9069 144528.1127 145898.0635 143145.007 144203.8291 71511.15004 0 0 0 0 0 0 
0 0 0 0 0 0 43674.38927 144487.5718 142858.5913 147295.0106 145777.7131 144528.1226 145335.5603 143512.4739 146058.4469 145093.8307 147016.7544 142735.7563 141624.6376 148560.8079 144122.7659 140171.1871 144609.1159 147533.2312 145013.1555 145295.3143 146258.6004 145255.02 145093.7925 147810.5289 144244.4287 145416.0015 146258.5174 43270.61125 0 0 0 0 0 0 
0 0 0 0 0 0 0 132134.8794 147889.6424 146777.6908 142407.3749 145093.7888 143104.173 141169.4194 146897.2912 145053.4945 145134.1524 144932.4417 146618.229 145134.1612 141293.7358 145416.0914 144528.1665 141086.5216 143756.9016 141624.6137 141831.0255 144325.568 147056.4991 145817.8404 142407.3607 145013.07 135372.0299 0 0 0 0 0 0 0 
0 0 0 0 0 0 0 107905.7508 146138.4604 144366.0582 145416.0219 145617.08 143878.921 143063.2849 143430.908 145134.1417 146178.5801 146897.3032 143797.6035 142407.4336 148482.0064 145978.315 142284.1149 144285.0481 144163.3338 144609.088 142489.5538 141086.4849 146976.8965 144447.1096 144487.596 143226.7207 106870.5292 0 0 0 0 0 0 0 
0 0 0 0 0 0 0 53435.26353 144811.1737 145938.1412 142448.4435 143022.3519 145737.5782 146418.5156 139920.473 144851.6533 143960.2552 144770.8543 141831.041 147493.5579 145858.014 146937.1247 143634.7416 141045.0309 144528.1438 146538.3597 144609.0726 144528.1182 144487.6157 145617.0589 147810.4964 144528.063 54840.27277 0 0 0 0 0 0 0 
0 0 0 0 0 0 0 0 116258.3208 150361.5009 146618.143 148126.858 143553.2031 144892.0174 144649.5299 144447.1427 146098.4873 149346.402 146218.5924 145536.7316 144000.8942 145214.745 143878.9411 144244.4728 148087.3905 146777.7274 145536.7012 145857.965 143145.0201 145214.6825 145777.6741 113353.3154 0 0 0 0 0 0 0 0 
0 0 0 0 0 0 0 0 44339.18281 141044.9447 144972.7141 145295.2471 146857.4031 142571.6307 147414.1548 145255.01 147810.5505 143512.4642 147255.324 146458.4838 147414.1769 144406.6336 140837.445 145777.7331 146218.5694 145053.4554 143226.7582 144203.8617 145496.4596 142160.6078 137686.249 40907.32209 0 0 0 0 0 0 0 0 
0 0 0 0 0 0 0 0 0 76568.81164 145254.9481 145254.9601 148639.466 144203.861 146897.2471 146817.5722 147175.8147 146338.5676 144851.6358 147493.5282 145777.7313 145053.4643 147374.4649 143349.2735 143063.2626 141665.8788 142735.6847 146498.3751 141169.3555 143512.3919 74633.96684 0 0 0 0 0 0 0 0 0 
0 0 0 0 0 0 0 0 0 0 86066.65024 141954.6569 144203.8365 142489.504 146018.3185 147850.0989 146538.33 145214.7089 142776.6844 145978.2645 147929.2416 146817.5721 146458.4545 144000.8522 146258.5529 142407.3613 145938.1477 147255.2606 141665.8376 83862.97716 0 0 0 0 0 0 0 0 0 0 
0 0 0 0 0 0 0 0 0 0 0 77177.71801 136876.4497 145214.6674 145657.2212 141376.4498 143919.5501 143185.8904 141954.6919 146498.3891 142119.4707 146458.4431 145536.6768 145134.0835 142981.4139 144000.8222 145898.0345 140546.2587 76185.77377 0 0 0 0 0 0 0 0 0 0 0 
0 0 0 0 0 0 0 0 0 0 0 0 45253.4914 113868.3246 142489.4812 146298.5219 144851.5831 143553.1736 141707.1519 143349.2366 142530.5617 142201.7691 145416.0023 147056.4542 143471.6229 145496.4342 115348.8565 44863.92535 0 0 0 0 0 0 0 0 0 0 0 0 
0 0 0 0 0 0 0 0 0 0 0 0 0 0 57750.46351 105825.1792 131913.2877 143553.155 146618.1242 144041.4406 144203.829 143716.1015 142037.0697 134722.1354 105935.7058 55582.10593 0 0 0 0 0 0 0 0 0 0 0 0 0 0 
0 0 0 0 0 0 0 0 0 0 0 0 0 0 0 0 0 43540.21453 74083.15448 81168.44718 85178.28255 70106.40153 44074.46697 0 0 0 0 0 0 0 0 0 0 0 0 0 0 0 0 0 
0 0 0 0 0 0 0 0 0 0 0 0 0 0 0 0 0 0 0 0 0 0 0 0 0 0 0 0 0 0 0 0 0 0 0 0 0 0 0 0 
0 0 0 0 0 0 0 0 0 0 0 0 0 0 0 0 0 0 0 0 0 0 0 0 0 0 0 0 0 0 0 0 0 0 0 0 0 0 0 0 
0 0 0 0 0 0 0 0 0 0 0 0 0 0 0 0 0 0 0 0 0 0 0 0 0 0 0 0 0 0 0 0 0 0 0 0 0 0 0 0 
0 0 0 0 0 0 0 0 0 0 0 0 0 0 0 0 0 0 0 0 0 0 0 0 0 0 0 0 0 0 0 0 0 0 0 0 0 0 0 0 
0 0 0 0 0 0 0 0 0 0 0 0 0 0 0 0 0 0 0 0 0 0 0 0 0 0 0 0 0 0 0 0 0 0 0 0 0 0 0 0 
0 0 0 0 0 0 0 0 0 0 0 0 0 0 0 0 0 0 0 0 0 0 0 0 0 0 0 0 0 0 0 0 0 0 0 0 0 0 0 0 
# Events [psd_source/PSD_source.dat] N:
0 0 0 0 0 0 0 0 0 0 0 0 0 0 0 0 0 0 0 0 0 0 0 0 0 0 0 0 0 0 0 0 0 0 0 0 0 0 0 0 
0 0 0 0 0 0 0 0 0 0 0 0 0 0 0 0 0 0 0 0 0 0 0 0 0 0 0 0 0 0 0 0 0 0 0 0 0 0 0 0 
0 0 0 0 0 0 0 0 0 0 0 0 0 0 0 0 0 0 0 0 0 0 0 0 0 0 0 0 0 0 0 0 0 0 0 0 0 0 0 0 
0 0 0 0 0 0 0 0 0 0 0 0 0 0 0 0 0 0 0 0 0 0 0 0 0 0 0 0 0 0 0 0 0 0 0 0 0 0 0 0 
0 0 0 0 0 0 0 0 0 0 0 0 0 0 0 0 0 0 0 0 0 0 0 0 0 0 0 0 0 0 0 0 0 0 0 0 0 0 0 0 
0 0 0 0 0 0 0 0 0 0 0 0 0 0 0 0 0 0 0 0 0 0 0 0 0 0 0 0 0 0 0 0 0 0 0 0 0 0 0 0 
0 0 0 0 0 0 0 0 0 0 0 0 0 0 0 0 0 169 442 517 536 451 196 0 0 0 0 0 0 0 0 0 0 0 0 0 0 0 0 0 
0 0 0 0 0 0 0 0 0 0 0 0 0 0 287 955 1553 1766 1777 1750 1720 1801 1787 1511 982 261 0 0 0 0 0 0 0 0 0 0 0 0 0 0 
0 0 0 0 0 0 0 0 0 0 0 0 171 1133 1707 1795 1749 1781 1783 1735 1793 1889 1680 1817 1878 1734 1217 178 0 0 0 0 0 0 0 0 0 0 0 0 
0 0 0 0 0 0 0 0 0 0 0 522 1726 1779 1720 1778 1784 1825 1891 1798 1795 1832 1830 1745 1809 1747 1771 1691 498 0 0 0 0 0 0 0 0 0 0 0 
0 0 0 0 0 0 0 0 0 0 641 1755 1797 1748 1824 1825 1741 1745 1727 1724 1783 1838 1735 1787 1701 1792 1748 1816 1780 610 0 0 0 0 0 0 0 0 0 0 
0 0 0 0 0 0 0 0 0 484 1703 1815 1751 1758 1772 1737 1842 1697 1865 1815 1871 1828 1764 1776 1738 1770 1875 1782 1825 1686 491 0 0 0 0 0 0 0 0 0 
0 0 0 0 0 0 0 0 162 1654 1842 1758 1789 1757 1747 1865 1784 1748 1780 1729 1849 1796 1851 1765 1822 1823 1766 1771 1842 1860 1632 162 0 0 0 0 0 0 0 0 
0 0 0 0 0 0 0 0 1157 1843 1824 1838 1747 1828 1771 1791 1848 1833 1780 1795 1834 1664 1813 1818 1818 1745 1831 1706 1796 1833 1782 1154 0 0 0 0 0 0 0 0 
0 0 0 0 0 0 0 243 1680 1782 1887 1755 1760 1715 1853 1814 1734 1846 1784 1760 1804 1792 1774 1793 1812 1769 1828 1798 1809 1736 1809 1796 271 0 0 0 0 0 0 0 
0 0 0 0 0 0 0 977 1851 1781 1857 1806 1702 1762 1809 1787 1760 1768 1750 1781 1824 1755 1790 1862 1782 1809 1778 1841 1768 1761 1782 1776 991 0 0 0 0 0 0 0 
0 0 0 0 0 0 0 1616 1799 1782 1858 1754 1744 1719 1779 1842 1783 1776 1848 1730 1811 1878 1746 1850 1757 1856 1792 1778 1734 1727 1838 1848 1504 0 0 0 0 0 0 0 
0 0 0 0 0 0 170 1836 1746 1796 1745 1799 1777 1802 1772 1833 1756 1812 1840 1781 1806 1762 1791 1860 1767 1739 1816 1788 1822 1779 1823 1780 1814 175 0 0 0 0 0 0 
0 0 0 0 0 0 440 1824 1834 1812 1829 1756 1787 1771 1797 1821 1821 1792 1752 1802 1811 1837 1863 1812 1861 1743 1812 1848 1881 1715 1792 1846 1736 450 0 0 0 0 0 0 
0 0 0 0 0 0 579 1806 1800 1720 1813 1737 1747 1819 1731 1794 1770 1789 1723 1790 1773 1790 1777 1831 1733 1835 1804 1711 1756 1839 1770 1888 1846 602 0 0 0 0 0 0 
0 0 0 0 0 0 571 1742 1830 1739 1756 1819 1801 1676 1850 1789 1766 1748 1656 1751 1766 1783 1820 1748 1756 1736 1797 1781 1808 1776 1753 1875 1786 566 0 0 0 0 0 0 
0 0 0 0 0 0 423 1744 1885 1738 1825 1780 1742 1784 1894 1835 1819 1798 1848 1859 1712 1767 1796 1831 1807 1703 1747 1757 1811 1785 1819 1751 1777 437 0 0 0 0 0 0 
0 0 0 0 0 0 163 1784 1744 1854 1816 1785 1805 1760 1823 1799 1847 1741 1714 1886 1775 1679 1787 1860 1797 1804 1828 1803 1799 1867 1778 1807 1828 160 0 0 0 0 0 0 
0 0 0 0 0 0 0 1492 1869 1841 1733 1799 1750 1703 1844 1798 1800 1795 1837 1800 1706 1807 1785 1701 1766 1714 1719 1780 1848 1817 1733 1797 1566 0 0 0 0 0 0 0 
0 0 0 0 0 0 0 995 1825 1781 1807 1812 1769 1749 1758 1800 1826 1844 1767 1733 1884 1821 1730 1779 1776 1787 1735 1701 1846 1783 1784 1753 976 0 0 0 0 0 0 0 
0 0 0 0 0 0 0 244 1792 1820 1734 1748 1815 1832 1673 1793 1771 1791 1719 1859 1818 1845 1763 1700 1785 1835 1787 1785 1784 1812 1867 1785 257 0 0 0 0 0 0 0 
0 0 0 0 0 0 0 0 1155 1932 1837 1875 1761 1794 1788 1783 1824 1906 1827 1810 1772 1802 1769 1778 1874 1841 1810 1818 1751 1802 1816 1098 0 0 0 0 0 0 0 0 
0 0 0 0 0 0 0 0 168 1700 1796 1804 1843 1737 1857 1803 1867 1760 1853 1833 1857 1782 1695 1816 1827 1798 1753 1777 1809 1727 1620 143 0 0 0 0 0 0 0 0 
0 0 0 0 0 0 0 0 0 501 1803 1803 1888 1777 1844 1842 1851 1830 1793 1859 1816 1798 1856 1756 1749 1715 1741 1834 1703 1760 476 0 0 0 0 0 0 0 0 0 
0 0 0 0 0 0 0 0 0 0 633 1722 1777 1735 1822 1868 1835 1802 1742 1821 1870 1842 1833 1772 1828 1733 1820 1853 1715 601 0 0 0 0 0 0 0 0 0 0 
0 0 0 0 0 0 0 0 0 0 0 509 1601 1802 1813 1708 1770 1752 1722 1834 1726 1833 1810 1800 1747 1772 1819 1688 496 0 0 0 0 0 0 0 0 0 0 0 
0 0 0 0 0 0 0 0 0 0 0 0 175 1108 1735 1829 1793 1761 1716 1756 1736 1728 1807 1848 1759 1809 1137 172 0 0 0 0 0 0 0 0 0 0 0 0 
0 0 0 0 0 0 0 0 0 0 0 0 0 0 285 957 1487 1761 1837 1773 1777 1765 1724 1551 959 264 0 0 0 0 0 0 0 0 0 0 0 0 0 0 
0 0 0 0 0 0 0 0 0 0 0 0 0 0 0 0 0 162 469 563 620 420 166 0 0 0 0 0 0 0 0 0 0 0 0 0 0 0 0 0 
0 0 0 0 0 0 0 0 0 0 0 0 0 0 0 0 0 0 0 0 0 0 0 0 0 0 0 0 0 0 0 0 0 0 0 0 0 0 0 0 
0 0 0 0 0 0 0 0 0 0 0 0 0 0 0 0 0 0 0 0 0 0 0 0 0 0 0 0 0 0 0 0 0 0 0 0 0 0 0 0 
0 0 0 0 0 0 0 0 0 0 0 0 0 0 0 0 0 0 0 0 0 0 0 0 0 0 0 0 0 0 0 0 0 0 0 0 0 0 0 0 
0 0 0 0 0 0 0 0 0 0 0 0 0 0 0 0 0 0 0 0 0 0 0 0 0 0 0 0 0 0 0 0 0 0 0 0 0 0 0 0 
0 0 0 0 0 0 0 0 0 0 0 0 0 0 0 0 0 0 0 0 0 0 0 0 0 0 0 0 0 0 0 0 0 0 0 0 0 0 0 0 
0 0 0 0 0 0 0 0 0 0 0 0 0 0 0 0 0 0 0 0 0 0 0 0 0 0 0 0 0 0 0 0 0 0 0 0 0 0 0 0 
