# Format: McCode with text headers
# URL: http://www.mccode.org
# Creator: McStas 2.4.1 - Jun. 26, 2017
# Instrument: MAGiC_elearning.instr
# Ncount: 2500000
# Trace: no
# Gravitation: no
# Seed: 1563292792
# Directory: MAGiC_HR/17
# Nodes: 40
# Param: spectrum=0
# Param: high_res=1
# Param: coll_set=0.3
# Param: sample_rot=170
# Date: Tue Jul 16 10:32:19 2019 (1563265939)
# type: array_1d(101)
# Source: MAGiC_half_polarized (MAGiC_elearning.instr)
# component: L_out
# position: -0.034 -0.674259 159.42
# title: Wavelength monitor
# Ncount: 100000000
# filename: L_out.txt
# statistics: X0=1.43422; dX=0.352385;
# signal: Min=0; Max=2.44042e+07; Mean=4.28733e+06;
# values: 4.33021e+08 1.12515e+06 291331
# xvar: L
# yvar: (I,I_err)
# xlabel: Wavelength [AA]
# ylabel: Intensity
# xlimits: 0.2 6
# variables: L I I_err N
0.2287128713 0 0 0 
0.2861386139 0 0 0 
0.3435643564 1.198300051e-114 1.294311984e-114 6 
0.400990099 8.158829072e-18 6.071336994e-18 1249 
0.4584158416 535.70048 144.8423034 5509 
0.5158415842 57681.63588 4138.44772 9545 
0.5732673267 340258.6045 12493.25541 10060 
0.6306930693 1035316.294 25520.95907 10213 
0.6881188119 2285594.697 47296.38597 10107 
0.7455445545 4340297.229 79839.01567 10117 
0.802970297 6693233.148 115910.2888 9907 
0.8603960396 9825306.038 159261.9948 10096 
0.9178217822 12422911.7 195298.15 9984 
0.9752475248 15728242 234230.8443 10038 
1.032673267 18314086.34 263801.0704 10103 
1.09009901 20932121.91 287769.2213 10316 
1.147524752 22294001.54 299614.715 10134 
1.204950495 23453288.5 305737.4303 10069 
1.262376238 24404245.5 308377.865 10215 
1.31980198 23649494.05 296897.5433 9939 
1.377227723 23643113.03 289510.3109 9891 
1.434653465 23558458.23 280409.7916 9951 
1.492079208 22900866.56 267610.0378 10041 
1.54950495 22015907.52 252782.2646 9950 
1.606930693 21232476.35 238373.7193 10059 
1.664356436 19842493.21 220581.6756 10005 
1.721782178 18897299.12 206663.8207 10000 
1.779207921 17755389.73 192127.7809 9859 
1.836633663 16576127.96 177311.5754 9863 
1.894059406 15950219.48 166181.4986 10178 
1.951485149 14670567.2 152231.38 9986 
2.008910891 13639212.94 140410.4931 10008 
2.066336634 10794126.61 120158.9737 8319 
2.123762376 4972098.942 75870.70045 4515 
2.181188119 795709.4481 25791.29678 1099 
2.238613861 0 0 0 
2.296039604 0 0 0 
2.353465347 0 0 0 
2.410891089 0 0 0 
2.468316832 0 0 0 
2.525742574 0 0 0 
2.583168317 0 0 0 
2.640594059 0 0 0 
2.698019802 0 0 0 
2.755445545 0 0 0 
2.812871287 0 0 0 
2.87029703 0 0 0 
2.927722772 0 0 0 
2.985148515 0 0 0 
3.042574257 0 0 0 
3.1 0 0 0 
3.157425743 0 0 0 
3.214851485 0 0 0 
3.272277228 0 0 0 
3.32970297 0 0 0 
3.387128713 0 0 0 
3.444554455 0 0 0 
3.501980198 0 0 0 
3.559405941 0 0 0 
3.616831683 0 0 0 
3.674257426 0 0 0 
3.731683168 0 0 0 
3.789108911 0 0 0 
3.846534653 0 0 0 
3.903960396 0 0 0 
3.961386139 0 0 0 
4.018811881 0 0 0 
4.076237624 0 0 0 
4.133663366 0 0 0 
4.191089109 0 0 0 
4.248514851 0 0 0 
4.305940594 0 0 0 
4.363366337 0 0 0 
4.420792079 0 0 0 
4.478217822 0 0 0 
4.535643564 0 0 0 
4.593069307 0 0 0 
4.65049505 0 0 0 
4.707920792 0 0 0 
4.765346535 0 0 0 
4.822772277 0 0 0 
4.88019802 0 0 0 
4.937623762 0 0 0 
4.995049505 0 0 0 
5.052475248 0 0 0 
5.10990099 0 0 0 
5.167326733 0 0 0 
5.224752475 0 0 0 
5.282178218 0 0 0 
5.33960396 0 0 0 
5.397029703 0 0 0 
5.454455446 0 0 0 
5.511881188 0 0 0 
5.569306931 0 0 0 
5.626732673 0 0 0 
5.684158416 0 0 0 
5.741584158 0 0 0 
5.799009901 0 0 0 
5.856435644 0 0 0 
5.913861386 0 0 0 
5.971287129 0 0 0 
