# Format: McCode with text headers
# URL: http://www.mccode.org
# Creator: McStas 2.4.1 - Jun. 26, 2017
# Instrument: MAGiC_elearning.instr
# Ncount: 2500000
# Trace: no
# Gravitation: no
# Seed: 1563292515
# Directory: MAGiC_HR/14
# Nodes: 40
# Param: spectrum=0
# Param: high_res=1
# Param: coll_set=0.3
# Param: sample_rot=140
# Date: Tue Jul 16 10:30:13 2019 (1563265813)
# type: array_1d(101)
# Source: MAGiC_half_polarized (MAGiC_elearning.instr)
# component: L_out
# position: -0.034 -0.674259 159.42
# title: Wavelength monitor
# Ncount: 100000000
# filename: L_out.txt
# statistics: X0=1.43512; dX=0.35177;
# signal: Min=0; Max=2.43854e+07; Mean=4.3093e+06;
# values: 4.3524e+08 1.12814e+06 292275
# xvar: L
# yvar: (I,I_err)
# xlabel: Wavelength [AA]
# ylabel: Intensity
# xlimits: 0.2 6
# variables: L I I_err N
0.2287128713 0 0 0 
0.2861386139 0 0 0 
0.3435643564 5.570002947e-123 4.359461583e-123 6 
0.400990099 1.384763445e-18 5.458921123e-19 1222 
0.4584158416 564.3065746 148.2905417 5619 
0.5158415842 57582.57444 4083.215811 9742 
0.5732673267 339615.0149 12410.22192 10099 
0.6306930693 1042681.032 25639.29225 10039 
0.6881188119 2398418.675 48532.20279 10060 
0.7455445545 4193180.245 77743.329 9863 
0.802970297 6595021.476 115248.7149 9987 
0.8603960396 9637306.554 157524.15 10101 
0.9178217822 12699135.94 198647.4937 10024 
0.9752475248 15696465.09 234545.3325 9964 
1.032673267 18236628.42 262722.2282 10108 
1.09009901 20669341.52 286147.6183 10128 
1.147524752 22735587.53 302697.6042 10137 
1.204950495 23351501.45 305243.9638 10075 
1.262376238 24208938.09 306489.1966 10149 
1.31980198 24385439.18 301827.5486 10137 
1.377227723 23933769.54 291188.2341 10091 
1.434653465 23561895.94 280767.5752 10081 
1.492079208 22911291.48 267277.3754 10099 
1.54950495 22178388.71 253163.6629 10109 
1.606930693 21453893.91 239747.5195 10136 
1.664356436 20308182.87 223602.6019 10179 
1.721782178 19130818.65 208003.2764 10063 
1.779207921 18072228.21 193318.2162 10100 
1.836633663 16698596.44 177969.9511 9940 
1.894059406 15812802.62 165535.7209 10031 
1.951485149 14548139.22 151815.7167 9904 
2.008910891 13650580.25 140374.2036 10033 
2.066336634 10850914.39 120687.8244 8331 
2.123762376 5043179.587 76484.70031 4579 
2.181188119 837541.2703 26586.92038 1139 
2.238613861 0 0 0 
2.296039604 0 0 0 
2.353465347 0 0 0 
2.410891089 0 0 0 
2.468316832 0 0 0 
2.525742574 0 0 0 
2.583168317 0 0 0 
2.640594059 0 0 0 
2.698019802 0 0 0 
2.755445545 0 0 0 
2.812871287 0 0 0 
2.87029703 0 0 0 
2.927722772 0 0 0 
2.985148515 0 0 0 
3.042574257 0 0 0 
3.1 0 0 0 
3.157425743 0 0 0 
3.214851485 0 0 0 
3.272277228 0 0 0 
3.32970297 0 0 0 
3.387128713 0 0 0 
3.444554455 0 0 0 
3.501980198 0 0 0 
3.559405941 0 0 0 
3.616831683 0 0 0 
3.674257426 0 0 0 
3.731683168 0 0 0 
3.789108911 0 0 0 
3.846534653 0 0 0 
3.903960396 0 0 0 
3.961386139 0 0 0 
4.018811881 0 0 0 
4.076237624 0 0 0 
4.133663366 0 0 0 
4.191089109 0 0 0 
4.248514851 0 0 0 
4.305940594 0 0 0 
4.363366337 0 0 0 
4.420792079 0 0 0 
4.478217822 0 0 0 
4.535643564 0 0 0 
4.593069307 0 0 0 
4.65049505 0 0 0 
4.707920792 0 0 0 
4.765346535 0 0 0 
4.822772277 0 0 0 
4.88019802 0 0 0 
4.937623762 0 0 0 
4.995049505 0 0 0 
5.052475248 0 0 0 
5.10990099 0 0 0 
5.167326733 0 0 0 
5.224752475 0 0 0 
5.282178218 0 0 0 
5.33960396 0 0 0 
5.397029703 0 0 0 
5.454455446 0 0 0 
5.511881188 0 0 0 
5.569306931 0 0 0 
5.626732673 0 0 0 
5.684158416 0 0 0 
5.741584158 0 0 0 
5.799009901 0 0 0 
5.856435644 0 0 0 
5.913861386 0 0 0 
5.971287129 0 0 0 
