# Format: McCode with text headers
# URL: http://www.mccode.org
# Creator: McStas 2.5 - Dec. 12, 2018
# Instrument: ESS_HEIMDAL.instr
# Ncount: 25000
# Trace: no
# Gravitation: no
# Seed: 1565850550
# Directory: TemperatureScan/14
# Nodes: 4
# Param: lmax=4
# Param: lmin=0.5
# Param: T=290
# Param: tau=0
# Param: use_CoFe2O4=1
# Param: use_CoFe=1
# Param: use_magn=1
# Date: Wed Aug 14 12:13:45 2019 (1565777625)
# type: array_2d(40, 40)
# Source: ESS_HEIMDAL (ESS_HEIMDAL.instr)
# component: psd_source
# position: 0 0 0.01
# title: PSD monitor
# Ncount: 100000
# filename: PSD_source.dat
# statistics: X0=0.0335325; dX=4.99983; Y0=-0.0159225; dY=4.98654;
# signal: Min=0; Max=7.56006e+06; Mean=2.13803e+06;
# values: 3.42084e+09 1.08177e+07 100000
# xvar: X 
# yvar: Y 
# xlabel: X position [cm]
# ylabel: Y position [cm]
# zvar: I
# zlabel: Signal per bin
# xylimits: -15 15 -15 15
# variables: I I_err N
# Data [psd_source/PSD_source.dat] I:
0 0 0 0 0 0 0 0 0 0 0 0 0 0 0 0 0 0 0 0 0 0 0 0 0 0 0 0 0 0 0 0 0 0 0 0 0 0 0 0 
0 0 0 0 0 0 0 0 0 0 0 0 0 0 0 0 0 0 0 0 0 0 0 0 0 0 0 0 0 0 0 0 0 0 0 0 0 0 0 0 
0 0 0 0 0 0 0 0 0 0 0 0 0 0 0 0 0 0 0 0 0 0 0 0 0 0 0 0 0 0 0 0 0 0 0 0 0 0 0 0 
0 0 0 0 0 0 0 0 0 0 0 0 0 0 0 0 0 0 0 0 0 0 0 0 0 0 0 0 0 0 0 0 0 0 0 0 0 0 0 0 
0 0 0 0 0 0 0 0 0 0 0 0 0 0 0 0 0 0 0 0 0 0 0 0 0 0 0 0 0 0 0 0 0 0 0 0 0 0 0 0 
0 0 0 0 0 0 0 0 0 0 0 0 0 0 0 0 0 0 0 0 0 0 0 0 0 0 0 0 0 0 0 0 0 0 0 0 0 0 0 0 
0 0 0 0 0 0 0 0 0 0 0 0 0 0 0 0 0 410501.1274 1299920.074 1642004.286 1778837.842 1539378.967 581543.1896 0 0 0 0 0 0 0 0 0 0 0 0 0 0 0 0 0 
0 0 0 0 0 0 0 0 0 0 0 0 0 0 855210.6932 3352425.474 5199680.228 6328558.58 5610181.489 5952266.075 6773268.248 5575973.423 5952265.635 5747015.277 3386633.889 1197294.778 0 0 0 0 0 0 0 0 0 0 0 0 0 0 
0 0 0 0 0 0 0 0 0 0 0 0 581543.2042 3489259.121 5233889.027 6294350.416 6978519.269 4891805.11 6568018.382 6089100.222 5986474.974 6020683.47 6396976.218 5610182.187 5678598.801 5918057.208 4002385.437 718376.8511 0 0 0 0 0 0 0 0 0 0 0 0 
0 0 0 0 0 0 0 0 0 0 0 1710421.055 5541764.513 6499600.958 5952266.512 5473348.776 7115353.681 6396976.964 6841686.688 6602227.483 6089100.956 6328560.058 6020683.994 6533810.371 6089100.462 7081144.955 6636434.68 5439139.489 1402545.334 0 0 0 0 0 0 0 0 0 0 0 
0 0 0 0 0 0 0 0 0 0 2326172.78 5747015.256 5849641.034 6465393.236 6089100.702 5781225.298 6123309.919 6602228.008 5781226.026 6294352.554 5507558.288 5336515.945 5986476.294 5986475.858 6431185.544 6739061.045 6157517.124 6054891.467 5097055.384 2907715.88 0 0 0 0 0 0 0 0 0 0 
0 0 0 0 0 0 0 0 0 1470962.166 5849640.596 5404931.528 6944311.171 5883850.402 6396977.242 6465394.478 6431186.343 6089102.132 6465394.888 6499603.684 5541767.397 6328561.254 6260144.399 5986476.642 6670645.079 5165473.577 5781225.074 5678599.473 5849640.931 6739059.576 1949880.208 0 0 0 0 0 0 0 0 0 
0 0 0 0 0 0 0 0 376292.6579 5507556.228 5439139.951 7560062.93 6499602.263 5712808.666 5918059.704 5849643.024 7252189.251 6875896.706 5883851.984 6157519.486 5541767.654 6225936.562 6191727.766 6465395.203 5952268.431 6157518.771 5986476.064 6157517.724 5644390.95 6465392.654 5541764.539 376292.6722 0 0 0 0 0 0 0 0 
0 0 0 0 0 0 0 0 4344469.852 5302306.099 5712807.822 6054892.575 6089101.542 5918059.788 5233891.373 6362770.063 5952269.04 6670646.584 6123311.411 5918060.886 5986477.83 6739063.513 6294353.78 5404933.915 5952268.764 5952268.456 6328560.851 6294352.078 6807478.188 5781224.627 6157516.724 4139219.128 0 0 0 0 0 0 0 0 
0 0 0 0 0 0 0 923627.3692 6020682.757 6089100.171 6020683.924 6465394.192 5678600.521 6431186.697 5918060.452 7149564.667 5610184.927 6431187.798 6294354.272 6157520.428 7012731.507 5747018.938 6328562.404 6465396.133 6362770.564 5849643.587 6054893.78 5678600.558 5712808.569 5644391.074 6602226.682 5678598.408 684168.4241 0 0 0 0 0 0 0 
0 0 0 0 0 0 0 3455050.742 5439139.678 6260142.641 6431185.372 5302307.65 5952268.352 6089102.535 6157519.914 6431187.485 6533813.279 6054895.258 5644393.945 6294354.517 6225937.673 6123312.148 6807481.122 7081148.402 6670646.885 5883852.259 6704854.566 5952268.413 5849642.513 6431185.411 5986475.189 5952266.057 3386633.877 0 0 0 0 0 0 0 
0 0 0 0 0 0 0 5575973.115 6157516.818 5883850.263 6054892.915 5712809.118 5952268.567 6841688.534 6020686.243 5986478.159 6465396.657 6020686.945 5986478.61 5712811.138 5575977.335 6191729.468 5575977.174 6910106.504 5781227.542 6568021.4 6362770.344 5747017.963 5644392.222 5849642.248 6362768.218 5439139.959 5268097.195 0 0 0 0 0 0 0 
0 0 0 0 0 0 752585.3017 5849640.496 5815432.816 6054892.487 6089101.49 6328561.181 6807479.808 6910105.669 5952269.602 5781227.68 5747019.371 6396980.115 6089104.269 6020687.41 6328563.482 6465397.193 6807481.488 6294354.604 6191728.952 5199683.802 5575976.347 5952268.76 7081146.824 6260143.599 6294351.559 5268097.99 5815432.122 855210.5301 0 0 0 0 0 0 
0 0 0 0 0 0 1368336.868 6739059.7 5507557.092 5952267.33 5370724.445 5849643.133 6568020.885 5986477.773 5849644.388 6910106.564 6568022.321 5918061.953 6739064.907 6294355.081 6020687.498 6465397.269 6602230.947 6054895.556 7012731.91 5712810.61 5986477.757 6020685.813 6191727.568 5986476.346 7320604.573 6875894.212 6054891.25 1949880.058 0 0 0 0 0 0 
0 0 0 0 0 0 1915671.656 6773268.167 6602226.855 5883850.445 6157518.57 5028640.634 5473350.804 5815435.603 6123311.988 5815436.241 5986478.73 6328563.401 6294355.076 5918062.176 5883853.719 6294355.099 6465397.233 6396980.133 6533813.666 6020686.605 5233892.042 6568020.935 6020685.389 6328560.756 6602227.648 6089100.512 6533809.25 2086713.796 0 0 0 0 0 0 
0 0 0 0 0 0 1984088.502 5781223.864 6807477.44 6328560.086 6123310.157 5815434.731 5781226.778 6807480.503 6191728.87 5986478.494 5952270.27 6328563.421 7320608.626 5336518.511 5575977.656 6123312.835 6841690.192 6670647.76 5268101.08 5986478.179 6670646.735 5678601.451 6328561.368 5986476.386 5268098.672 6499601.59 5404931.193 1778837.965 0 0 0 0 0 0 
0 0 0 0 0 0 1334128.485 5541764.831 6328559.322 7081145.604 5644391.988 6191727.502 5097057.817 7115356.464 6054895.022 5302309.477 6054895.623 6054895.757 5918062.111 6294355.118 6636439.615 7046940.964 6054895.732 5986478.641 5781227.734 6294354.148 5986477.774 7252189.737 6260144.375 5336516.039 6568019.118 5918058.247 6191724.935 1539378.975 0 0 0 0 0 0 
0 0 0 0 0 0 615751.5976 6636434.235 5439140.111 5952267.184 5712808.759 6123310.5 6089102.544 5815435.445 6191728.672 5849644.497 7491650.288 6704856.18 7012732.367 6054895.832 5849645.099 5644394.348 6396980.169 6089103.891 6944314.823 6431187.812 6841688.758 5918060.412 5986476.775 6157518.365 6533810.514 6123308.669 5918057.383 478917.8806 0 0 0 0 0 0 
0 0 0 0 0 0 0 5473347.837 6362767.46 6362768.125 6260143.577 6362769.394 5541767.281 5644393.15 5849644.14 6328562.603 6123312.137 6020687.038 5815436.434 6020687.159 5918061.864 5986478.654 6260146.186 6123312.152 6704855.595 5747018.712 6089102.856 7012730.322 6328560.965 5849642.33 6499601.951 6636434.905 5473347.836 0 0 0 0 0 0 0 
0 0 0 0 0 0 0 2941924.351 5712807.08 5131264.488 5610183.054 5986476.27 7081146.793 6362770.119 6807480.274 5918061.037 5849644.359 5678602.345 6362771.359 5507560.296 5883853.196 6807481.218 6328562.832 6773272.446 6875897.507 5918060.737 6294353.268 6704853.973 5404932.961 6978520.408 6499601.576 7012727.283 3352425.426 0 0 0 0 0 0 0 
0 0 0 0 0 0 0 889418.9808 5918057.495 5644390.641 5952267.05 5747016.924 6396977.806 5610184.084 5644392.918 5918060.758 5062849.756 5781227.343 6396979.489 5473351.607 5678602.27 6568021.694 6225937.207 5473351.227 6396978.946 7149564.309 6875896.417 6807479.114 6123309.882 6431185.094 5678599.074 6465392.238 889418.9387 0 0 0 0 0 0 0 
0 0 0 0 0 0 0 0 4447094.959 5507556.509 5815432.943 6431185.217 6636436.624 6568019.876 6431186.771 5952268.723 6533812.515 6089103.094 5507559.637 5952269.315 6328562.325 6054894.775 6157519.898 6294353.536 6123310.988 5849643.057 6294352.439 6533811.043 5918058.855 6670643.66 5575973.284 3455050.673 0 0 0 0 0 0 0 0 
0 0 0 0 0 0 0 0 684168.4612 5781223.56 6362767.262 6499601.648 5986475.728 5678600.262 5644392.051 5712809.229 5678601.062 6260144.724 5712809.839 6328561.913 6294353.209 5883851.987 5986477.255 6739062.679 6739062.522 5575975.115 7012729.222 6670644.431 5918058.458 5439139.746 5507556.376 718376.9047 0 0 0 0 0 0 0 0 
0 0 0 0 0 0 0 0 0 1676212.632 5815432.078 5439140.157 6157517.31 5747016.635 6499602.666 6260143.744 5815434.406 5541767.052 6807479.274 5097057.659 5986476.93 6191727.513 7012729.828 6054893.472 5575975.105 6191726.561 6602227.568 6157517.607 5986474.762 5815431.939 1607795.908 0 0 0 0 0 0 0 0 0 
0 0 0 0 0 0 0 0 0 0 2394589.552 6054890.958 5952266.483 5712807.843 5781224.919 6328560.278 6670644.426 5883850.82 6020684.843 6431186.139 5644392.344 6225935.308 6054893.118 6020684.552 6328560.01 6499602.07 5918058.371 5404931.525 6260141.459 2155130.625 0 0 0 0 0 0 0 0 0 0 
0 0 0 0 0 0 0 0 0 0 0 1505170.633 6123307.917 5815432.132 6396975.987 6396976.427 5678599.567 5541766.01 5952267.404 6191726.478 5952267.611 5918059.128 5918058.816 5781224.643 6910102.61 6260142.317 5815432.411 5712806.819 1813046.422 0 0 0 0 0 0 0 0 0 0 0 
0 0 0 0 0 0 0 0 0 0 0 0 649960.0249 4105010.828 5918057.189 6294350.315 6739060.411 5986474.901 6089100.33 6396976.282 6602226.607 5507557.018 5097055.869 5986474.593 5918057.774 6020682.555 3797135.082 581543.1717 0 0 0 0 0 0 0 0 0 0 0 0 
0 0 0 0 0 0 0 0 0 0 0 0 0 0 1094669.549 2839299.118 4549720.203 5815432.225 5165472.242 6123308.198 5541765.281 5268097.444 6499600.913 5678598.192 3010341.317 1094669.468 0 0 0 0 0 0 0 0 0 0 0 0 0 0 
0 0 0 0 0 0 0 0 0 0 0 0 0 0 0 0 0 444709.4987 1470962.218 1573587.327 1984088.458 1163086.151 581543.1743 0 0 0 0 0 0 0 0 0 0 0 0 0 0 0 0 0 
0 0 0 0 0 0 0 0 0 0 0 0 0 0 0 0 0 0 0 0 0 0 0 0 0 0 0 0 0 0 0 0 0 0 0 0 0 0 0 0 
0 0 0 0 0 0 0 0 0 0 0 0 0 0 0 0 0 0 0 0 0 0 0 0 0 0 0 0 0 0 0 0 0 0 0 0 0 0 0 0 
0 0 0 0 0 0 0 0 0 0 0 0 0 0 0 0 0 0 0 0 0 0 0 0 0 0 0 0 0 0 0 0 0 0 0 0 0 0 0 0 
0 0 0 0 0 0 0 0 0 0 0 0 0 0 0 0 0 0 0 0 0 0 0 0 0 0 0 0 0 0 0 0 0 0 0 0 0 0 0 0 
0 0 0 0 0 0 0 0 0 0 0 0 0 0 0 0 0 0 0 0 0 0 0 0 0 0 0 0 0 0 0 0 0 0 0 0 0 0 0 0 
0 0 0 0 0 0 0 0 0 0 0 0 0 0 0 0 0 0 0 0 0 0 0 0 0 0 0 0 0 0 0 0 0 0 0 0 0 0 0 0 
# Errors [psd_source/PSD_source.dat] I_err:
0 0 0 0 0 0 0 0 0 0 0 0 0 0 0 0 0 0 0 0 0 0 0 0 0 0 0 0 0 0 0 0 0 0 0 0 0 0 0 0 
0 0 0 0 0 0 0 0 0 0 0 0 0 0 0 0 0 0 0 0 0 0 0 0 0 0 0 0 0 0 0 0 0 0 0 0 0 0 0 0 
0 0 0 0 0 0 0 0 0 0 0 0 0 0 0 0 0 0 0 0 0 0 0 0 0 0 0 0 0 0 0 0 0 0 0 0 0 0 0 0 
0 0 0 0 0 0 0 0 0 0 0 0 0 0 0 0 0 0 0 0 0 0 0 0 0 0 0 0 0 0 0 0 0 0 0 0 0 0 0 0 
0 0 0 0 0 0 0 0 0 0 0 0 0 0 0 0 0 0 0 0 0 0 0 0 0 0 0 0 0 0 0 0 0 0 0 0 0 0 0 0 
0 0 0 0 0 0 0 0 0 0 0 0 0 0 0 0 0 0 0 0 0 0 0 0 0 0 0 0 0 0 0 0 0 0 0 0 0 0 0 0 
0 0 0 0 0 0 0 0 0 0 0 0 0 0 0 0 0 118501.4682 210874.8818 237002.9042 246680.4251 229477.0675 141044.941 0 0 0 0 0 0 0 0 0 0 0 0 0 0 0 0 0 
0 0 0 0 0 0 0 0 0 0 0 0 0 0 171042.1386 338646.1123 421749.758 465284.8805 438081.574 451240.1266 481355.2142 436743.9453 451240.0933 443391.8548 340369.5124 202379.7552 0 0 0 0 0 0 0 0 0 0 0 0 0 0 
0 0 0 0 0 0 0 0 0 0 0 0 141044.9445 345488.1346 423134.8489 464025.669 488594.0774 409073.2938 474005.8976 456397.3574 452534.9717 453826.0921 467793.2306 438081.6285 440744.7445 449941.5577 370020.6645 156762.6808 0 0 0 0 0 0 0 0 0 0 0 0 
0 0 0 0 0 0 0 0 0 0 0 241890.0654 435402.1408 471530.6131 451240.1598 432706.214 493361.0104 467793.2852 483780.3052 475238.7332 456397.4124 465284.9892 453826.1316 472769.9261 456397.3754 492173.5971 476468.2423 431351.8197 219040.781 0 0 0 0 0 0 0 0 0 0 0 
0 0 0 0 0 0 0 0 0 0 282089.8846 443391.8531 447333.2303 470288.1571 456397.3934 444709.6383 457677.6717 475238.771 444709.6943 464025.8267 434056.4 427263.223 452535.0715 452535.0385 469042.4123 480138.2191 458954.2288 455113.5121 417567.0471 315386.0685 0 0 0 0 0 0 0 0 0 0 
0 0 0 0 0 0 0 0 0 224319.6273 447333.1968 429993.2647 487395.0949 448639.3872 467793.3055 470288.2475 469042.4706 456397.5005 470288.2774 471530.8108 435402.3674 465285.0771 462763.1899 452535.0979 477694.816 420360.2781 444709.621 440744.7966 447333.2224 480138.1145 258267.9428 0 0 0 0 0 0 0 0 0 
0 0 0 0 0 0 0 0 113456.5053 434056.2376 431351.8563 508544.8654 471530.7077 442070.4069 449941.7474 447333.3824 498082.4027 484988.3597 448639.5078 458954.4048 435402.3876 461497.1222 460227.5004 470288.3003 451240.3053 458954.3515 452535.0541 458954.2735 439415.2395 470288.1148 435402.1428 113456.5096 0 0 0 0 0 0 0 0 
0 0 0 0 0 0 0 0 385509.3603 425891.4746 442070.3415 455113.5954 456397.4563 449941.7538 423135.0385 466540.9367 451240.3514 477694.9238 457677.7833 449941.8373 452535.1876 480138.395 464025.917 429993.4547 451240.3304 451240.3071 465285.0475 464025.7915 482569.3341 444709.5867 458954.1989 376292.648 0 0 0 0 0 0 0 0 
0 0 0 0 0 0 0 177752.1701 453826.0383 456397.3535 453826.1263 470288.2267 440744.878 469042.4964 449941.8043 494545.729 438081.8425 469042.5768 464025.9533 458954.475 489790.4141 443392.1372 465285.1616 470288.3679 466540.9734 447333.4255 455113.686 440744.8808 442070.3994 439415.2491 475238.6756 440744.7139 152984.7104 0 0 0 0 0 0 0 
0 0 0 0 0 0 0 343790.3982 431351.8347 462763.0599 469042.3998 425891.5992 451240.2993 456397.5307 458954.4367 469042.5539 472770.1365 455113.7971 439415.4726 464025.9713 461497.2046 457677.8383 482569.5421 492173.8366 477694.9454 448639.5287 478918.1833 451240.3038 447333.3434 469042.4027 452534.988 451240.1253 340369.5112 0 0 0 0 0 0 0 
0 0 0 0 0 0 0 436743.9211 458954.2059 448639.3766 455113.6209 442070.4418 451240.3156 483780.4357 453826.3011 452535.2125 470288.406 453826.3541 452535.2466 442070.5982 436744.2516 460227.6269 436744.239 486193.397 444709.8109 474006.1154 466540.9573 443392.062 439415.3385 447333.3231 466540.8014 431351.8569 424515.3697 0 0 0 0 0 0 0 
0 0 0 0 0 0 160451.7254 447333.1891 446023.3365 455113.5888 456397.4524 465285.0717 482569.449 486193.3383 451240.3941 444709.8215 443392.1706 467793.5156 456397.6607 453826.3891 465285.2409 470288.445 482569.568 464025.9778 460227.5885 421750.0479 436744.1743 451240.3302 492173.7269 462763.1307 464025.7533 424515.4337 446023.2833 171042.106 0 0 0 0 0 0 
0 0 0 0 0 0 216353.0555 480138.1233 434056.3057 451240.2218 428630.4739 447333.3908 474006.0782 452535.1833 447333.4867 486193.4012 474006.1819 449941.9184 480138.4943 464026.0129 453826.3957 470288.4505 475238.9826 455113.8195 489790.4422 442070.5573 452535.1821 453826.2687 460227.4856 452535.0755 500426.2264 484988.1837 455113.4958 258267.9229 0 0 0 0 0 0 
0 0 0 0 0 0 255992.393 481355.2084 475238.688 448639.3905 458954.3365 414755.2891 432706.3743 446023.5502 457677.8264 446023.5991 452535.2557 465285.2349 464026.0125 449941.9354 448639.6401 464026.0142 470288.4479 467793.5169 472770.1644 453826.3284 423135.0926 474006.0819 453826.2367 465285.0405 475238.7451 456397.3791 472769.8449 267176.3238 0 0 0 0 0 0 
0 0 0 0 0 0 260523.5836 444709.528 482569.2811 465284.9912 457677.6895 446023.4834 444709.7521 482569.4982 460227.5824 452535.2378 451240.4446 465285.2364 500426.5034 427263.4284 436744.2768 457677.8897 483780.5529 477695.0081 424515.6827 452535.214 477694.9347 440744.9502 465285.0855 452535.0785 424515.4887 471530.6589 429993.2381 246680.4421 0 0 0 0 0 0 
0 0 0 0 0 0 213631.5313 435402.1657 465284.935 492173.6422 439415.3203 460227.4807 417567.2464 493361.2034 455113.7793 425891.746 455113.8245 455113.8346 449941.9305 464026.0157 476468.5966 490983.6419 455113.8327 452535.2489 444709.8257 464025.9442 452535.1834 498082.436 462763.1881 427263.2305 474005.9507 449941.6366 460227.2899 229477.0688 0 0 0 0 0 0 
0 0 0 0 0 0 145134.0434 476468.2103 431351.869 451240.2107 442070.4141 457677.7152 456397.5314 446023.5381 460227.5677 447333.4951 506238.8126 478918.2986 489790.4741 455113.8402 447333.5411 439415.504 467793.5196 456397.6324 487395.3512 469042.5778 483780.4515 449941.8012 452535.1079 458954.3212 472769.9364 457677.5783 449941.5709 127996.1875 0 0 0 0 0 0 
0 0 0 0 0 0 0 432706.1398 466540.7458 466540.7946 462763.1292 466540.8876 435402.3582 439415.4108 447333.4677 465285.1763 457677.8375 453826.361 446023.6139 453826.3701 449941.9116 452535.2499 462763.322 457677.8387 478918.2568 443392.1198 456397.5548 489790.3313 465285.0558 447333.3293 471530.6851 476468.2584 432706.1397 0 0 0 0 0 0 0 
0 0 0 0 0 0 0 317235.8613 442070.2842 418965.991 438081.6962 452535.0697 492173.7248 466540.9408 482569.482 449941.8488 447333.4845 440745.0196 466541.0316 434056.5582 448639.6002 482569.5489 465285.1931 481355.5125 484988.4161 449941.826 464025.8793 478918.1409 429993.3787 488594.1571 471530.6579 489790.119 338646.1075 0 0 0 0 0 0 0 
0 0 0 0 0 0 0 174429.413 449941.5795 439415.2154 451240.2005 443391.9818 467793.3467 438081.7766 439415.3927 449941.8276 416163.6864 444709.7956 467793.4698 432706.4378 440745.0137 474006.1366 461497.17 432706.4078 467793.4301 494545.7043 484988.3393 482569.3998 457677.669 469042.3795 440744.7657 470288.0846 174429.4048 0 0 0 0 0 0 0 
0 0 0 0 0 0 0 0 390036.0297 434056.2598 446023.3462 469042.3885 476468.3819 474006.0054 469042.5018 451240.3274 472770.0812 456397.5726 434056.5063 451240.3723 465285.1559 455113.7607 458954.4355 464025.8991 457677.7516 447333.3849 464025.8182 472769.9746 449941.6829 477694.7144 436743.9343 343790.3913 0 0 0 0 0 0 0 0 
0 0 0 0 0 0 0 0 152984.7187 444709.5046 466540.7312 471530.6631 452535.0288 440744.8579 439415.3252 442070.4504 440744.9199 462763.2139 442070.4977 465285.1255 464025.875 448639.508 452535.1442 480138.3355 480138.3244 436744.0777 489790.2544 477694.7697 449941.6527 431351.84 434056.2493 156762.6925 0 0 0 0 0 0 0 0 
0 0 0 0 0 0 0 0 0 239458.9474 446023.2799 431351.8727 458954.2426 443391.9595 471530.7369 462763.1415 446023.4585 435402.3402 482569.4111 417567.2335 452535.1196 460227.4816 489790.2968 455113.6628 436744.077 460227.4108 475238.7393 458954.2647 452534.9557 446023.2692 234521.1364 0 0 0 0 0 0 0 0 0 
0 0 0 0 0 0 0 0 0 0 286208.194 455113.4739 451240.1575 442070.3432 444709.6091 465285.0053 477694.7693 448639.419 453826.1956 469042.4558 439415.348 461497.0292 455113.6362 453826.1737 465284.9856 471530.6937 449941.6461 429993.2645 462762.9726 271520.937 0 0 0 0 0 0 0 0 0 0 
0 0 0 0 0 0 0 0 0 0 0 226913.0107 457677.5221 446023.284 467793.2137 467793.2459 440744.8039 435402.2584 451240.2274 460227.4046 451240.2431 449941.7036 449941.6799 444709.5879 486193.123 462763.036 446023.3054 442070.264 249041.079 0 0 0 0 0 0 0 0 0 0 0 
0 0 0 0 0 0 0 0 0 0 0 0 149111.0561 374734.5049 449941.5562 464025.6616 480138.174 452534.9662 456397.3655 467793.2353 475238.6702 434056.2999 417567.0869 452534.9429 449941.6007 453826.0231 360408.1124 141044.9366 0 0 0 0 0 0 0 0 0 0 0 0 
0 0 0 0 0 0 0 0 0 0 0 0 0 0 193512.0652 311653.5665 394510.7747 446023.2911 420360.1695 457677.5431 435402.2011 424515.3897 471530.6098 440744.6972 320903.4626 193512.051 0 0 0 0 0 0 0 0 0 0 0 0 0 0 
0 0 0 0 0 0 0 0 0 0 0 0 0 0 0 0 0 123340.2231 224319.6353 232012.7937 260523.5779 199467.6294 141044.9373 0 0 0 0 0 0 0 0 0 0 0 0 0 0 0 0 0 
0 0 0 0 0 0 0 0 0 0 0 0 0 0 0 0 0 0 0 0 0 0 0 0 0 0 0 0 0 0 0 0 0 0 0 0 0 0 0 0 
0 0 0 0 0 0 0 0 0 0 0 0 0 0 0 0 0 0 0 0 0 0 0 0 0 0 0 0 0 0 0 0 0 0 0 0 0 0 0 0 
0 0 0 0 0 0 0 0 0 0 0 0 0 0 0 0 0 0 0 0 0 0 0 0 0 0 0 0 0 0 0 0 0 0 0 0 0 0 0 0 
0 0 0 0 0 0 0 0 0 0 0 0 0 0 0 0 0 0 0 0 0 0 0 0 0 0 0 0 0 0 0 0 0 0 0 0 0 0 0 0 
0 0 0 0 0 0 0 0 0 0 0 0 0 0 0 0 0 0 0 0 0 0 0 0 0 0 0 0 0 0 0 0 0 0 0 0 0 0 0 0 
0 0 0 0 0 0 0 0 0 0 0 0 0 0 0 0 0 0 0 0 0 0 0 0 0 0 0 0 0 0 0 0 0 0 0 0 0 0 0 0 
# Events [psd_source/PSD_source.dat] N:
0 0 0 0 0 0 0 0 0 0 0 0 0 0 0 0 0 0 0 0 0 0 0 0 0 0 0 0 0 0 0 0 0 0 0 0 0 0 0 0 
0 0 0 0 0 0 0 0 0 0 0 0 0 0 0 0 0 0 0 0 0 0 0 0 0 0 0 0 0 0 0 0 0 0 0 0 0 0 0 0 
0 0 0 0 0 0 0 0 0 0 0 0 0 0 0 0 0 0 0 0 0 0 0 0 0 0 0 0 0 0 0 0 0 0 0 0 0 0 0 0 
0 0 0 0 0 0 0 0 0 0 0 0 0 0 0 0 0 0 0 0 0 0 0 0 0 0 0 0 0 0 0 0 0 0 0 0 0 0 0 0 
0 0 0 0 0 0 0 0 0 0 0 0 0 0 0 0 0 0 0 0 0 0 0 0 0 0 0 0 0 0 0 0 0 0 0 0 0 0 0 0 
0 0 0 0 0 0 0 0 0 0 0 0 0 0 0 0 0 0 0 0 0 0 0 0 0 0 0 0 0 0 0 0 0 0 0 0 0 0 0 0 
0 0 0 0 0 0 0 0 0 0 0 0 0 0 0 0 0 12 38 48 52 45 17 0 0 0 0 0 0 0 0 0 0 0 0 0 0 0 0 0 
0 0 0 0 0 0 0 0 0 0 0 0 0 0 25 98 152 185 164 174 198 163 174 168 99 35 0 0 0 0 0 0 0 0 0 0 0 0 0 0 
0 0 0 0 0 0 0 0 0 0 0 0 17 102 153 184 204 143 192 178 175 176 187 164 166 173 117 21 0 0 0 0 0 0 0 0 0 0 0 0 
0 0 0 0 0 0 0 0 0 0 0 50 162 190 174 160 208 187 200 193 178 185 176 191 178 207 194 159 41 0 0 0 0 0 0 0 0 0 0 0 
0 0 0 0 0 0 0 0 0 0 68 168 171 189 178 169 179 193 169 184 161 156 175 175 188 197 180 177 149 85 0 0 0 0 0 0 0 0 0 0 
0 0 0 0 0 0 0 0 0 43 171 158 203 172 187 189 188 178 189 190 162 185 183 175 195 151 169 166 171 197 57 0 0 0 0 0 0 0 0 0 
0 0 0 0 0 0 0 0 11 161 159 221 190 167 173 171 212 201 172 180 162 182 181 189 174 180 175 180 165 189 162 11 0 0 0 0 0 0 0 0 
0 0 0 0 0 0 0 0 127 155 167 177 178 173 153 186 174 195 179 173 175 197 184 158 174 174 185 184 199 169 180 121 0 0 0 0 0 0 0 0 
0 0 0 0 0 0 0 27 176 178 176 189 166 188 173 209 164 188 184 180 205 168 185 189 186 171 177 166 167 165 193 166 20 0 0 0 0 0 0 0 
0 0 0 0 0 0 0 101 159 183 188 155 174 178 180 188 191 177 165 184 182 179 199 207 195 172 196 174 171 188 175 174 99 0 0 0 0 0 0 0 
0 0 0 0 0 0 0 163 180 172 177 167 174 200 176 175 189 176 175 167 163 181 163 202 169 192 186 168 165 171 186 159 154 0 0 0 0 0 0 0 
0 0 0 0 0 0 22 171 170 177 178 185 199 202 174 169 168 187 178 176 185 189 199 184 181 152 163 174 207 183 184 154 170 25 0 0 0 0 0 0 
0 0 0 0 0 0 40 197 161 174 157 171 192 175 171 202 192 173 197 184 176 189 193 177 205 167 175 176 181 175 214 201 177 57 0 0 0 0 0 0 
0 0 0 0 0 0 56 198 193 172 180 147 160 170 179 170 175 185 184 173 172 184 189 187 191 176 153 192 176 185 193 178 191 61 0 0 0 0 0 0 
0 0 0 0 0 0 58 169 199 185 179 170 169 199 181 175 174 185 214 156 163 179 200 195 154 175 195 166 185 175 154 190 158 52 0 0 0 0 0 0 
0 0 0 0 0 0 39 162 185 207 165 181 149 208 177 155 177 177 173 184 194 206 177 175 169 184 175 212 183 156 192 173 181 45 0 0 0 0 0 0 
0 0 0 0 0 0 18 194 159 174 167 179 178 170 181 171 219 196 205 177 171 165 187 178 203 188 200 173 175 180 191 179 173 14 0 0 0 0 0 0 
0 0 0 0 0 0 0 160 186 186 183 186 162 165 171 185 179 176 170 176 173 175 183 179 196 168 178 205 185 171 190 194 160 0 0 0 0 0 0 0 
0 0 0 0 0 0 0 86 167 150 164 175 207 186 199 173 171 166 186 161 172 199 185 198 201 173 184 196 158 204 190 205 98 0 0 0 0 0 0 0 
0 0 0 0 0 0 0 26 173 165 174 168 187 164 165 173 148 169 187 160 166 192 182 160 187 209 201 199 179 188 166 189 26 0 0 0 0 0 0 0 
0 0 0 0 0 0 0 0 130 161 170 188 194 192 188 174 191 178 161 174 185 177 180 184 179 171 184 191 173 195 163 101 0 0 0 0 0 0 0 0 
0 0 0 0 0 0 0 0 20 169 186 190 175 166 165 167 166 183 167 185 184 172 175 197 197 163 205 195 173 159 161 21 0 0 0 0 0 0 0 0 
0 0 0 0 0 0 0 0 0 49 170 159 180 168 190 183 170 162 199 149 175 181 205 177 163 181 193 180 175 170 47 0 0 0 0 0 0 0 0 0 
0 0 0 0 0 0 0 0 0 0 70 177 174 167 169 185 195 172 176 188 165 182 177 176 185 190 173 158 183 63 0 0 0 0 0 0 0 0 0 0 
0 0 0 0 0 0 0 0 0 0 0 44 179 170 187 187 166 162 174 181 174 173 173 169 202 183 170 167 53 0 0 0 0 0 0 0 0 0 0 0 
0 0 0 0 0 0 0 0 0 0 0 0 19 120 173 184 197 175 178 187 193 161 149 175 173 176 111 17 0 0 0 0 0 0 0 0 0 0 0 0 
0 0 0 0 0 0 0 0 0 0 0 0 0 0 32 83 133 170 151 179 162 154 190 166 88 32 0 0 0 0 0 0 0 0 0 0 0 0 0 0 
0 0 0 0 0 0 0 0 0 0 0 0 0 0 0 0 0 13 43 46 58 34 17 0 0 0 0 0 0 0 0 0 0 0 0 0 0 0 0 0 
0 0 0 0 0 0 0 0 0 0 0 0 0 0 0 0 0 0 0 0 0 0 0 0 0 0 0 0 0 0 0 0 0 0 0 0 0 0 0 0 
0 0 0 0 0 0 0 0 0 0 0 0 0 0 0 0 0 0 0 0 0 0 0 0 0 0 0 0 0 0 0 0 0 0 0 0 0 0 0 0 
0 0 0 0 0 0 0 0 0 0 0 0 0 0 0 0 0 0 0 0 0 0 0 0 0 0 0 0 0 0 0 0 0 0 0 0 0 0 0 0 
0 0 0 0 0 0 0 0 0 0 0 0 0 0 0 0 0 0 0 0 0 0 0 0 0 0 0 0 0 0 0 0 0 0 0 0 0 0 0 0 
0 0 0 0 0 0 0 0 0 0 0 0 0 0 0 0 0 0 0 0 0 0 0 0 0 0 0 0 0 0 0 0 0 0 0 0 0 0 0 0 
0 0 0 0 0 0 0 0 0 0 0 0 0 0 0 0 0 0 0 0 0 0 0 0 0 0 0 0 0 0 0 0 0 0 0 0 0 0 0 0 
