# Format: McCode with text headers
# URL: http://www.mccode.org
# Creator: McStas 2.5 - Dec. 12, 2018
# Instrument: ESS_HEIMDAL.instr
# Ncount: 25000
# Trace: no
# Gravitation: no
# Seed: 1565850583
# Directory: TemperatureScan/18
# Nodes: 4
# Param: lmax=4
# Param: lmin=0.5
# Param: T=370
# Param: tau=0
# Param: use_CoFe2O4=1
# Param: use_CoFe=1
# Param: use_magn=1
# Date: Wed Aug 14 12:13:56 2019 (1565777636)
# type: array_2d(40, 40)
# Source: ESS_HEIMDAL (ESS_HEIMDAL.instr)
# component: psd_source
# position: 0 0 0.01
# title: PSD monitor
# Ncount: 100000
# filename: PSD_source.dat
# statistics: X0=0.00120751; dX=4.99734; Y0=-0.00158999; dY=5.0109;
# signal: Min=0; Max=7.66269e+06; Mean=2.13803e+06;
# values: 3.42084e+09 1.08177e+07 100000
# xvar: X 
# yvar: Y 
# xlabel: X position [cm]
# ylabel: Y position [cm]
# zvar: I
# zlabel: Signal per bin
# xylimits: -15 15 -15 15
# variables: I I_err N
# Data [psd_source/PSD_source.dat] I:
0 0 0 0 0 0 0 0 0 0 0 0 0 0 0 0 0 0 0 0 0 0 0 0 0 0 0 0 0 0 0 0 0 0 0 0 0 0 0 0 
0 0 0 0 0 0 0 0 0 0 0 0 0 0 0 0 0 0 0 0 0 0 0 0 0 0 0 0 0 0 0 0 0 0 0 0 0 0 0 0 
0 0 0 0 0 0 0 0 0 0 0 0 0 0 0 0 0 0 0 0 0 0 0 0 0 0 0 0 0 0 0 0 0 0 0 0 0 0 0 0 
0 0 0 0 0 0 0 0 0 0 0 0 0 0 0 0 0 0 0 0 0 0 0 0 0 0 0 0 0 0 0 0 0 0 0 0 0 0 0 0 
0 0 0 0 0 0 0 0 0 0 0 0 0 0 0 0 0 0 0 0 0 0 0 0 0 0 0 0 0 0 0 0 0 0 0 0 0 0 0 0 
0 0 0 0 0 0 0 0 0 0 0 0 0 0 0 0 0 0 0 0 0 0 0 0 0 0 0 0 0 0 0 0 0 0 0 0 0 0 0 0 
0 0 0 0 0 0 0 0 0 0 0 0 0 0 0 0 0 615751.6142 1505170.586 2155130.596 1573587.385 1197294.783 752585.2166 0 0 0 0 0 0 0 0 0 0 0 0 0 0 0 0 0 
0 0 0 0 0 0 0 0 0 0 0 0 0 0 718376.9507 3284008.542 4549720.409 5439139.425 5883849.254 6157516.636 5952265.743 6533809.245 5404930.679 4891804.854 3147175.083 889418.9393 0 0 0 0 0 0 0 0 0 0 0 0 0 0 
0 0 0 0 0 0 0 0 0 0 0 0 513126.3435 4070802.523 5439139.571 5815432.565 7217978.268 5473348.839 6328559.109 6396976.382 5644390.677 6260142.338 5849641.278 6670643.315 5644390.26 6431183.91 3694509.746 684168.4493 0 0 0 0 0 0 0 0 0 0 0 0 
0 0 0 0 0 0 0 0 0 0 0 1915671.692 6396975.274 6362767.073 5918058.046 5575974.063 6191725.887 5541765.803 5918058.705 6191726.226 5199681.89 6362768.46 6362768.336 6431184.985 6020683.427 7046935.966 7457436.785 5644389.88 1676212.724 0 0 0 0 0 0 0 0 0 0 0 
0 0 0 0 0 0 0 0 0 0 3044549.595 6773267.907 6054891.562 6362768.095 7662688.574 6294351.746 5644391.768 6739061.861 6568019.903 6670645.1 6157518.822 5747017.074 5541766.799 6602227.797 7560063.729 6191726.226 6362767.859 6054891.535 6225933.264 2223547.547 0 0 0 0 0 0 0 0 0 0 
0 0 0 0 0 0 0 0 0 1778837.858 5849640.411 6568017.993 6499601.583 6944311.572 5849642.285 6704853.529 5678600.405 5815434.616 6294352.637 6225936.107 5781226.201 6157518.858 6568020.264 6054893.45 5849642.55 6328560.325 5918058.843 6636435.63 5678598.843 5747015.513 1607795.886 0 0 0 0 0 0 0 0 0 
0 0 0 0 0 0 0 0 513126.3207 6157516.149 6362767.562 6568018.52 5883850.521 6020684.554 5849642.693 6328561.225 5883851.426 6328561.654 5883851.919 6294353.519 6191728.022 6020685.852 6123310.828 6978521.921 5747017.797 5849642.848 6568019.572 6533810.663 6568018.475 6978519.094 4789179.202 649960.0513 0 0 0 0 0 0 0 0 
0 0 0 0 0 0 0 0 3968177.068 5986474.634 5918058.303 6704852.857 5986476.441 5849642.731 6670645.622 6020685.567 6294353.506 6362770.514 6499604.364 6020686.26 5883852.474 6431187.519 5575976.323 5233891.688 6465395.36 6533811.933 5849642.873 6499602.647 6396976.74 7115353.335 6465392.53 3899760.21 0 0 0 0 0 0 0 0 
0 0 0 0 0 0 0 821002.1162 5644390.05 6260142.382 5918058.696 5370724.284 6396977.741 5302308.175 6123311.126 5747018.55 5883852.546 5815435.839 6807480.833 5404934.607 6910106.238 5918061.204 5986478.025 6123311.64 5849643.852 6123311.156 6054893.81 5302307.819 6123309.755 6157517.616 6944310.973 5473347.84 889418.9789 0 0 0 0 0 0 0 
0 0 0 0 0 0 0 3386633.887 6191725.09 6328559.592 6089101.081 6157518.483 6670645.647 5712809.731 6260145.104 5918061.108 6670647.021 6431188.043 6294354.516 5781227.821 6191729.151 5678602.418 6739064.183 5918061.224 5541768.148 6362770.345 5849643.37 6157518.935 6123310.142 5712808.274 5815433.152 6533809.338 3215591.769 0 0 0 0 0 0 0 
0 0 0 0 0 0 0 6191724.602 6739060.152 5610182.605 5678600.138 6739062.223 6636437.386 5404933.918 5575976.421 5541768.32 5815436.128 6362771.537 6020687.037 5952270.282 6260146.203 6123312.521 5644394.049 5747019.226 5233892.38 6123311.666 5815435.287 6225936.118 6396977.813 5986475.961 6157517.561 5815432.631 5028638.197 0 0 0 0 0 0 0 
0 0 0 0 0 0 581543.1763 5986474.301 5883849.728 6157517.814 6602228.009 6191727.387 6157519.482 5712810.121 6157520.213 6191729.024 6431188.321 6670647.73 6841690.213 6260146.583 5883853.52 5439143.635 5918061.823 5747019.381 6670647.237 6568021.631 5336517.283 5883851.871 5062848.936 5644391.873 5678599.76 5815432.894 6670642.702 649960.0334 0 0 0 0 0 0 
0 0 0 0 0 0 1334128.49 5815432.219 5199681.132 7012728.746 6396977.563 6910104.738 5575976.047 5541768.004 5883852.811 5507560.167 5883853.32 5918061.949 6294355.057 6499605.849 7286400.153 5781228.25 6465397.167 6089104.035 5165475.706 5097058.506 5370725.764 5747018.314 5849643.109 6704853.564 5712808.285 6191725.619 5439139.599 1642004.247 0 0 0 0 0 0 
0 0 0 0 0 0 2155130.623 6020682.833 6054892.006 5439140.886 5918059.526 5849643.178 5165474.786 5131266.707 5986478.188 5918061.575 6704856.174 5815436.65 6396980.439 5747019.946 6704856.601 5439143.797 5644394.398 5883853.408 6260146.09 6362771.094 5815435.604 5849643.614 5268099.725 6260143.931 5302307.121 6260142.59 5849640.771 2223547.459 0 0 0 0 0 0 
0 0 0 0 0 0 2155130.615 5815432.301 6260142.562 5747016.76 4994431.777 6089102.265 6362770.279 5952269.402 5541768.353 6123312.267 6191729.449 5849645.097 7183774.859 6294355.179 6362772.045 6773273.435 6773273.245 6499605.471 5918061.602 6396979.571 5712810.263 5747018.309 6978521.708 5781225.789 5883850.533 6533810.068 5610181.716 2360381.158 0 0 0 0 0 0 
0 0 0 0 0 0 1778837.981 6294350.146 5986475.091 6260143.192 6157518.577 6294352.833 5849643.609 6568021.318 6157520.355 6260145.988 6089104.013 5952270.409 5747019.837 6910107.198 6499605.806 5781228.311 5952270.376 6362771.597 6910106.501 6841689.282 7012731.077 6465395.567 6533811.873 6568019.759 6841686.556 6396976.278 5952265.9 1642004.284 0 0 0 0 0 0 
0 0 0 0 0 0 513126.3582 5541764.675 4926013.696 5644391.265 6431185.9 6568020.174 6157519.398 6465395.85 6123311.819 5575976.954 6739064.421 6396980.074 6362771.832 7183774.693 6841690.198 5131267.651 6123312.508 6294354.613 7115357.052 5541768.168 6260145.16 6602229.143 5439141.794 5747017.173 5678599.705 6602226.683 5815432.119 547334.7521 0 0 0 0 0 0 
0 0 0 0 0 0 0 5404930.879 5883849.452 6499601.928 5131265.176 5370724.682 6875896.478 6294353.545 5747018.72 6225937.245 6636438.866 6089103.954 5849644.855 5986478.75 6089104.014 6328563.193 6670647.49 6260145.89 6260145.694 5610184.902 5918060.613 6294353.02 7081146.709 6568019.461 6089100.818 5404931.496 5199680.379 0 0 0 0 0 0 0 
0 0 0 0 0 0 0 3626092.817 6260141.93 6396976.311 5815433.652 6739061.906 6465395.01 6396978.523 6431187.441 6773272.095 6773272.404 6225937.52 6636438.999 4823391.292 6602230.607 6568022.012 5439143.125 5781227.386 5952269.464 6704854.933 6089102.644 5404933.317 7012729.401 6054892.662 5815433.085 6157516.594 3797134.883 0 0 0 0 0 0 0 
0 0 0 0 0 0 0 752585.2813 5815432.208 6054891.798 5918058.559 5610183.184 5644392.094 5233891.251 5507559.14 6568021.147 5199683.532 6465396.216 6465396.303 6020686.794 5610185.247 6020686.651 6362770.892 6089103.17 6533812.629 6191728.113 6225935.959 6294352.445 6123309.705 5062847.814 6910102.419 6123308.036 889418.9767 0 0 0 0 0 0 0 
0 0 0 0 0 0 0 0 3660301.241 5781223.861 5883849.958 6431185.435 6294352.113 6636436.818 5918060.027 6704854.462 6123311.204 5986477.683 6328562.168 5268100.498 6157519.968 6362770.659 6841688.751 5952269.034 6773271.382 5952268.581 5712809.111 5610183.377 5849642.015 6739060.631 6807476.892 3968177.026 0 0 0 0 0 0 0 0 
0 0 0 0 0 0 0 0 239458.9754 6089099.439 6362767.388 6944311.325 6191726.319 5610183.296 6123310.082 6089102.137 6260144.434 6431187.102 6670646.327 5781226.812 6875896.808 6465395.492 6910105.007 5883851.677 6533811.745 6123310.438 6294352.113 5678599.793 6191725.914 5233889.483 4789179.334 410501.045 0 0 0 0 0 0 0 0 
0 0 0 0 0 0 0 0 0 1710421.105 6396975.132 5952266.361 6191725.853 6294351.401 5678600.102 5849642.664 6568019.837 5815434.66 5541767.23 5712809.43 6020685.343 5575975.546 6670645.666 6875895.93 5918059.594 6123309.854 6670644.381 5883850.095 6191725.48 5883849.232 1573587.368 0 0 0 0 0 0 0 0 0 
0 0 0 0 0 0 0 0 0 0 2463006.523 5883849.051 6499601.162 6225934.035 5747016.45 6260143.42 5883850.868 6328560.567 6465394.202 6260144.084 5849642.681 5575974.999 6431185.87 6431185.452 6054892.558 5747016.629 5849641.35 6910102.476 5849640.454 2155130.761 0 0 0 0 0 0 0 0 0 0 
0 0 0 0 0 0 0 0 0 0 0 2120922.115 5952265.872 5302306.251 6431184.598 5336514.8 5952267.029 6157517.872 6123309.138 5575974.627 6054892.436 5815433.39 4754972.174 5986475.521 5849641.759 6260142.599 6910101.986 5883848.964 1813046.37 0 0 0 0 0 0 0 0 0 0 0 
0 0 0 0 0 0 0 0 0 0 0 0 410501.1105 4139219.198 5747015.288 5507556.625 6260142.1 6704852.139 5781224.718 6978519.631 6362767.756 7012728.091 6362767.79 5644390.217 6054891.428 5575973.216 3591884.396 478917.9168 0 0 0 0 0 0 0 0 0 0 0 0 
0 0 0 0 0 0 0 0 0 0 0 0 0 0 581543.2072 4447094.888 5233888.813 6944310.074 5439139.37 6568017.535 5610181.662 6499600.939 5336514.352 6020682.22 3147174.931 1299920.119 0 0 0 0 0 0 0 0 0 0 0 0 0 0 
0 0 0 0 0 0 0 0 0 0 0 0 0 0 0 0 0 718376.7487 1368337.003 1949880.122 2257755.933 1505170.545 410501.006 0 0 0 0 0 0 0 0 0 0 0 0 0 0 0 0 0 
0 0 0 0 0 0 0 0 0 0 0 0 0 0 0 0 0 0 0 0 0 0 0 0 0 0 0 0 0 0 0 0 0 0 0 0 0 0 0 0 
0 0 0 0 0 0 0 0 0 0 0 0 0 0 0 0 0 0 0 0 0 0 0 0 0 0 0 0 0 0 0 0 0 0 0 0 0 0 0 0 
0 0 0 0 0 0 0 0 0 0 0 0 0 0 0 0 0 0 0 0 0 0 0 0 0 0 0 0 0 0 0 0 0 0 0 0 0 0 0 0 
0 0 0 0 0 0 0 0 0 0 0 0 0 0 0 0 0 0 0 0 0 0 0 0 0 0 0 0 0 0 0 0 0 0 0 0 0 0 0 0 
0 0 0 0 0 0 0 0 0 0 0 0 0 0 0 0 0 0 0 0 0 0 0 0 0 0 0 0 0 0 0 0 0 0 0 0 0 0 0 0 
0 0 0 0 0 0 0 0 0 0 0 0 0 0 0 0 0 0 0 0 0 0 0 0 0 0 0 0 0 0 0 0 0 0 0 0 0 0 0 0 
# Errors [psd_source/PSD_source.dat] I_err:
0 0 0 0 0 0 0 0 0 0 0 0 0 0 0 0 0 0 0 0 0 0 0 0 0 0 0 0 0 0 0 0 0 0 0 0 0 0 0 0 
0 0 0 0 0 0 0 0 0 0 0 0 0 0 0 0 0 0 0 0 0 0 0 0 0 0 0 0 0 0 0 0 0 0 0 0 0 0 0 0 
0 0 0 0 0 0 0 0 0 0 0 0 0 0 0 0 0 0 0 0 0 0 0 0 0 0 0 0 0 0 0 0 0 0 0 0 0 0 0 0 
0 0 0 0 0 0 0 0 0 0 0 0 0 0 0 0 0 0 0 0 0 0 0 0 0 0 0 0 0 0 0 0 0 0 0 0 0 0 0 0 
0 0 0 0 0 0 0 0 0 0 0 0 0 0 0 0 0 0 0 0 0 0 0 0 0 0 0 0 0 0 0 0 0 0 0 0 0 0 0 0 
0 0 0 0 0 0 0 0 0 0 0 0 0 0 0 0 0 0 0 0 0 0 0 0 0 0 0 0 0 0 0 0 0 0 0 0 0 0 0 0 
0 0 0 0 0 0 0 0 0 0 0 0 0 0 0 0 0 145134.0473 226913.0036 271520.9334 232012.8022 202379.7559 160451.7073 0 0 0 0 0 0 0 0 0 0 0 0 0 0 0 0 0 
0 0 0 0 0 0 0 0 0 0 0 0 0 0 156762.7026 335172.7182 394510.7925 431351.8146 448639.2997 458954.1923 451240.1015 472769.8446 429993.1972 409073.2724 328115.6842 174429.4049 0 0 0 0 0 0 0 0 0 0 0 0 0 0 
0 0 0 0 0 0 0 0 0 0 0 0 132488.6522 373169.8554 431351.8261 446023.3172 496906.1164 432706.219 465284.9194 467793.2426 439415.2183 462763.0376 447333.2489 477694.6897 439415.1858 469042.2931 355504.366 152984.7161 0 0 0 0 0 0 0 0 0 0 0 0 
0 0 0 0 0 0 0 0 0 0 0 255992.3977 467793.1615 466540.7174 449941.6214 436743.9954 460227.3607 435402.2421 449941.6715 460227.3859 421749.8928 466540.8191 466540.81 469042.3716 453826.0888 490983.2937 505081.3515 439415.1562 239458.9606 0 0 0 0 0 0 0 0 0 0 0 
0 0 0 0 0 0 0 0 0 0 322721.6116 481355.1899 455113.5192 466540.7923 511984.9162 464025.7671 439415.3032 480138.2773 474006.0074 477694.8175 458954.3553 443391.9934 435402.3204 475238.7558 508544.9192 460227.3859 466540.775 455113.5172 461496.8777 275797.1299 0 0 0 0 0 0 0 0 0 0 
0 0 0 0 0 0 0 0 0 246680.4272 447333.1826 474005.8695 471530.6584 487395.1231 447333.3259 478918.1092 440744.869 446023.4745 464025.8328 461497.0885 444709.7077 458954.358 474006.0334 455113.6612 447333.3462 465285.0088 449941.682 476468.3105 440744.7477 443391.8729 234521.1333 0 0 0 0 0 0 0 0 0 
0 0 0 0 0 0 0 0 132488.6463 458954.1561 466540.7533 474005.9076 448639.3962 453826.1738 447333.3571 465285.0749 448639.4653 465285.1065 448639.5029 464025.8978 460227.5194 453826.2716 457677.7397 488594.2631 443392.0492 447333.3689 474005.9835 472769.9471 474005.9043 488594.0651 404759.5179 149111.0622 0 0 0 0 0 0 0 0 
0 0 0 0 0 0 0 0 368435.9913 452534.9461 449941.6409 478918.0612 452535.0827 447333.36 477694.855 453826.2501 464025.8968 466540.9697 471530.8601 453826.3024 448639.5452 469042.5564 436744.1724 423135.0639 470288.3116 472770.039 447333.3708 471530.7355 467793.2688 493360.9864 470288.1058 365246.0081 0 0 0 0 0 0 0 0 
0 0 0 0 0 0 0 167586.3552 439415.1694 462763.0408 449941.6708 428630.4611 467793.342 425891.6414 457677.762 443392.1073 448639.5506 446023.5683 482569.5216 429993.5097 486193.3783 449941.8614 452535.2024 457677.8003 447333.4457 457677.7642 455113.6882 425891.6128 457677.6594 458954.2654 487395.081 432706.14 174429.4127 0 0 0 0 0 0 0 
0 0 0 0 0 0 0 340369.5123 460227.3014 465284.9549 456397.4218 458954.3301 477694.8568 442070.4893 462763.242 449941.8542 477694.9551 469042.5946 464025.9713 444709.8324 460227.6033 440745.0252 480138.4427 449941.8629 435402.4264 466540.9573 447333.4089 458954.3637 457677.6884 442070.3766 446023.3622 472769.8512 331662.967 0 0 0 0 0 0 0 
0 0 0 0 0 0 0 460227.2652 480138.1556 438081.6611 440744.8482 480138.3031 476468.4366 429993.4549 436744.1801 435402.4398 446023.5905 466541.0447 453826.3609 451240.4456 462763.3233 457677.8662 439415.4808 443392.1595 423135.1199 457677.8023 446023.526 461497.0893 467793.3472 452535.0463 458954.2613 446023.3223 414755.0881 0 0 0 0 0 0 0 
0 0 0 0 0 0 141044.9378 452534.9209 448639.3358 458954.2802 475238.7711 460227.4722 458954.4045 442070.5195 458954.459 460227.5939 469042.6149 477695.0059 483780.5544 462763.3514 448639.625 431352.1485 449941.9086 443392.1714 477694.9706 474006.1321 427263.3301 448639.4992 416163.619 439415.3113 440744.8189 446023.3425 477694.6459 149111.0581 0 0 0 0 0 0 
0 0 0 0 0 0 213631.532 446023.2907 421749.8314 489790.2212 467793.3289 486193.2727 436744.1508 435402.415 448639.5709 434056.5481 448639.6097 449941.9181 464026.0112 471530.9679 499255.912 444709.8653 470288.4431 456397.6432 420360.4514 417567.3029 428630.5792 443392.0891 447333.3889 478918.1117 442070.3774 460227.3407 431351.8284 237002.8984 0 0 0 0 0 0 
0 0 0 0 0 0 271520.9367 453826.0441 455113.5526 431351.9304 449941.7339 447333.3942 420360.3765 418966.1722 452535.2147 449941.8897 478918.2981 446023.6306 467793.5393 443392.215 478918.3287 431352.1613 439415.5079 448639.6164 462763.3149 466541.0122 446023.5503 447333.4275 424515.5735 462763.1553 425891.5568 462763.0562 447333.2101 275797.119 0 0 0 0 0 0 
0 0 0 0 0 0 271520.9357 446023.297 462763.0541 443391.9692 413342.1149 456397.5105 466540.9525 451240.3788 435402.4425 457677.8472 460227.6254 447333.5409 495727.5617 464026.0202 466541.0819 481355.5828 481355.5693 471530.9404 449941.8917 467793.4758 442070.5305 443392.0887 488594.2482 444709.6761 448639.3972 472769.9041 438081.5917 284156.4993 0 0 0 0 0 0 
0 0 0 0 0 0 246680.4442 464025.6492 452534.9806 462763.1007 458954.337 464025.8472 447333.4272 474006.1095 458954.4696 462763.3073 456397.6415 451240.4552 443392.2066 486193.4458 471530.9647 444709.8701 451240.4527 466541.0491 486193.3968 483780.4886 489790.384 470288.3267 472770.0347 474005.997 483780.2959 467793.235 451240.1134 237002.9038 0 0 0 0 0 0 
0 0 0 0 0 0 132488.656 435402.1535 410501.1413 439415.264 469042.4383 474006.027 458954.3982 470288.3473 457677.8137 436744.2218 480138.4597 467793.5126 466541.0663 495727.5502 483780.5533 418966.2493 457677.8653 464025.9784 493361.2441 435402.4279 462763.2461 475238.8527 431352.0025 443392.001 440744.8146 475238.6756 446023.283 136833.688 0 0 0 0 0 0 
0 0 0 0 0 0 0 429993.2131 448639.3148 471530.6834 418966.0472 428630.4929 484988.3436 464025.8997 443392.1204 461497.1728 476468.5428 456397.6371 447333.5224 452535.2572 456397.6416 465285.2196 477694.9887 462763.3001 462763.2857 438081.8406 449941.8165 464025.861 492173.719 474005.9755 456397.402 429993.2622 421749.7703 0 0 0 0 0 0 0 
0 0 0 0 0 0 0 352197.2689 462763.0074 467793.2374 446023.4006 480138.2805 470288.2862 467793.3991 469042.5507 481355.4876 481355.5095 461497.1932 476468.5523 406202.8243 475238.9581 474006.1596 431352.108 444709.799 451240.3835 478918.2095 456397.5389 429993.4071 489790.267 455113.602 446023.3571 458954.1892 360408.0935 0 0 0 0 0 0 0 
0 0 0 0 0 0 0 160451.7211 446023.2899 455113.537 449941.6604 438081.7063 439415.3285 423135.0286 434056.4671 474006.0971 421750.026 470288.3739 470288.3803 453826.3426 438081.8674 453826.3318 466540.9975 456397.5784 472770.0894 460227.5262 461497.0775 464025.8186 457677.6557 416163.5268 486193.1096 457677.531 174429.4122 0 0 0 0 0 0 0 
0 0 0 0 0 0 0 0 353854.6771 444709.5278 448639.3533 469042.4044 464025.7942 476468.3958 449941.772 478918.1758 457677.7678 452535.1765 465285.1443 424515.6358 458954.4407 466540.9803 483780.4511 451240.351 481355.4369 451240.3166 442070.4413 438081.7214 447333.3052 480138.1897 482569.2422 368435.9874 0 0 0 0 0 0 0 0 
0 0 0 0 0 0 0 0 90506.98544 456397.2987 466540.7405 487395.1057 460227.3928 438081.7151 457677.6839 456397.5009 462763.1925 469042.526 477694.9054 444709.7547 484988.3668 470288.3212 486193.2917 448639.4844 472770.0254 457677.7105 464025.7941 440744.8214 460227.3627 423134.8857 404759.5291 118501.4444 0 0 0 0 0 0 0 0 
0 0 0 0 0 0 0 0 0 241890.0724 467793.1512 451240.1483 460227.3582 464025.7416 440744.8455 447333.3549 474006.0026 446023.4779 435402.3542 442070.466 453826.2332 436744.1115 477694.8581 484988.305 449941.739 457677.6668 477694.7661 448639.3638 460227.3305 448639.298 232012.7996 0 0 0 0 0 0 0 0 0 
0 0 0 0 0 0 0 0 0 0 290268.1024 448639.2841 471530.6278 461496.9349 443391.9453 462763.1175 448639.4227 465285.0266 470288.2275 462763.1666 447333.3562 436744.0687 469042.4361 469042.4056 455113.5942 443391.959 447333.2544 486193.1136 447333.1859 271520.9541 0 0 0 0 0 0 0 0 0 0 
0 0 0 0 0 0 0 0 0 0 0 269357.3779 451240.1112 425891.4869 469042.3434 427263.1313 451240.1989 458954.2845 457677.6133 436744.0395 455113.585 446023.3805 403311.4759 452535.0131 447333.2857 462763.0568 486193.0791 448639.2775 249041.0719 0 0 0 0 0 0 0 0 0 0 0 
0 0 0 0 0 0 0 0 0 0 0 0 118501.4633 376292.6544 443391.8556 434056.2689 462763.0199 478918.0099 444709.5937 488594.1028 466540.7675 489790.1755 466540.77 439415.1824 455113.5092 436743.929 350532.0244 127996.1972 0 0 0 0 0 0 0 0 0 0 0 0 
0 0 0 0 0 0 0 0 0 0 0 0 0 0 141044.9452 390036.0235 423134.8316 487395.0179 431351.8102 474005.8365 438081.5875 471530.6117 427263.0955 453825.9979 328115.6684 210874.8891 0 0 0 0 0 0 0 0 0 0 0 0 0 0 
0 0 0 0 0 0 0 0 0 0 0 0 0 0 0 0 0 156762.6585 216353.0769 258267.9314 277910.5441 226912.9974 118501.4332 0 0 0 0 0 0 0 0 0 0 0 0 0 0 0 0 0 
0 0 0 0 0 0 0 0 0 0 0 0 0 0 0 0 0 0 0 0 0 0 0 0 0 0 0 0 0 0 0 0 0 0 0 0 0 0 0 0 
0 0 0 0 0 0 0 0 0 0 0 0 0 0 0 0 0 0 0 0 0 0 0 0 0 0 0 0 0 0 0 0 0 0 0 0 0 0 0 0 
0 0 0 0 0 0 0 0 0 0 0 0 0 0 0 0 0 0 0 0 0 0 0 0 0 0 0 0 0 0 0 0 0 0 0 0 0 0 0 0 
0 0 0 0 0 0 0 0 0 0 0 0 0 0 0 0 0 0 0 0 0 0 0 0 0 0 0 0 0 0 0 0 0 0 0 0 0 0 0 0 
0 0 0 0 0 0 0 0 0 0 0 0 0 0 0 0 0 0 0 0 0 0 0 0 0 0 0 0 0 0 0 0 0 0 0 0 0 0 0 0 
0 0 0 0 0 0 0 0 0 0 0 0 0 0 0 0 0 0 0 0 0 0 0 0 0 0 0 0 0 0 0 0 0 0 0 0 0 0 0 0 
# Events [psd_source/PSD_source.dat] N:
0 0 0 0 0 0 0 0 0 0 0 0 0 0 0 0 0 0 0 0 0 0 0 0 0 0 0 0 0 0 0 0 0 0 0 0 0 0 0 0 
0 0 0 0 0 0 0 0 0 0 0 0 0 0 0 0 0 0 0 0 0 0 0 0 0 0 0 0 0 0 0 0 0 0 0 0 0 0 0 0 
0 0 0 0 0 0 0 0 0 0 0 0 0 0 0 0 0 0 0 0 0 0 0 0 0 0 0 0 0 0 0 0 0 0 0 0 0 0 0 0 
0 0 0 0 0 0 0 0 0 0 0 0 0 0 0 0 0 0 0 0 0 0 0 0 0 0 0 0 0 0 0 0 0 0 0 0 0 0 0 0 
0 0 0 0 0 0 0 0 0 0 0 0 0 0 0 0 0 0 0 0 0 0 0 0 0 0 0 0 0 0 0 0 0 0 0 0 0 0 0 0 
0 0 0 0 0 0 0 0 0 0 0 0 0 0 0 0 0 0 0 0 0 0 0 0 0 0 0 0 0 0 0 0 0 0 0 0 0 0 0 0 
0 0 0 0 0 0 0 0 0 0 0 0 0 0 0 0 0 18 44 63 46 35 22 0 0 0 0 0 0 0 0 0 0 0 0 0 0 0 0 0 
0 0 0 0 0 0 0 0 0 0 0 0 0 0 21 96 133 159 172 180 174 191 158 143 92 26 0 0 0 0 0 0 0 0 0 0 0 0 0 0 
0 0 0 0 0 0 0 0 0 0 0 0 15 119 159 170 211 160 185 187 165 183 171 195 165 188 108 20 0 0 0 0 0 0 0 0 0 0 0 0 
0 0 0 0 0 0 0 0 0 0 0 56 187 186 173 163 181 162 173 181 152 186 186 188 176 206 218 165 49 0 0 0 0 0 0 0 0 0 0 0 
0 0 0 0 0 0 0 0 0 0 89 198 177 186 224 184 165 197 192 195 180 168 162 193 221 181 186 177 182 65 0 0 0 0 0 0 0 0 0 0 
0 0 0 0 0 0 0 0 0 52 171 192 190 203 171 196 166 170 184 182 169 180 192 177 171 185 173 194 166 168 47 0 0 0 0 0 0 0 0 0 
0 0 0 0 0 0 0 0 15 180 186 192 172 176 171 185 172 185 172 184 181 176 179 204 168 171 192 191 192 204 140 19 0 0 0 0 0 0 0 0 
0 0 0 0 0 0 0 0 116 175 173 196 175 171 195 176 184 186 190 176 172 188 163 153 189 191 171 190 187 208 189 114 0 0 0 0 0 0 0 0 
0 0 0 0 0 0 0 24 165 183 173 157 187 155 179 168 172 170 199 158 202 173 175 179 171 179 177 155 179 180 203 160 26 0 0 0 0 0 0 0 
0 0 0 0 0 0 0 99 181 185 178 180 195 167 183 173 195 188 184 169 181 166 197 173 162 186 171 180 179 167 170 191 94 0 0 0 0 0 0 0 
0 0 0 0 0 0 0 181 197 164 166 197 194 158 163 162 170 186 176 174 183 179 165 168 153 179 170 182 187 175 180 170 147 0 0 0 0 0 0 0 
0 0 0 0 0 0 17 175 172 180 193 181 180 167 180 181 188 195 200 183 172 159 173 168 195 192 156 172 148 165 166 170 195 19 0 0 0 0 0 0 
0 0 0 0 0 0 39 170 152 205 187 202 163 162 172 161 172 173 184 190 213 169 189 178 151 149 157 168 171 196 167 181 159 48 0 0 0 0 0 0 
0 0 0 0 0 0 63 176 177 159 173 171 151 150 175 173 196 170 187 168 196 159 165 172 183 186 170 171 154 183 155 183 171 65 0 0 0 0 0 0 
0 0 0 0 0 0 63 170 183 168 146 178 186 174 162 179 181 171 210 184 186 198 198 190 173 187 167 168 204 169 172 191 164 69 0 0 0 0 0 0 
0 0 0 0 0 0 52 184 175 183 180 184 171 192 180 183 178 174 168 202 190 169 174 186 202 200 205 189 191 192 200 187 174 48 0 0 0 0 0 0 
0 0 0 0 0 0 15 162 144 165 188 192 180 189 179 163 197 187 186 210 200 150 179 184 208 162 183 193 159 168 166 193 170 16 0 0 0 0 0 0 
0 0 0 0 0 0 0 158 172 190 150 157 201 184 168 182 194 178 171 175 178 185 195 183 183 164 173 184 207 192 178 158 152 0 0 0 0 0 0 0 
0 0 0 0 0 0 0 106 183 187 170 197 189 187 188 198 198 182 194 141 193 192 159 169 174 196 178 158 205 177 170 180 111 0 0 0 0 0 0 0 
0 0 0 0 0 0 0 22 170 177 173 164 165 153 161 192 152 189 189 176 164 176 186 178 191 181 182 184 179 148 202 179 26 0 0 0 0 0 0 0 
0 0 0 0 0 0 0 0 107 169 172 188 184 194 173 196 179 175 185 154 180 186 200 174 198 174 167 164 171 197 199 116 0 0 0 0 0 0 0 0 
0 0 0 0 0 0 0 0 7 178 186 203 181 164 179 178 183 188 195 169 201 189 202 172 191 179 184 166 181 153 140 12 0 0 0 0 0 0 0 0 
0 0 0 0 0 0 0 0 0 50 187 174 181 184 166 171 192 170 162 167 176 163 195 201 173 179 195 172 181 172 46 0 0 0 0 0 0 0 0 0 
0 0 0 0 0 0 0 0 0 0 72 172 190 182 168 183 172 185 189 183 171 163 188 188 177 168 171 202 171 63 0 0 0 0 0 0 0 0 0 0 
0 0 0 0 0 0 0 0 0 0 0 62 174 155 188 156 174 180 179 163 177 170 139 175 171 183 202 172 53 0 0 0 0 0 0 0 0 0 0 0 
0 0 0 0 0 0 0 0 0 0 0 0 12 121 168 161 183 196 169 204 186 205 186 165 177 163 105 14 0 0 0 0 0 0 0 0 0 0 0 0 
0 0 0 0 0 0 0 0 0 0 0 0 0 0 17 130 153 203 159 192 164 190 156 176 92 38 0 0 0 0 0 0 0 0 0 0 0 0 0 0 
0 0 0 0 0 0 0 0 0 0 0 0 0 0 0 0 0 21 40 57 66 44 12 0 0 0 0 0 0 0 0 0 0 0 0 0 0 0 0 0 
0 0 0 0 0 0 0 0 0 0 0 0 0 0 0 0 0 0 0 0 0 0 0 0 0 0 0 0 0 0 0 0 0 0 0 0 0 0 0 0 
0 0 0 0 0 0 0 0 0 0 0 0 0 0 0 0 0 0 0 0 0 0 0 0 0 0 0 0 0 0 0 0 0 0 0 0 0 0 0 0 
0 0 0 0 0 0 0 0 0 0 0 0 0 0 0 0 0 0 0 0 0 0 0 0 0 0 0 0 0 0 0 0 0 0 0 0 0 0 0 0 
0 0 0 0 0 0 0 0 0 0 0 0 0 0 0 0 0 0 0 0 0 0 0 0 0 0 0 0 0 0 0 0 0 0 0 0 0 0 0 0 
0 0 0 0 0 0 0 0 0 0 0 0 0 0 0 0 0 0 0 0 0 0 0 0 0 0 0 0 0 0 0 0 0 0 0 0 0 0 0 0 
0 0 0 0 0 0 0 0 0 0 0 0 0 0 0 0 0 0 0 0 0 0 0 0 0 0 0 0 0 0 0 0 0 0 0 0 0 0 0 0 
