# Format: McCode with text headers
# URL: http://www.mccode.org
# Creator: McStas 2.5 - Dec. 12, 2018
# Instrument: ESS_HEIMDAL.instr
# Ncount: 250000
# Trace: no
# Gravitation: no
# Seed: 1565866315
# Directory: TauScan/12
# Nodes: 4
# Param: lmax=4
# Param: lmin=0.5
# Param: T=200
# Param: tau=120
# Param: use_CoFe2O4=1
# Param: use_CoFe=1
# Param: use_magn=1
# Date: Wed Aug 14 15:24:27 2019 (1565789067)
# type: array_2d(40, 40)
# Source: ESS_HEIMDAL (ESS_HEIMDAL.instr)
# component: psd_source
# position: 0 0 0.01
# title: PSD monitor
# Ncount: 1000000
# filename: PSD_source.dat
# statistics: X0=0.00315225; dX=5.011; Y0=-0.002967; dY=5.00761;
# signal: Min=0; Max=6.53723e+06; Mean=2.13803e+06;
# values: 3.42084e+09 3.42084e+06 1e+06
# xvar: X 
# yvar: Y 
# xlabel: X position [cm]
# ylabel: Y position [cm]
# zvar: I
# zlabel: Signal per bin
# xylimits: -15 15 -15 15
# variables: I I_err N
# Data [psd_source/PSD_source.dat] I:
0 0 0 0 0 0 0 0 0 0 0 0 0 0 0 0 0 0 0 0 0 0 0 0 0 0 0 0 0 0 0 0 0 0 0 0 0 0 0 0 
0 0 0 0 0 0 0 0 0 0 0 0 0 0 0 0 0 0 0 0 0 0 0 0 0 0 0 0 0 0 0 0 0 0 0 0 0 0 0 0 
0 0 0 0 0 0 0 0 0 0 0 0 0 0 0 0 0 0 0 0 0 0 0 0 0 0 0 0 0 0 0 0 0 0 0 0 0 0 0 0 
0 0 0 0 0 0 0 0 0 0 0 0 0 0 0 0 0 0 0 0 0 0 0 0 0 0 0 0 0 0 0 0 0 0 0 0 0 0 0 0 
0 0 0 0 0 0 0 0 0 0 0 0 0 0 0 0 0 0 0 0 0 0 0 0 0 0 0 0 0 0 0 0 0 0 0 0 0 0 0 0 
0 0 0 0 0 0 0 0 0 0 0 0 0 0 0 0 0 0 0 0 0 0 0 0 0 0 0 0 0 0 0 0 0 0 0 0 0 0 0 0 
0 0 0 0 0 0 0 0 0 0 0 0 0 0 0 0 0 595226.5282 1539379.005 1980667.684 1905409.095 1474382.968 567859.8073 0 0 0 0 0 0 0 0 0 0 0 0 0 0 0 0 0 
0 0 0 0 0 0 0 0 0 0 0 0 0 0 927048.2557 3355846.23 5127842.722 6232774.954 6331979.395 6188304.196 5914636.71 6109624.683 5928319.997 5350197.421 3455050.682 800477.0909 0 0 0 0 0 0 0 0 0 0 0 0 0 0 
0 0 0 0 0 0 0 0 0 0 0 0 622593.271 3773189.026 5880428.153 6150675.021 5959108.065 5887270.658 6338821.87 6174621.424 6208829.984 5993316.641 6143833.773 6164358.588 6243037.772 6208829.028 4036593.995 567859.8199 0 0 0 0 0 0 0 0 0 0 0 0 
0 0 0 0 0 0 0 0 0 0 0 1754892.07 5476768.689 6085678.938 5989895.852 6061733.73 6396976.664 6229355.465 5904375.484 6024105.063 6143834.543 6095942.695 6225934.66 5839379.175 5866745.678 6212250.491 6482496.711 5877007.126 1720683.637 0 0 0 0 0 0 0 0 0 0 0 
0 0 0 0 0 0 0 0 0 0 2387747.924 6068574.453 6277246.337 6369609.617 6297772.2 6215672.35 6455131.584 6222514.368 6181464.408 6321719.075 6253302.177 6290931.339 6123309.993 6034367.872 6160938.771 5805170.891 6130150.56 6048049.871 6048049.396 2288543.477 0 0 0 0 0 0 0 0 0 0 
0 0 0 0 0 0 0 0 0 1813046.412 6304612.582 6082258.429 6054892.135 6061734.253 6041209.572 6195147.818 6157518.761 6089102.066 6181465.001 6373032.299 6331982.148 6041210.317 6130152.203 6041210.033 6256723.031 6195147.504 6157517.839 6037788.014 6509863.738 6191724.844 1744629.546 0 0 0 0 0 0 0 0 0 
0 0 0 0 0 0 0 0 595226.5474 5579393.912 6054891.568 6475655.801 6448289.554 6243039.418 6390136.04 5928322.441 6013843.78 5965952.173 6212253.098 6089102.771 5897535.475 5918060.487 6160940.26 5921481.014 6054893.771 6328560.816 6013842.907 6174622.084 6215671.744 6078837.462 5702544.208 598647.3834 0 0 0 0 0 0 0 0 
0 0 0 0 0 0 0 0 3773189.084 6321717.117 6246459.214 6410660.221 6349085.619 6181464.637 5986476.941 6184886.178 5873589.66 5942006.697 6123311.563 6256724.549 6058315.561 6147257.46 6051473.681 6403820.479 6219094.635 5996739.476 6270406.631 6212251.783 6010421.594 6195146.562 5818853.28 4081064.875 0 0 0 0 0 0 0 0 
0 0 0 0 0 0 0 882577.2864 5955686.676 6061733.449 6342243.195 6277247.724 6123310.274 5897534.993 6051473.37 6010423.519 5682022.675 5897536.066 6082261.802 6205412.265 6260145.765 6092524.292 6113049.264 5928323.476 6051473.613 6301194.966 6239619.401 6150677.019 5753858.687 6383293.293 6195146.263 6181462.28 954414.9874 0 0 0 0 0 0 0 
0 0 0 0 0 0 0 3362687.959 6174620.864 6273826.001 6314876.771 6198568.656 6109627.221 6311457.404 6099365.466 6154099.274 6051474.206 6164362.243 6219095.913 6123312.304 6000161.899 6140416.448 5863327.928 6106207.683 5709389.492 6109627.978 5935164.589 6239619.274 6427765.185 5812012.768 6201988.34 6085679.024 3393475.528 0 0 0 0 0 0 0 
0 0 0 0 0 0 0 5185997.018 6092520.911 5931741.953 6089101.352 6181464.649 6130152.491 6198569.797 6123311.635 6123311.937 6082262.02 6314879.665 6003582.896 6219096.196 6092524.933 5890695.04 6136995.742 5784648.522 6195149.647 6068578.091 6140415.468 6003581.271 5979634.903 6335402.043 6321718.049 6030945.731 4994429.832 0 0 0 0 0 0 0 
0 0 0 0 0 0 598647.3827 6184883.116 6154096.258 6119888.501 6027526.374 6126731.378 6143836.061 6037790.314 6178045.321 5853065.375 5825698.828 6246462.954 6030949.837 6243042.289 6075420.873 6140416.86 5791490.547 6133574.879 6119891.261 6171203.605 5965952.589 6256723.934 6017264.372 6273827.067 6417501.866 6366188.508 5873586.437 547334.754 0 0 0 0 0 0 
0 0 0 0 0 0 1423070.358 6130149.75 6362767.805 6095942.734 6266985.514 6201990.037 6106206.891 6037790.433 5935165.464 6270408.564 6215675.28 6208833.785 6232779.823 6017266.639 6024108.333 6051475.026 6198571.24 5979636.981 5989899.278 5979636.443 5846223.14 5897535.406 5965951.823 5904376.087 6075417.657 6427763.83 6342241.977 1481224.686 0 0 0 0 0 0 
0 0 0 0 0 0 1970405.129 6448288.173 6171200.666 5921479.772 6123310.146 5870168.241 6099365.271 6013844.599 6048053.393 6085682.994 6085683.242 6092525.106 6198571.436 5935166.402 6215675.721 6229359.037 5894116.089 5921482.675 6054895.393 6215674.787 6157520.075 6095944.42 6089102.26 6024105.675 6304614.229 6116467.179 6054891.267 1963563.455 0 0 0 0 0 0 
0 0 0 0 0 0 2073030.399 6003578.628 6051471.158 6085680.253 6386715.111 6198569.262 6075419.37 6106207.387 5832540.195 6136995.664 6342246.616 6140416.936 6089104.387 6041212.616 6243042.482 6311459.325 5791490.747 6065158.17 6157520.731 6119891.144 6414083.394 6154098.792 5983056.095 6537232.223 6065155.202 6219092.447 6253300.132 1963563.444 0 0 0 0 0 0 
0 0 0 0 0 0 1419649.53 6147253.954 6201988.186 5938583.948 6338823.245 5945426.76 6068577.607 6133574.085 5952269.684 6342246.282 6171204.293 5808594.922 6054895.883 5757282.401 6219096.51 5870170.236 6157521.115 6386717.544 6099366.313 6311458.37 6119890.72 6092523.524 6345665.488 6270406.366 6130151.166 6109625.437 6424342.198 1508591.428 0 0 0 0 0 0 
0 0 0 0 0 0 540493.0677 6051470.256 6089100.239 6198567.899 5924901.018 6266985.969 5849643.486 5682022.523 6260145.571 6061736.919 6400400.775 5976216.201 5853065.89 6085683.407 6225938.067 6089104.218 6438030.261 6041212.088 6109628.712 5989898.87 6058315.383 6000160.623 6157518.949 6290931.308 6020684.047 6041208.433 6041207.728 550755.59 0 0 0 0 0 0 
0 0 0 0 0 0 0 5483610.32 6184883.655 6140413.392 6044630.389 5900955.47 6311457.254 6068577.745 6174624.265 6089103.482 5883853.031 5993320.246 6003582.91 6143837.611 6078841.544 5976216.146 6113049.822 6273829.334 5935165.454 6078840.635 6010423.382 6287511.33 6034368.402 6058313.76 6277247.094 6198567.036 5384405.867 0 0 0 0 0 0 0 
0 0 0 0 0 0 0 3390054.721 6000157.927 6424343.107 6178043.009 6051472.355 5969372.576 6099365.099 6000161.002 6195149.395 6178045.437 5918061.421 6304617.012 6147258.188 6297775.376 6024107.719 6037790.999 6331983.427 6393558.381 6003581.813 6410661.879 6143835.634 5979634.643 6054892.676 6089100.435 6000157.93 3523467.546 0 0 0 0 0 0 0 
0 0 0 0 0 0 0 872314.7603 6369608.571 6249879.781 6311455.639 6095943.032 6003580.752 6178044.233 6113048.569 6208832.496 6010423.738 6335404.19 6061736.721 6133574.52 6164362.116 6044632.528 6184887.036 6181465.944 5989898.448 6160940.38 6113048.167 6089101.806 6208830.87 5856483.464 6342242.597 6270404.135 892839.8201 0 0 0 0 0 0 0 
0 0 0 0 0 0 0 0 3735559.759 6297771.201 5832537.178 6201988.803 6102784.894 5928322.209 6044631.28 6260144.754 6041210.979 5959110.895 6249882.799 6010423.739 6071998.997 6219095.218 6085682.117 6160940.559 5965952.131 6321719.671 6147256.269 6075418.097 6000159.019 6092521.253 5897532.666 3988702.161 0 0 0 0 0 0 0 0 
0 0 0 0 0 0 0 0 530230.5348 5757277.633 6314875.629 6212250.92 6201988.824 6140414.142 6150676.991 6010422.726 6113048.285 6143836.085 6054894.226 6379874.505 6150677.939 6297774.166 6010423.13 6140414.989 6034368.606 5972793.094 6290931.244 6133572.027 6496180.841 6243037.9 5695702.528 506284.6396 0 0 0 0 0 0 0 0 
0 0 0 0 0 0 0 0 0 1505170.562 6160937.237 6051470.796 6308034.507 6075417.684 6147255.738 6071997.435 6212252.279 6160939.819 6205410.87 6030947.977 6007001.96 6284090.32 6325140.269 5911217.98 6198568.651 6482498.316 6308034.928 6284088.61 5839378.502 6054891.047 1628320.904 0 0 0 0 0 0 0 0 0 
0 0 0 0 0 0 0 0 0 0 2247493.399 5853061.345 5921478.767 6071996.242 5989896.365 6195147.303 6263564.374 6116468.293 6198568.64 6253302.171 6236198.012 6007001.36 6089101.467 6174622.416 6044630.117 6188305.158 6301192.748 5948845.397 6089099.537 2141447.226 0 0 0 0 0 0 0 0 0 0 
0 0 0 0 0 0 0 0 0 0 0 1751471.224 5760698.536 6133570.749 6068575.116 6027525.321 6270405.377 6030946.55 6178042.954 6198568.062 6044630.221 6297772.442 6068575.846 6472235.108 6164359.063 5784645.173 5979632.843 5767540.296 1665950.144 0 0 0 0 0 0 0 0 0 0 0 
0 0 0 0 0 0 0 0 0 0 0 0 643118.3361 3827922.579 5962528.396 5945424.407 6133571.081 6048050.083 6184883.983 5914637.379 6075417.126 6174621.501 6232775.655 6311454.835 6054891.434 6154095.533 3677405.456 605489.0662 0 0 0 0 0 0 0 0 0 0 0 0 
0 0 0 0 0 0 0 0 0 0 0 0 0 0 903102.3711 3328479.59 5168892.767 5664915.052 6065153.731 6126729.042 6205408.354 6321716.895 6212249.838 5144946.925 3499521.675 892839.8122 0 0 0 0 0 0 0 0 0 0 0 0 0 0 
0 0 0 0 0 0 0 0 0 0 0 0 0 0 0 0 0 626014.1214 1508591.421 1925934.099 2021717.719 1553062.395 649960.0149 0 0 0 0 0 0 0 0 0 0 0 0 0 0 0 0 0 
0 0 0 0 0 0 0 0 0 0 0 0 0 0 0 0 0 0 0 0 0 0 0 0 0 0 0 0 0 0 0 0 0 0 0 0 0 0 0 0 
0 0 0 0 0 0 0 0 0 0 0 0 0 0 0 0 0 0 0 0 0 0 0 0 0 0 0 0 0 0 0 0 0 0 0 0 0 0 0 0 
0 0 0 0 0 0 0 0 0 0 0 0 0 0 0 0 0 0 0 0 0 0 0 0 0 0 0 0 0 0 0 0 0 0 0 0 0 0 0 0 
0 0 0 0 0 0 0 0 0 0 0 0 0 0 0 0 0 0 0 0 0 0 0 0 0 0 0 0 0 0 0 0 0 0 0 0 0 0 0 0 
0 0 0 0 0 0 0 0 0 0 0 0 0 0 0 0 0 0 0 0 0 0 0 0 0 0 0 0 0 0 0 0 0 0 0 0 0 0 0 0 
0 0 0 0 0 0 0 0 0 0 0 0 0 0 0 0 0 0 0 0 0 0 0 0 0 0 0 0 0 0 0 0 0 0 0 0 0 0 0 0 
# Errors [psd_source/PSD_source.dat] I_err:
0 0 0 0 0 0 0 0 0 0 0 0 0 0 0 0 0 0 0 0 0 0 0 0 0 0 0 0 0 0 0 0 0 0 0 0 0 0 0 0 
0 0 0 0 0 0 0 0 0 0 0 0 0 0 0 0 0 0 0 0 0 0 0 0 0 0 0 0 0 0 0 0 0 0 0 0 0 0 0 0 
0 0 0 0 0 0 0 0 0 0 0 0 0 0 0 0 0 0 0 0 0 0 0 0 0 0 0 0 0 0 0 0 0 0 0 0 0 0 0 0 
0 0 0 0 0 0 0 0 0 0 0 0 0 0 0 0 0 0 0 0 0 0 0 0 0 0 0 0 0 0 0 0 0 0 0 0 0 0 0 0 
0 0 0 0 0 0 0 0 0 0 0 0 0 0 0 0 0 0 0 0 0 0 0 0 0 0 0 0 0 0 0 0 0 0 0 0 0 0 0 0 
0 0 0 0 0 0 0 0 0 0 0 0 0 0 0 0 0 0 0 0 0 0 0 0 0 0 0 0 0 0 0 0 0 0 0 0 0 0 0 0 
0 0 0 0 0 0 0 0 0 0 0 0 0 0 0 0 0 45124.00665 72567.02222 82313.73986 80734.77446 71018.5286 44074.4688 0 0 0 0 0 0 0 0 0 0 0 0 0 0 0 0 0 
0 0 0 0 0 0 0 0 0 0 0 0 0 0 56314.17105 107143.9243 132444.4853 146018.2906 147175.7588 145496.4411 142242.8934 144568.5433 142407.3341 135285.5568 108716.0677 52328.82444 0 0 0 0 0 0 0 0 0 0 0 0 0 0 
0 0 0 0 0 0 0 0 0 0 0 0 46149.68367 113611.1109 141830.9493 145053.4082 142776.6494 141913.4529 147255.2672 145335.5078 145737.5462 143185.8731 144972.7212 145214.6729 146138.4606 145737.5238 117509.7943 44074.46978 0 0 0 0 0 0 0 0 0 0 0 0 
0 0 0 0 0 0 0 0 0 0 0 77480.37765 136876.45 144284.9597 143145.005 144000.8304 147929.2186 145978.2459 142119.4678 143553.1939 144972.7393 144406.5944 145938.1594 141335.0628 141665.8592 145777.6809 148914.7436 141789.685 76721.49134 0 0 0 0 0 0 0 0 0 0 0 
0 0 0 0 0 0 0 0 0 0 90377.59178 144082.0492 146538.2962 147612.4463 146777.6916 145817.8362 148600.1163 145898.0739 145416.0343 147056.4945 146258.569 146697.962 144730.3894 143675.4255 145174.3988 140920.4715 144811.1954 143838.1979 143838.1866 88480.20261 0 0 0 0 0 0 0 0 0 0 
0 0 0 0 0 0 0 0 0 78753.70361 146857.3667 144244.4097 143919.5451 144000.8429 143756.8514 145576.8936 145134.109 144325.5605 145416.0483 147652.1217 147175.8228 143756.8691 144811.2342 143756.8624 146298.5688 145576.8863 145134.0873 143716.1274 149228.751 145536.6456 77253.49478 0 0 0 0 0 0 0 0 0 
0 0 0 0 0 0 0 0 45124.0081 138152.9121 143919.5316 148836.1576 148521.3382 146138.4991 147850.1155 142407.3928 143430.8945 142858.6452 145777.7421 144325.5772 142037.144 142284.0924 145174.4339 142325.2015 143919.584 147136.0503 143430.8737 145335.5233 145817.822 144203.8373 139669.2692 45253.48855 0 0 0 0 0 0 0 0 
0 0 0 0 0 0 0 0 113611.1126 147056.449 146178.507 148087.3514 147374.4501 145416.0397 143104.1702 145456.2874 141748.4945 142571.6671 144730.4265 146298.6043 143960.256 145013.1425 143878.9409 148008.3532 145857.9905 143226.7785 146458.4633 145777.7112 143390.0629 145576.8641 141086.4318 118155.3189 0 0 0 0 0 0 0 0 
0 0 0 0 0 0 0 54946.8618 142735.6497 144000.8238 147295.0073 146538.3286 144730.3961 142037.1324 143878.9335 143390.1089 139417.7746 142037.1582 144244.4896 145697.466 146338.6017 144366.1284 144609.0987 142407.4177 143878.9393 146817.5946 146098.475 145053.4553 140296.2929 147770.9209 145576.8571 145415.9843 57139.33069 0 0 0 0 0 0 0 
0 0 0 0 0 0 0 107253.0892 145335.4946 146498.3739 146976.8826 145617.0804 144568.6033 146937.102 144447.1525 145093.8204 143878.9534 145214.759 145858.0205 144730.4441 143267.6622 144932.4387 141624.6259 144528.1558 139753.117 144568.6212 142489.5541 146098.472 148284.7922 141003.4927 145657.2289 144284.9618 107742.9558 0 0 0 0 0 0 0 
0 0 0 0 0 0 0 133193.3868 144366.0483 142448.4419 144325.5435 145416.04 144811.241 145617.1072 144730.4282 144730.4354 144244.4948 146976.95 143308.5003 145858.0271 144366.1436 141954.7622 144892.0652 140671.1936 145576.9366 144082.1356 144932.4156 143308.4615 143022.3646 147215.5511 147056.4707 143634.6645 130710.2027 0 0 0 0 0 0 0 
0 0 0 0 0 0 45253.48851 145456.2154 145093.7493 144689.941 143593.9583 144770.8241 144972.7752 143716.1821 145375.8332 141500.6289 141169.4443 146178.5946 143634.7623 146138.5663 144163.3575 144932.4484 140754.3653 144851.6767 144690.0062 145295.3143 142858.6552 146298.5899 143471.6765 146498.3988 148166.3514 147572.7967 141748.4167 43270.61163 0 0 0 0 0 0 
0 0 0 0 0 0 69771.76465 144811.1762 147533.1458 144406.5953 146418.5009 145657.2688 144528.1371 143716.185 142489.5751 146458.5084 145817.905 145737.6355 146018.4046 143471.7306 143553.2718 143878.9729 145617.1411 143022.4143 143145.0869 143022.4015 141417.891 142037.1423 142858.6368 142119.4823 144163.2812 148284.761 147294.979 71183.11567 0 0 0 0 0 0 
0 0 0 0 0 0 82100.2137 148521.3063 145295.2451 142325.1716 144730.393 141707.1967 144447.1479 143430.9141 143838.2816 144285.0559 144285.0617 144366.1477 145617.1457 142489.5976 145817.9153 145978.3296 141995.9791 142325.2414 143919.6225 145817.8934 145134.14 144406.6352 144325.565 143553.2085 146857.4051 144649.4852 143919.5245 81957.55512 0 0 0 0 0 0 
0 0 0 0 0 0 84211.10353 143308.3984 143878.8809 144284.9909 147810.5337 145617.0946 144163.3218 144528.1488 141252.3067 144892.0633 147295.0867 144932.4502 144325.6155 143756.9239 146138.5708 146937.1468 140754.3702 144041.5424 145134.1555 144690.0035 148126.911 145093.809 143063.2774 149542.1324 144041.4719 145857.9392 146258.5211 81957.55466 0 0 0 0 0 0 
0 0 0 0 0 0 69687.85462 145013.0598 145657.2253 142530.5758 147255.2991 142612.682 144082.1241 144851.658 142694.7437 147295.079 145295.3304 140962.0633 143919.6342 140338.0619 145858.0345 141707.2448 145134.1645 147810.5901 144447.1725 146937.1245 144689.9934 144366.1102 147334.7592 146458.4571 144811.2097 144568.5611 148245.2791 71837.68705 0 0 0 0 0 0 
0 0 0 0 0 0 42999.31971 143878.8595 144325.5171 145617.0626 142366.286 146418.5116 141459.2474 139417.7709 146338.5971 144000.9062 147968.8421 142981.4997 141500.6414 144285.0657 145938.2392 144325.6115 148403.179 143756.9113 144568.6386 143145.0772 143960.2518 143267.6318 145134.1135 146697.9613 143512.425 143756.8243 143756.8075 43405.62117 0 0 0 0 0 0 
0 0 0 0 0 0 0 136961.9163 145456.2281 144932.3666 143797.5463 142078.3117 146937.0986 144082.1274 145335.5747 144325.594 141872.2945 143185.9593 143308.5006 144972.8117 144203.9342 142981.4984 144609.1119 146498.4517 142489.5749 144203.9126 143390.1056 146658.0908 143675.4381 143960.2132 146538.3138 145617.0423 135717.3668 0 0 0 0 0 0 0 
0 0 0 0 0 0 0 107688.6373 143267.5674 148245.3001 145375.7788 143878.9094 142899.5859 144447.1438 143267.6408 145576.9307 145375.836 142284.1149 146857.4699 145013.1597 146777.7656 143553.2572 143716.1984 147175.8525 147889.7192 143308.4745 148087.3897 144972.7651 143022.3584 143919.558 144325.5218 143267.5675 109787.1884 0 0 0 0 0 0 0 
0 0 0 0 0 0 0 54626.46924 147612.4221 146218.5221 146937.0609 144406.6024 143308.4491 145375.8076 144609.0823 145737.6052 143390.1141 147215.601 144000.9015 144851.6683 145214.756 143797.5972 145456.3076 145416.0704 143145.0671 145174.4367 144609.0728 144325.5543 145737.567 141541.9066 147294.9934 146458.405 55265.39744 0 0 0 0 0 0 0 
0 0 0 0 0 0 0 0 113043.1808 146777.6683 141252.2336 145657.2398 144487.62 142407.3872 143797.5675 146338.578 143756.8849 142776.7172 146218.5927 143390.1141 144122.7408 145858.0042 144285.0351 145174.441 142858.6442 147056.5084 145013.1144 144163.2916 143267.5935 144366.0564 142037.0764 116810.6211 0 0 0 0 0 0 0 0 
0 0 0 0 0 0 0 0 42589.14143 140337.9457 146976.8561 145777.691 145657.2403 144932.3843 145053.4546 143390.0899 144609.0756 144972.7757 143919.5948 147731.3675 145053.477 146777.7374 143390.0996 144932.4042 143675.443 142940.5177 146697.9598 144851.6094 149071.8441 146138.4636 139585.4594 41616.34102 0 0 0 0 0 0 0 0 
0 0 0 0 0 0 0 0 0 71756.19105 145174.3627 143878.8723 146897.2285 144163.2818 145013.1019 144122.7037 145777.7229 145174.4235 145697.4332 143634.718 143349.2806 146618.1854 147096.2853 142201.8038 145617.0803 148914.7804 146897.2383 146618.1455 141335.0465 143919.5192 74633.96628 0 0 0 0 0 0 0 0 0 
0 0 0 0 0 0 0 0 0 0 87683.06857 141500.5315 142325.1474 144122.6754 143145.0173 145576.8815 146378.5272 144649.5116 145617.08 146258.5688 146058.4078 143349.2663 144325.5463 145335.5311 143797.5398 145496.4638 146817.5429 142653.651 144325.5005 85589.44485 0 0 0 0 0 0 0 0 0 0 
0 0 0 0 0 0 0 0 0 0 0 77404.82374 140379.6338 144851.5792 144082.065 143593.9332 146458.434 143634.684 145375.7775 145617.0664 143797.5423 146777.6973 144082.0823 148796.8437 145214.6841 140671.1121 143022.3154 140462.9717 75491.40698 0 0 0 0 0 0 0 0 0 0 0 
0 0 0 0 0 0 0 0 0 0 0 0 46904.22531 114432.1617 142817.6119 142612.6256 144851.587 143838.2029 145456.2358 142242.9095 144163.2686 145335.5096 146018.307 146937.0422 143919.5284 145093.7322 112159.8149 45511.34516 0 0 0 0 0 0 0 0 0 0 0 0 
0 0 0 0 0 0 0 0 0 0 0 0 0 0 55582.10868 106706.1567 132973.5583 139207.6928 144041.437 144770.7689 145697.3741 147056.4438 145777.6656 132665.1892 109413.4899 55265.39695 0 0 0 0 0 0 0 0 0 0 0 0 0 0 
0 0 0 0 0 0 0 0 0 0 0 0 0 0 0 0 0 46276.29545 71837.68671 81168.44481 83162.35456 72888.82977 47153.05544 0 0 0 0 0 0 0 0 0 0 0 0 0 0 0 0 0 
0 0 0 0 0 0 0 0 0 0 0 0 0 0 0 0 0 0 0 0 0 0 0 0 0 0 0 0 0 0 0 0 0 0 0 0 0 0 0 0 
0 0 0 0 0 0 0 0 0 0 0 0 0 0 0 0 0 0 0 0 0 0 0 0 0 0 0 0 0 0 0 0 0 0 0 0 0 0 0 0 
0 0 0 0 0 0 0 0 0 0 0 0 0 0 0 0 0 0 0 0 0 0 0 0 0 0 0 0 0 0 0 0 0 0 0 0 0 0 0 0 
0 0 0 0 0 0 0 0 0 0 0 0 0 0 0 0 0 0 0 0 0 0 0 0 0 0 0 0 0 0 0 0 0 0 0 0 0 0 0 0 
0 0 0 0 0 0 0 0 0 0 0 0 0 0 0 0 0 0 0 0 0 0 0 0 0 0 0 0 0 0 0 0 0 0 0 0 0 0 0 0 
0 0 0 0 0 0 0 0 0 0 0 0 0 0 0 0 0 0 0 0 0 0 0 0 0 0 0 0 0 0 0 0 0 0 0 0 0 0 0 0 
# Events [psd_source/PSD_source.dat] N:
0 0 0 0 0 0 0 0 0 0 0 0 0 0 0 0 0 0 0 0 0 0 0 0 0 0 0 0 0 0 0 0 0 0 0 0 0 0 0 0 
0 0 0 0 0 0 0 0 0 0 0 0 0 0 0 0 0 0 0 0 0 0 0 0 0 0 0 0 0 0 0 0 0 0 0 0 0 0 0 0 
0 0 0 0 0 0 0 0 0 0 0 0 0 0 0 0 0 0 0 0 0 0 0 0 0 0 0 0 0 0 0 0 0 0 0 0 0 0 0 0 
0 0 0 0 0 0 0 0 0 0 0 0 0 0 0 0 0 0 0 0 0 0 0 0 0 0 0 0 0 0 0 0 0 0 0 0 0 0 0 0 
0 0 0 0 0 0 0 0 0 0 0 0 0 0 0 0 0 0 0 0 0 0 0 0 0 0 0 0 0 0 0 0 0 0 0 0 0 0 0 0 
0 0 0 0 0 0 0 0 0 0 0 0 0 0 0 0 0 0 0 0 0 0 0 0 0 0 0 0 0 0 0 0 0 0 0 0 0 0 0 0 
0 0 0 0 0 0 0 0 0 0 0 0 0 0 0 0 0 174 450 579 557 431 166 0 0 0 0 0 0 0 0 0 0 0 0 0 0 0 0 0 
0 0 0 0 0 0 0 0 0 0 0 0 0 0 271 981 1499 1822 1851 1809 1729 1786 1733 1564 1010 234 0 0 0 0 0 0 0 0 0 0 0 0 0 0 
0 0 0 0 0 0 0 0 0 0 0 0 182 1103 1719 1798 1742 1721 1853 1805 1815 1752 1796 1802 1825 1815 1180 166 0 0 0 0 0 0 0 0 0 0 0 0 
0 0 0 0 0 0 0 0 0 0 0 513 1601 1779 1751 1772 1870 1821 1726 1761 1796 1782 1820 1707 1715 1816 1895 1718 503 0 0 0 0 0 0 0 0 0 0 0 
0 0 0 0 0 0 0 0 0 0 698 1774 1835 1862 1841 1817 1887 1819 1807 1848 1828 1839 1790 1764 1801 1697 1792 1768 1768 669 0 0 0 0 0 0 0 0 0 0 
0 0 0 0 0 0 0 0 0 530 1843 1778 1770 1772 1766 1811 1800 1780 1807 1863 1851 1766 1792 1766 1829 1811 1800 1765 1903 1810 510 0 0 0 0 0 0 0 0 0 
0 0 0 0 0 0 0 0 174 1631 1770 1893 1885 1825 1868 1733 1758 1744 1816 1780 1724 1730 1801 1731 1770 1850 1758 1805 1817 1777 1667 175 0 0 0 0 0 0 0 0 
0 0 0 0 0 0 0 0 1103 1848 1826 1874 1856 1807 1750 1808 1717 1737 1790 1829 1771 1797 1769 1872 1818 1753 1833 1816 1757 1811 1701 1193 0 0 0 0 0 0 0 0 
0 0 0 0 0 0 0 258 1741 1772 1854 1835 1790 1724 1769 1757 1661 1724 1778 1814 1830 1781 1787 1733 1769 1842 1824 1798 1682 1866 1811 1807 279 0 0 0 0 0 0 0 
0 0 0 0 0 0 0 983 1805 1834 1846 1812 1786 1845 1783 1799 1769 1802 1818 1790 1754 1795 1714 1785 1669 1786 1735 1824 1879 1699 1813 1779 992 0 0 0 0 0 0 0 
0 0 0 0 0 0 0 1516 1781 1734 1780 1807 1792 1812 1790 1790 1778 1846 1755 1818 1781 1722 1794 1691 1811 1774 1795 1755 1748 1852 1848 1763 1460 0 0 0 0 0 0 0 
0 0 0 0 0 0 175 1808 1799 1789 1762 1791 1796 1765 1806 1711 1703 1826 1763 1825 1776 1795 1693 1793 1789 1804 1744 1829 1759 1834 1876 1861 1717 160 0 0 0 0 0 0 
0 0 0 0 0 0 416 1792 1860 1782 1832 1813 1785 1765 1735 1833 1817 1815 1822 1759 1761 1769 1812 1748 1751 1748 1709 1724 1744 1726 1776 1879 1854 433 0 0 0 0 0 0 
0 0 0 0 0 0 576 1885 1804 1731 1790 1716 1783 1758 1768 1779 1779 1781 1812 1735 1817 1821 1723 1731 1770 1817 1800 1782 1780 1761 1843 1788 1770 574 0 0 0 0 0 0 
0 0 0 0 0 0 606 1755 1769 1779 1867 1812 1776 1785 1705 1794 1854 1795 1780 1766 1825 1845 1693 1773 1800 1789 1875 1799 1749 1911 1773 1818 1828 574 0 0 0 0 0 0 
0 0 0 0 0 0 415 1797 1813 1736 1853 1738 1774 1793 1740 1854 1804 1698 1770 1683 1818 1716 1800 1867 1783 1845 1789 1781 1855 1833 1792 1786 1878 441 0 0 0 0 0 0 
0 0 0 0 0 0 158 1769 1780 1812 1732 1832 1710 1661 1830 1772 1871 1747 1711 1779 1820 1780 1882 1766 1786 1751 1771 1754 1800 1839 1760 1766 1766 161 0 0 0 0 0 0 
0 0 0 0 0 0 0 1603 1808 1795 1767 1725 1845 1774 1805 1780 1720 1752 1755 1796 1777 1747 1787 1834 1735 1777 1757 1838 1764 1771 1835 1812 1574 0 0 0 0 0 0 0 
0 0 0 0 0 0 0 991 1754 1878 1806 1769 1745 1783 1754 1811 1806 1730 1843 1797 1841 1761 1765 1851 1869 1755 1874 1796 1748 1770 1780 1754 1030 0 0 0 0 0 0 0 
0 0 0 0 0 0 0 255 1862 1827 1845 1782 1755 1806 1787 1815 1757 1852 1772 1793 1802 1767 1808 1807 1751 1801 1787 1780 1815 1712 1854 1833 261 0 0 0 0 0 0 0 
0 0 0 0 0 0 0 0 1092 1841 1705 1813 1784 1733 1767 1830 1766 1742 1827 1757 1775 1818 1779 1801 1744 1848 1797 1776 1754 1781 1724 1166 0 0 0 0 0 0 0 0 
0 0 0 0 0 0 0 0 155 1683 1846 1816 1813 1795 1798 1757 1787 1796 1770 1865 1798 1841 1757 1795 1764 1746 1839 1793 1899 1825 1665 148 0 0 0 0 0 0 0 0 
0 0 0 0 0 0 0 0 0 440 1801 1769 1844 1776 1797 1775 1816 1801 1814 1763 1756 1837 1849 1728 1812 1895 1844 1837 1707 1770 476 0 0 0 0 0 0 0 0 0 
0 0 0 0 0 0 0 0 0 0 657 1711 1731 1775 1751 1811 1831 1788 1812 1828 1823 1756 1780 1805 1767 1809 1842 1739 1780 626 0 0 0 0 0 0 0 0 0 0 
0 0 0 0 0 0 0 0 0 0 0 512 1684 1793 1774 1762 1833 1763 1806 1812 1767 1841 1774 1892 1802 1691 1748 1686 487 0 0 0 0 0 0 0 0 0 0 0 
0 0 0 0 0 0 0 0 0 0 0 0 188 1119 1743 1738 1793 1768 1808 1729 1776 1805 1822 1845 1770 1799 1075 177 0 0 0 0 0 0 0 0 0 0 0 0 
0 0 0 0 0 0 0 0 0 0 0 0 0 0 264 973 1511 1656 1773 1791 1814 1848 1816 1504 1023 261 0 0 0 0 0 0 0 0 0 0 0 0 0 0 
0 0 0 0 0 0 0 0 0 0 0 0 0 0 0 0 0 183 441 563 591 454 190 0 0 0 0 0 0 0 0 0 0 0 0 0 0 0 0 0 
0 0 0 0 0 0 0 0 0 0 0 0 0 0 0 0 0 0 0 0 0 0 0 0 0 0 0 0 0 0 0 0 0 0 0 0 0 0 0 0 
0 0 0 0 0 0 0 0 0 0 0 0 0 0 0 0 0 0 0 0 0 0 0 0 0 0 0 0 0 0 0 0 0 0 0 0 0 0 0 0 
0 0 0 0 0 0 0 0 0 0 0 0 0 0 0 0 0 0 0 0 0 0 0 0 0 0 0 0 0 0 0 0 0 0 0 0 0 0 0 0 
0 0 0 0 0 0 0 0 0 0 0 0 0 0 0 0 0 0 0 0 0 0 0 0 0 0 0 0 0 0 0 0 0 0 0 0 0 0 0 0 
0 0 0 0 0 0 0 0 0 0 0 0 0 0 0 0 0 0 0 0 0 0 0 0 0 0 0 0 0 0 0 0 0 0 0 0 0 0 0 0 
0 0 0 0 0 0 0 0 0 0 0 0 0 0 0 0 0 0 0 0 0 0 0 0 0 0 0 0 0 0 0 0 0 0 0 0 0 0 0 0 
