# Format: McCode with text headers
# URL: http://www.mccode.org
# Creator: McStas 2.5 - Dec. 12, 2018
# Instrument: ESS_HEIMDAL.instr
# Ncount: 25000
# Trace: no
# Gravitation: no
# Seed: 1565850540
# Directory: TemperatureScan/13
# Nodes: 4
# Param: lmax=4
# Param: lmin=0.5
# Param: T=270
# Param: tau=0
# Param: use_CoFe2O4=1
# Param: use_CoFe=1
# Param: use_magn=1
# Date: Wed Aug 14 12:13:42 2019 (1565777622)
# type: array_2d(40, 40)
# Source: ESS_HEIMDAL (ESS_HEIMDAL.instr)
# component: psd_source
# position: 0 0 0.01
# title: PSD monitor
# Ncount: 100000
# filename: PSD_source.dat
# statistics: X0=-0.0084975; dX=5.01121; Y0=-0.0063525; dY=4.99746;
# signal: Min=0; Max=7.79952e+06; Mean=2.13803e+06;
# values: 3.42084e+09 1.08177e+07 100000
# xvar: X 
# yvar: Y 
# xlabel: X position [cm]
# ylabel: Y position [cm]
# zvar: I
# zlabel: Signal per bin
# xylimits: -15 15 -15 15
# variables: I I_err N
# Data [psd_source/PSD_source.dat] I:
0 0 0 0 0 0 0 0 0 0 0 0 0 0 0 0 0 0 0 0 0 0 0 0 0 0 0 0 0 0 0 0 0 0 0 0 0 0 0 0 
0 0 0 0 0 0 0 0 0 0 0 0 0 0 0 0 0 0 0 0 0 0 0 0 0 0 0 0 0 0 0 0 0 0 0 0 0 0 0 0 
0 0 0 0 0 0 0 0 0 0 0 0 0 0 0 0 0 0 0 0 0 0 0 0 0 0 0 0 0 0 0 0 0 0 0 0 0 0 0 0 
0 0 0 0 0 0 0 0 0 0 0 0 0 0 0 0 0 0 0 0 0 0 0 0 0 0 0 0 0 0 0 0 0 0 0 0 0 0 0 0 
0 0 0 0 0 0 0 0 0 0 0 0 0 0 0 0 0 0 0 0 0 0 0 0 0 0 0 0 0 0 0 0 0 0 0 0 0 0 0 0 
0 0 0 0 0 0 0 0 0 0 0 0 0 0 0 0 0 0 0 0 0 0 0 0 0 0 0 0 0 0 0 0 0 0 0 0 0 0 0 0 
0 0 0 0 0 0 0 0 0 0 0 0 0 0 0 0 0 444709.4477 1573587.551 1984088.313 1607795.886 1470962.212 649960.113 0 0 0 0 0 0 0 0 0 0 0 0 0 0 0 0 0 
0 0 0 0 0 0 0 0 0 0 0 0 0 0 718376.8726 3523467.507 5131263.635 6739059.45 5541764.954 5781223.807 6054891.253 5918057.747 5918057.412 4960221.391 2770882.268 957835.91 0 0 0 0 0 0 0 0 0 0 0 0 0 0 
0 0 0 0 0 0 0 0 0 0 0 0 547334.7556 3626092.759 5918057.459 5678598.679 5781224.193 5918058.054 5918058.206 5575973.94 5610182.396 6225934.226 6123308.354 5644390.366 5986474.423 5986474.337 3899760.031 821002.0793 0 0 0 0 0 0 0 0 0 0 0 0 
0 0 0 0 0 0 0 0 0 0 0 1710421.11 5199680.31 7354811.498 6431184.627 6020683.636 6089100.608 5781224.942 5918058.953 5918059.096 6807478.31 5815433.479 6602227.307 6807477.507 5678599.308 5918058.211 6191724.989 6328558.393 1778837.922 0 0 0 0 0 0 0 0 0 0 0 
0 0 0 0 0 0 0 0 0 0 1881463.175 6875893.325 6328558.881 5541765.556 6089100.692 5541766.165 6260143.304 6089101.593 6978520.983 6054893.313 5610183.923 5986476.322 6020684.632 5473349.537 5883850.557 6191726.205 6020683.38 6670643.39 6328558.499 1744629.69 0 0 0 0 0 0 0 0 0 0 
0 0 0 0 0 0 0 0 0 2018296.943 6499600.702 6260142.185 5165472.923 5883850.341 7046937.408 5883851.223 6260144.019 6602228.82 6533811.824 5849643.24 6054893.764 5815434.652 4926015.278 5404933.223 6328560.772 6739061.515 5952267.201 6636435.505 5610182.128 5849640.581 1984088.371 0 0 0 0 0 0 0 0 0 
0 0 0 0 0 0 0 0 752585.2997 6020682.642 6225933.713 6328559.626 6328560.008 7081146.26 5883851.213 6396978.091 6704854.117 6396978.557 5849643.55 5883852 6944313.805 5815434.862 5473350.6 6328561.425 5610184.12 6533811.572 5370724.379 7012728.78 6294351.314 7012727.684 6396975.204 649960.0082 0 0 0 0 0 0 0 0 
0 0 0 0 0 0 0 0 4378678.07 6841685.153 6362767.745 6294351.603 6431185.922 5849642.843 6636437.308 6260144.735 5678601.526 6773271.958 5986477.775 5165475.177 5883852.465 5986477.814 6294353.7 6362770.43 5952268.747 5849643.248 6123310.261 6773270.142 5747016.563 6670643.809 6841685.026 3728718.028 0 0 0 0 0 0 0 0 
0 0 0 0 0 0 0 752585.2925 6157516.269 6225933.871 6499601.982 6362768.822 6260143.894 5131266.031 5815435.214 5644393.193 6465395.96 6841689.109 6396979.574 6533813.288 6294354.117 6260145.68 6773272.188 6773272.091 6499604.41 7320606.511 5986476.872 5781225.882 6533810.83 5883850.234 6396976.086 6089099.574 923627.4006 0 0 0 0 0 0 0 
0 0 0 0 0 0 0 3318216.999 5952266.05 6602226.929 5507557.711 6875895.605 7286397.495 7252189.607 7423232.121 6533812.97 5883852.741 6123312.143 5644393.957 6020686.961 5781227.89 5815436.3 6431188.227 6225937.201 6225937.012 6396978.904 5165474.617 6294352.717 6191726.965 6089101.173 5712807.69 6328558.775 3557675.951 0 0 0 0 0 0 0 
0 0 0 0 0 0 0 5028638.267 6465392.816 5918058.55 5507557.978 5849642.761 6054893.912 5918060.508 5678601.823 6089103.473 6294354.425 5575977.16 5233892.764 6191729.364 5712811.167 6431188.458 6602230.558 6020686.783 7149565.303 5404934.231 6020685.887 5849643.263 6020684.985 6568019.45 6157517.565 5747015.739 4857596.112 0 0 0 0 0 0 0 
0 0 0 0 0 0 547334.7477 5439139.459 5610182.235 6054892.487 6396977.424 6533811.733 5986477.21 4994432.765 5644393.529 5439143.182 6841689.787 6499605.532 6396980.264 6089104.262 6533814.176 6431188.767 5918061.834 6362771.477 6225937.45 6225937.126 5644393.175 6123310.967 6157518.947 6054893.094 5610182.864 6875894.09 6123307.974 752585.2902 0 0 0 0 0 0 
0 0 0 0 0 0 1539379.034 6807476.61 6191725.658 5507557.702 6328560.757 6225935.962 5541767.671 6225936.853 5062850.108 5918061.588 6225937.791 5302309.798 6089104.362 6670648.051 5952270.61 5507560.654 6089104.208 5849644.874 6157520.659 6123311.909 6533812.866 7012730.644 6602228.757 6123310.085 5815433.603 6396976.209 6020682.724 1299920.064 0 0 0 0 0 0 
0 0 0 0 0 0 1915671.647 5610181.718 6431184.638 5815433.624 5678600.494 5952268.456 6020685.874 5404934.282 5849644.442 7149565.701 5610185.771 6294354.956 6841690.328 5233893.157 6157521.373 6089104.379 5473352.138 6362771.692 6054895.392 5439143.059 5678601.865 6362770.284 6499603.588 5952268.034 6431185.4 5473348.727 5575973.366 2189339.042 0 0 0 0 0 0 
0 0 0 0 0 0 2052505.322 6670642.905 6157517.287 6054892.665 6328560.813 6465395.075 6602229.384 5507559.596 6225937.288 6020686.968 7183774.495 6568022.54 5986479.047 6739065.028 6499605.854 5712811.432 6362771.884 6362771.668 6294354.511 6568021.81 6328562.301 5541767.643 5678601.002 6978521.057 5473349.296 5131264.37 5302305.967 1778837.938 0 0 0 0 0 0 
0 0 0 0 0 0 1197294.774 6054891.244 6328559.344 5678599.838 6020684.784 6670645.632 6533812.404 5268100.473 6328562.61 6499605.154 5747019.524 6875898.538 6602231.065 6636439.633 6123312.843 6157521.19 6636439.418 6568022.304 5747019.327 5747019.004 6020686.248 6123311.146 6499603.517 6225935.301 5541766.116 6704852.102 7183769.189 1265711.626 0 0 0 0 0 0 
0 0 0 0 0 0 410501.056 6431183.71 5507556.933 5199681.684 7012729.265 6260144.247 6568020.688 6020686.121 6431187.821 5644393.815 6362771.518 6260146.288 5233892.946 6328563.502 6568022.542 6328563.33 5268101.32 6157520.745 6054895.167 5883852.695 5165475.013 5302308.401 5747017.699 6431185.891 7012728.665 6294350.865 5507556.399 855210.5561 0 0 0 0 0 0 
0 0 0 0 0 0 0 5644389.83 7081144.464 6020683.882 6670644.657 5541766.839 5644392.65 5952269.049 6123311.515 5473351.375 6157520.677 5849644.684 6739064.602 6807481.471 6260146.293 6910106.754 6533813.807 5781227.733 6670647.043 5918060.953 5370725.58 6636437.415 6089101.811 5986476.095 5233890.008 6123308.477 6089099.376 0 0 0 0 0 0 0 
0 0 0 0 0 0 0 3523467.641 5952266.063 6636435.418 6020684.176 5644391.874 6807479.353 5986477.079 5439142.507 6396979.215 6636438.582 6191728.913 6123312.27 5781227.878 6704855.882 6191729.2 5781227.537 5678602.178 6465396.125 6054894.37 5575976.001 5883851.47 6260143.914 6020684.202 6328559.563 6123308.237 2770882.219 0 0 0 0 0 0 0 
0 0 0 0 0 0 0 889418.9546 7799520.662 6807477.142 6089100.693 5302307.442 6225935.538 5815434.711 5986477.384 6054894.599 6054894.803 5610185.241 6602230.176 6396979.509 6328562.661 5644393.709 5781227.426 6362770.855 5610184.693 5541767.545 5199682.749 5883851.197 6739061.69 6123309.208 6260142.367 5883849.049 1197294.802 0 0 0 0 0 0 0 
0 0 0 0 0 0 0 0 3420842.223 6396975.483 6260142.621 6191726.303 6089101.298 5747017.419 6533811.94 5952268.679 6362770.328 5610184.724 6636438.27 5712810.373 5918060.957 5712810.291 5575976.242 5952269.117 5712809.812 5849643.008 5747017.52 5610183.502 6602227.585 6465393.135 6568017.82 3865551.731 0 0 0 0 0 0 0 0 
0 0 0 0 0 0 0 0 513126.3507 5747015.204 6260142.113 6636435.582 5712808.315 6225935.271 6533811.541 5747017.855 6328561.543 6089102.484 5747018.284 6157519.589 6739063.091 5507559.186 6225936.399 6191727.707 6704853.903 6191727.163 5473349.678 6123309.52 6157517.409 6225933.667 5575973.146 478917.8596 0 0 0 0 0 0 0 0 
0 0 0 0 0 0 0 0 0 1642004.211 5678598.554 5541765.009 6602227.021 6875894.716 5815434.038 6157518.38 6157518.69 5918059.949 6123310.737 5439141.793 6431186.669 5439141.667 6431186.424 6362769.526 6225935.349 6123309.812 5815433.647 6191725.543 6294350.701 5986474.238 1847254.8 0 0 0 0 0 0 0 0 0 
0 0 0 0 0 0 0 0 0 0 1915671.774 5541764.801 5268097.796 6089100.235 5541765.965 6807478.05 7183771.203 5575974.95 5815434.032 6978520.893 7081146.365 5883851.085 6602228.378 6328560.309 5918059.075 6396976.597 6875894.207 5952266.242 5883848.941 2120922.163 0 0 0 0 0 0 0 0 0 0 
0 0 0 0 0 0 0 0 0 0 0 1334128.261 5507556.295 6260142.003 6602226.714 6396976.459 5678599.32 6499602.326 6568019.3 6294351.577 7012728.971 5541765.995 6054892.31 6362768.092 6362767.996 6260142.277 6396975.579 5233888.803 1881463.177 0 0 0 0 0 0 0 0 0 0 0 
0 0 0 0 0 0 0 0 0 0 0 0 547334.7465 3762926.601 6260141.67 5644390.232 5575973.712 5575973.897 5781224.302 6020683.459 5781224.622 6739060.447 5849641.109 6944310.879 6499600.686 5370722.675 3489259.214 444709.5014 0 0 0 0 0 0 0 0 0 0 0 0 
0 0 0 0 0 0 0 0 0 0 0 0 0 0 1026252.675 3591884.22 5028638.244 6978518.807 5644390.11 6225933.521 5507556.382 6225933.493 5404931.154 5575972.968 3112966.655 1128878.046 0 0 0 0 0 0 0 0 0 0 0 0 0 0 
0 0 0 0 0 0 0 0 0 0 0 0 0 0 0 0 0 444709.5049 992044.2883 1813046.655 1881463.182 1676212.682 923627.5247 0 0 0 0 0 0 0 0 0 0 0 0 0 0 0 0 0 
0 0 0 0 0 0 0 0 0 0 0 0 0 0 0 0 0 0 0 0 0 0 0 0 0 0 0 0 0 0 0 0 0 0 0 0 0 0 0 0 
0 0 0 0 0 0 0 0 0 0 0 0 0 0 0 0 0 0 0 0 0 0 0 0 0 0 0 0 0 0 0 0 0 0 0 0 0 0 0 0 
0 0 0 0 0 0 0 0 0 0 0 0 0 0 0 0 0 0 0 0 0 0 0 0 0 0 0 0 0 0 0 0 0 0 0 0 0 0 0 0 
0 0 0 0 0 0 0 0 0 0 0 0 0 0 0 0 0 0 0 0 0 0 0 0 0 0 0 0 0 0 0 0 0 0 0 0 0 0 0 0 
0 0 0 0 0 0 0 0 0 0 0 0 0 0 0 0 0 0 0 0 0 0 0 0 0 0 0 0 0 0 0 0 0 0 0 0 0 0 0 0 
0 0 0 0 0 0 0 0 0 0 0 0 0 0 0 0 0 0 0 0 0 0 0 0 0 0 0 0 0 0 0 0 0 0 0 0 0 0 0 0 
# Errors [psd_source/PSD_source.dat] I_err:
0 0 0 0 0 0 0 0 0 0 0 0 0 0 0 0 0 0 0 0 0 0 0 0 0 0 0 0 0 0 0 0 0 0 0 0 0 0 0 0 
0 0 0 0 0 0 0 0 0 0 0 0 0 0 0 0 0 0 0 0 0 0 0 0 0 0 0 0 0 0 0 0 0 0 0 0 0 0 0 0 
0 0 0 0 0 0 0 0 0 0 0 0 0 0 0 0 0 0 0 0 0 0 0 0 0 0 0 0 0 0 0 0 0 0 0 0 0 0 0 0 
0 0 0 0 0 0 0 0 0 0 0 0 0 0 0 0 0 0 0 0 0 0 0 0 0 0 0 0 0 0 0 0 0 0 0 0 0 0 0 0 
0 0 0 0 0 0 0 0 0 0 0 0 0 0 0 0 0 0 0 0 0 0 0 0 0 0 0 0 0 0 0 0 0 0 0 0 0 0 0 0 
0 0 0 0 0 0 0 0 0 0 0 0 0 0 0 0 0 0 0 0 0 0 0 0 0 0 0 0 0 0 0 0 0 0 0 0 0 0 0 0 
0 0 0 0 0 0 0 0 0 0 0 0 0 0 0 0 0 123340.2089 232012.8266 260523.5589 234521.1333 224319.6343 149111.0763 0 0 0 0 0 0 0 0 0 0 0 0 0 0 0 0 0 
0 0 0 0 0 0 0 0 0 0 0 0 0 0 156762.6855 347177.5696 418965.9214 480138.1055 435402.1754 444709.5236 455113.496 449941.5987 449941.5732 411923.9656 307875.8075 181013.9725 0 0 0 0 0 0 0 0 0 0 0 0 0 0 
0 0 0 0 0 0 0 0 0 0 0 0 136833.6889 352197.2632 449941.5767 440744.735 444709.5533 449941.622 449941.6335 436743.9857 438081.6448 461496.949 457677.5547 439415.194 452534.9301 452534.9236 365245.9914 167586.3477 0 0 0 0 0 0 0 0 0 0 0 0 
0 0 0 0 0 0 0 0 0 0 0 241890.0732 421749.7646 501593.981 469042.3455 453826.1046 456397.3863 444709.6109 449941.6903 449941.7012 482569.3427 446023.3874 475238.7205 482569.2858 440744.7838 449941.6339 460227.294 465284.8667 246680.4362 0 0 0 0 0 0 0 0 0 0 0 
0 0 0 0 0 0 0 0 0 0 253696.4427 484988.1212 465284.9026 435402.2227 456397.3926 435402.2706 462763.1089 456397.4602 488594.1975 455113.6509 438081.7641 452535.0736 453826.1796 432706.2742 448639.399 460227.3843 453826.0853 477694.6951 465284.8745 244297.0208 0 0 0 0 0 0 0 0 0 0 
0 0 0 0 0 0 0 0 0 262759.8811 471530.5944 462763.0262 420360.2249 448639.3826 490983.3942 448639.4498 462763.1618 475238.8295 472770.0312 447333.3989 455113.6847 446023.4773 410501.2732 429993.3996 465285.0416 480138.2526 451240.212 476468.3015 438081.6239 447333.1956 260523.5665 0 0 0 0 0 0 0 0 0 
0 0 0 0 0 0 0 0 160451.725 453826.0297 461496.911 465284.9574 465284.9855 492173.6877 448639.449 467793.3676 478918.1512 467793.4017 447333.4226 448639.509 487395.2798 446023.4934 432706.3582 465285.0897 438081.7794 472770.0129 428630.4687 489790.2236 464025.7353 489790.147 467793.1565 149111.0523 0 0 0 0 0 0 0 0 
0 0 0 0 0 0 0 0 387024.1195 483780.1967 466540.7667 464025.7566 469042.4399 447333.3686 476468.431 462763.2148 440744.9559 481355.4778 452535.1835 420360.4083 448639.5444 452535.1864 464025.9111 466540.9636 451240.3292 447333.3996 457677.6973 481355.3488 443391.9539 477694.7251 483780.1877 357146.4137 0 0 0 0 0 0 0 0 
0 0 0 0 0 0 0 160451.7235 458954.165 461496.9228 471530.6873 466540.8456 462763.1526 418966.117 446023.5204 439415.4141 470288.3553 483780.4764 467793.476 472770.1371 464025.9419 462763.2846 481355.4942 481355.4873 471530.8634 500426.3588 452535.1152 444709.6833 472769.9593 448639.3744 467793.2209 456397.3088 177752.1761 0 0 0 0 0 0 0 
0 0 0 0 0 0 0 336913.8905 451240.1247 475238.6934 434056.3545 484988.282 499255.7299 498082.4271 503921.8318 472770.1141 448639.5655 457677.838 439415.4736 453826.3552 444709.8377 446023.6037 469042.608 461497.1696 461497.1555 467793.427 420360.3628 464025.8387 460227.4408 456397.4287 442070.3314 465284.8949 348858.8288 0 0 0 0 0 0 0 
0 0 0 0 0 0 0 414755.0939 470288.1266 449941.6597 434056.3756 447333.3623 455113.6959 449941.8085 440744.979 456397.6011 464025.9646 436744.238 423135.151 460227.6192 442070.6004 469042.6249 475238.9546 453826.3418 494545.7731 429993.4798 453826.2743 447333.4007 453826.2062 474005.9747 458954.2616 443391.8904 407640.4104 0 0 0 0 0 0 0 
0 0 0 0 0 0 136833.6869 431351.8173 438081.6322 455113.5888 467793.3188 472770.0246 452535.1408 413342.1967 439415.4403 431352.1125 483780.5243 471530.9449 467793.5265 456397.6602 472770.2014 469042.6474 449941.9094 466541.0403 461497.1881 461497.164 439415.4127 457677.75 458954.3646 455113.6344 438081.6813 484988.1752 457677.5263 160451.723 0 0 0 0 0 0 
0 0 0 0 0 0 229477.0775 482569.2223 460227.3437 434056.3538 465285.0405 461497.0778 435402.3889 461497.1438 416163.7153 449941.8906 461497.2133 425891.7718 456397.6677 477695.0289 451240.4704 434056.5864 456397.6562 447333.5239 458954.4922 457677.8205 472770.1066 489790.3538 475238.8249 457677.6841 446023.3969 467793.2299 453826.0358 210874.8802 0 0 0 0 0 0 
0 0 0 0 0 0 255992.3918 438081.5919 469042.3463 446023.3985 440744.8758 451240.3072 453826.2733 429993.4838 447333.4908 494545.8006 438081.9084 464026.0038 483780.5626 423135.1827 458954.5454 456397.669 432706.4798 466541.0561 455113.8071 431352.1028 440744.9823 466540.9529 471530.8038 451240.2752 469042.4019 432706.2102 436743.9408 273667.3802 0 0 0 0 0 0 
0 0 0 0 0 0 264977.2977 477694.6604 458954.2409 455113.6022 465285.0446 470288.2909 475238.8701 434056.503 461497.176 453826.3557 495727.5365 474006.1977 452535.2796 480138.5029 471530.9682 442070.6209 466541.0701 466541.0544 464025.9709 474006.145 465285.1541 435402.3866 440744.9153 488594.2026 432706.2551 418965.9814 425891.464 246680.4384 0 0 0 0 0 0 
0 0 0 0 0 0 202379.7545 455113.4953 465284.9367 440744.8249 453826.1911 477694.8556 472770.0731 424515.6338 465285.1768 471530.9174 443392.1824 484988.4889 475238.991 476468.5978 457677.8903 458954.5318 476468.5825 474006.1806 443392.1672 443392.1423 453826.3015 457677.7634 471530.7987 461497.0287 435402.2667 478918.0073 495727.1704 208081.7095 0 0 0 0 0 0 
0 0 0 0 0 0 118501.4476 469042.2786 434056.2932 421749.8761 489790.2575 462763.1786 474006.0641 453826.2919 469042.5784 439415.4626 466541.0433 462763.3295 423135.1657 465285.2423 474006.1978 465285.2297 424515.7021 458954.4986 455113.7902 448639.562 420360.395 425891.6595 443392.0417 469042.4377 489790.2156 464025.7021 434056.2511 171042.1112 0 0 0 0 0 0 
0 0 0 0 0 0 0 439415.1523 492173.5629 453826.1231 477694.7858 435402.3235 439415.3719 451240.3521 457677.791 432706.4195 458954.4935 447333.5094 480138.4726 482569.5668 462763.3299 486193.4146 472770.1746 444709.8256 477694.9567 449941.8423 428630.5646 476468.4386 456397.4765 452535.0565 423134.9281 457677.564 456397.294 0 0 0 0 0 0 0 
0 0 0 0 0 0 0 347177.5827 451240.1257 476468.2953 453826.1453 439415.3114 482569.4167 452535.1309 431352.059 467793.4497 476468.5224 460227.5856 457677.8474 444709.8368 478918.2773 460227.6069 444709.8105 440745.0066 470288.3673 455113.7303 436744.1472 448639.4686 462763.1541 453826.1473 465284.9527 457677.546 307875.8021 0 0 0 0 0 0 0 
0 0 0 0 0 0 0 174429.4079 516535.8743 482569.26 456397.3927 425891.5825 461497.0463 446023.4818 452535.1539 455113.7476 455113.7629 438081.867 475238.9271 467793.4713 465285.1805 439415.4543 444709.802 466540.9947 438081.8242 435402.379 421749.9625 448639.4478 480138.2651 457677.6186 462763.0397 448639.284 202379.7593 0 0 0 0 0 0 0 
0 0 0 0 0 0 0 0 342084.2223 467793.1768 462763.0584 460227.3916 456397.438 443392.02 472770.0396 451240.324 466540.9561 438081.8266 476468.5 442070.539 449941.8427 442070.5327 436744.166 451240.3573 442070.4955 447333.3812 443392.0278 438081.7312 475238.7406 470288.1498 474005.857 363640.5182 0 0 0 0 0 0 0 0 
0 0 0 0 0 0 0 0 132488.654 443391.8492 462763.0209 476468.3071 442070.3797 461497.0265 472770.0107 443392.0537 465285.0983 456397.5269 443392.0868 458954.4125 480138.3649 434056.4707 461497.1102 460227.4959 478918.1359 460227.4555 432706.2854 457677.6419 458954.25 461496.9076 436743.9235 127996.1819 0 0 0 0 0 0 0 0 
0 0 0 0 0 0 0 0 0 237002.8933 440744.7253 435402.1798 475238.7 484988.2193 446023.4302 458954.3224 458954.3455 449941.7661 457677.7329 431352.0024 469042.4944 431351.9924 469042.4765 466540.8973 461497.0323 457677.6637 446023.4002 460227.3351 464025.69 452534.9161 251379.5381 0 0 0 0 0 0 0 0 0 
0 0 0 0 0 0 0 0 0 0 255992.4086 435402.1634 424515.418 456397.3584 435402.2548 482569.3243 495727.3093 436744.0648 446023.4297 488594.1911 492173.6951 448639.4393 475238.7977 465285.0076 449941.6996 467793.2583 484988.1834 451240.1393 448639.2758 269357.3841 0 0 0 0 0 0 0 0 0 0 
0 0 0 0 0 0 0 0 0 0 0 213631.4954 434056.2429 462763.0127 475238.6779 467793.2482 440744.7847 471530.7122 474005.9639 464025.7546 489790.2369 435402.2572 455113.5755 466540.7922 466540.7851 462763.0331 467793.1839 423134.8308 253696.443 0 0 0 0 0 0 0 0 0 0 0 
0 0 0 0 0 0 0 0 0 0 0 0 136833.6866 358780.974 462762.9882 439415.1836 436743.9679 436743.9824 444709.5617 453826.0912 444709.5863 480138.1766 447333.236 487395.0744 471530.5933 428630.3327 345488.1437 123340.2239 0 0 0 0 0 0 0 0 0 0 0 0 
0 0 0 0 0 0 0 0 0 0 0 0 0 0 187367.2466 350532.0072 414755.0919 488594.0451 439415.1741 461496.8968 434056.2498 461496.8947 429993.235 436743.9096 326327.5741 196512.4441 0 0 0 0 0 0 0 0 0 0 0 0 0 0 
0 0 0 0 0 0 0 0 0 0 0 0 0 0 0 0 0 123340.2248 184217.9996 249041.1109 253696.4437 239458.9546 177752.2 0 0 0 0 0 0 0 0 0 0 0 0 0 0 0 0 0 
0 0 0 0 0 0 0 0 0 0 0 0 0 0 0 0 0 0 0 0 0 0 0 0 0 0 0 0 0 0 0 0 0 0 0 0 0 0 0 0 
0 0 0 0 0 0 0 0 0 0 0 0 0 0 0 0 0 0 0 0 0 0 0 0 0 0 0 0 0 0 0 0 0 0 0 0 0 0 0 0 
0 0 0 0 0 0 0 0 0 0 0 0 0 0 0 0 0 0 0 0 0 0 0 0 0 0 0 0 0 0 0 0 0 0 0 0 0 0 0 0 
0 0 0 0 0 0 0 0 0 0 0 0 0 0 0 0 0 0 0 0 0 0 0 0 0 0 0 0 0 0 0 0 0 0 0 0 0 0 0 0 
0 0 0 0 0 0 0 0 0 0 0 0 0 0 0 0 0 0 0 0 0 0 0 0 0 0 0 0 0 0 0 0 0 0 0 0 0 0 0 0 
0 0 0 0 0 0 0 0 0 0 0 0 0 0 0 0 0 0 0 0 0 0 0 0 0 0 0 0 0 0 0 0 0 0 0 0 0 0 0 0 
# Events [psd_source/PSD_source.dat] N:
0 0 0 0 0 0 0 0 0 0 0 0 0 0 0 0 0 0 0 0 0 0 0 0 0 0 0 0 0 0 0 0 0 0 0 0 0 0 0 0 
0 0 0 0 0 0 0 0 0 0 0 0 0 0 0 0 0 0 0 0 0 0 0 0 0 0 0 0 0 0 0 0 0 0 0 0 0 0 0 0 
0 0 0 0 0 0 0 0 0 0 0 0 0 0 0 0 0 0 0 0 0 0 0 0 0 0 0 0 0 0 0 0 0 0 0 0 0 0 0 0 
0 0 0 0 0 0 0 0 0 0 0 0 0 0 0 0 0 0 0 0 0 0 0 0 0 0 0 0 0 0 0 0 0 0 0 0 0 0 0 0 
0 0 0 0 0 0 0 0 0 0 0 0 0 0 0 0 0 0 0 0 0 0 0 0 0 0 0 0 0 0 0 0 0 0 0 0 0 0 0 0 
0 0 0 0 0 0 0 0 0 0 0 0 0 0 0 0 0 0 0 0 0 0 0 0 0 0 0 0 0 0 0 0 0 0 0 0 0 0 0 0 
0 0 0 0 0 0 0 0 0 0 0 0 0 0 0 0 0 13 46 58 47 43 19 0 0 0 0 0 0 0 0 0 0 0 0 0 0 0 0 0 
0 0 0 0 0 0 0 0 0 0 0 0 0 0 21 103 150 197 162 169 177 173 173 145 81 28 0 0 0 0 0 0 0 0 0 0 0 0 0 0 
0 0 0 0 0 0 0 0 0 0 0 0 16 106 173 166 169 173 173 163 164 182 179 165 175 175 114 24 0 0 0 0 0 0 0 0 0 0 0 0 
0 0 0 0 0 0 0 0 0 0 0 50 152 215 188 176 178 169 173 173 199 170 193 199 166 173 181 185 52 0 0 0 0 0 0 0 0 0 0 0 
0 0 0 0 0 0 0 0 0 0 55 201 185 162 178 162 183 178 204 177 164 175 176 160 172 181 176 195 185 51 0 0 0 0 0 0 0 0 0 0 
0 0 0 0 0 0 0 0 0 59 190 183 151 172 206 172 183 193 191 171 177 170 144 158 185 197 174 194 164 171 58 0 0 0 0 0 0 0 0 0 
0 0 0 0 0 0 0 0 22 176 182 185 185 207 172 187 196 187 171 172 203 170 160 185 164 191 157 205 184 205 187 19 0 0 0 0 0 0 0 0 
0 0 0 0 0 0 0 0 128 200 186 184 188 171 194 183 166 198 175 151 172 175 184 186 174 171 179 198 168 195 200 109 0 0 0 0 0 0 0 0 
0 0 0 0 0 0 0 22 180 182 190 186 183 150 170 165 189 200 187 191 184 183 198 198 190 214 175 169 191 172 187 178 27 0 0 0 0 0 0 0 
0 0 0 0 0 0 0 97 174 193 161 201 213 212 217 191 172 179 165 176 169 170 188 182 182 187 151 184 181 178 167 185 104 0 0 0 0 0 0 0 
0 0 0 0 0 0 0 147 189 173 161 171 177 173 166 178 184 163 153 181 167 188 193 176 209 158 176 171 176 192 180 168 142 0 0 0 0 0 0 0 
0 0 0 0 0 0 16 159 164 177 187 191 175 146 165 159 200 190 187 178 191 188 173 186 182 182 165 179 180 177 164 201 179 22 0 0 0 0 0 0 
0 0 0 0 0 0 45 199 181 161 185 182 162 182 148 173 182 155 178 195 174 161 178 171 180 179 191 205 193 179 170 187 176 38 0 0 0 0 0 0 
0 0 0 0 0 0 56 164 188 170 166 174 176 158 171 209 164 184 200 153 180 178 160 186 177 159 166 186 190 174 188 160 163 64 0 0 0 0 0 0 
0 0 0 0 0 0 60 195 180 177 185 189 193 161 182 176 210 192 175 197 190 167 186 186 184 192 185 162 166 204 160 150 155 52 0 0 0 0 0 0 
0 0 0 0 0 0 35 177 185 166 176 195 191 154 185 190 168 201 193 194 179 180 194 192 168 168 176 179 190 182 162 196 210 37 0 0 0 0 0 0 
0 0 0 0 0 0 12 188 161 152 205 183 192 176 188 165 186 183 153 185 192 185 154 180 177 172 151 155 168 188 205 184 161 25 0 0 0 0 0 0 
0 0 0 0 0 0 0 165 207 176 195 162 165 174 179 160 180 171 197 199 183 202 191 169 195 173 157 194 178 175 153 179 178 0 0 0 0 0 0 0 
0 0 0 0 0 0 0 103 174 194 176 165 199 175 159 187 194 181 179 169 196 181 169 166 189 177 163 172 183 176 185 179 81 0 0 0 0 0 0 0 
0 0 0 0 0 0 0 26 228 199 178 155 182 170 175 177 177 164 193 187 185 165 169 186 164 162 152 172 197 179 183 172 35 0 0 0 0 0 0 0 
0 0 0 0 0 0 0 0 100 187 183 181 178 168 191 174 186 164 194 167 173 167 163 174 167 171 168 164 193 189 192 113 0 0 0 0 0 0 0 0 
0 0 0 0 0 0 0 0 15 168 183 194 167 182 191 168 185 178 168 180 197 161 182 181 196 181 160 179 180 182 163 14 0 0 0 0 0 0 0 0 
0 0 0 0 0 0 0 0 0 48 166 162 193 201 170 180 180 173 179 159 188 159 188 186 182 179 170 181 184 175 54 0 0 0 0 0 0 0 0 0 
0 0 0 0 0 0 0 0 0 0 56 162 154 178 162 199 210 163 170 204 207 172 193 185 173 187 201 174 172 62 0 0 0 0 0 0 0 0 0 0 
0 0 0 0 0 0 0 0 0 0 0 39 161 183 193 187 166 190 192 184 205 162 177 186 186 183 187 153 55 0 0 0 0 0 0 0 0 0 0 0 
0 0 0 0 0 0 0 0 0 0 0 0 16 110 183 165 163 163 169 176 169 197 171 203 190 157 102 13 0 0 0 0 0 0 0 0 0 0 0 0 
0 0 0 0 0 0 0 0 0 0 0 0 0 0 30 105 147 204 165 182 161 182 158 163 91 33 0 0 0 0 0 0 0 0 0 0 0 0 0 0 
0 0 0 0 0 0 0 0 0 0 0 0 0 0 0 0 0 13 29 53 55 49 27 0 0 0 0 0 0 0 0 0 0 0 0 0 0 0 0 0 
0 0 0 0 0 0 0 0 0 0 0 0 0 0 0 0 0 0 0 0 0 0 0 0 0 0 0 0 0 0 0 0 0 0 0 0 0 0 0 0 
0 0 0 0 0 0 0 0 0 0 0 0 0 0 0 0 0 0 0 0 0 0 0 0 0 0 0 0 0 0 0 0 0 0 0 0 0 0 0 0 
0 0 0 0 0 0 0 0 0 0 0 0 0 0 0 0 0 0 0 0 0 0 0 0 0 0 0 0 0 0 0 0 0 0 0 0 0 0 0 0 
0 0 0 0 0 0 0 0 0 0 0 0 0 0 0 0 0 0 0 0 0 0 0 0 0 0 0 0 0 0 0 0 0 0 0 0 0 0 0 0 
0 0 0 0 0 0 0 0 0 0 0 0 0 0 0 0 0 0 0 0 0 0 0 0 0 0 0 0 0 0 0 0 0 0 0 0 0 0 0 0 
0 0 0 0 0 0 0 0 0 0 0 0 0 0 0 0 0 0 0 0 0 0 0 0 0 0 0 0 0 0 0 0 0 0 0 0 0 0 0 0 
