# Format: McCode with text headers
# URL: http://www.mccode.org
# Creator: McStas 2.5 - Dec. 12, 2018
# Instrument: ESS_HEIMDAL.instr
# Ncount: 25000
# Trace: no
# Gravitation: no
# Seed: 1565850419
# Directory: TemperatureScan/1
# Nodes: 4
# Param: lmax=4
# Param: lmin=0.5
# Param: T=30
# Param: tau=0
# Param: use_CoFe2O4=1
# Param: use_CoFe=1
# Param: use_magn=1
# Date: Wed Aug 14 12:13:14 2019 (1565777594)
# type: array_2d(40, 40)
# Source: ESS_HEIMDAL (ESS_HEIMDAL.instr)
# component: psd_source
# position: 0 0 0.01
# title: PSD monitor
# Ncount: 100000
# filename: PSD_source.dat
# statistics: X0=0.00872249; dX=5.01651; Y0=-0.00636; dY=4.99139;
# signal: Min=0; Max=7.56006e+06; Mean=2.13803e+06;
# values: 3.42084e+09 1.08177e+07 100000
# xvar: X 
# yvar: Y 
# xlabel: X position [cm]
# ylabel: Y position [cm]
# zvar: I
# zlabel: Signal per bin
# xylimits: -15 15 -15 15
# variables: I I_err N
# Data [psd_source/PSD_source.dat] I:
0 0 0 0 0 0 0 0 0 0 0 0 0 0 0 0 0 0 0 0 0 0 0 0 0 0 0 0 0 0 0 0 0 0 0 0 0 0 0 0 
0 0 0 0 0 0 0 0 0 0 0 0 0 0 0 0 0 0 0 0 0 0 0 0 0 0 0 0 0 0 0 0 0 0 0 0 0 0 0 0 
0 0 0 0 0 0 0 0 0 0 0 0 0 0 0 0 0 0 0 0 0 0 0 0 0 0 0 0 0 0 0 0 0 0 0 0 0 0 0 0 
0 0 0 0 0 0 0 0 0 0 0 0 0 0 0 0 0 0 0 0 0 0 0 0 0 0 0 0 0 0 0 0 0 0 0 0 0 0 0 0 
0 0 0 0 0 0 0 0 0 0 0 0 0 0 0 0 0 0 0 0 0 0 0 0 0 0 0 0 0 0 0 0 0 0 0 0 0 0 0 0 
0 0 0 0 0 0 0 0 0 0 0 0 0 0 0 0 0 0 0 0 0 0 0 0 0 0 0 0 0 0 0 0 0 0 0 0 0 0 0 0 
0 0 0 0 0 0 0 0 0 0 0 0 0 0 0 0 0 513126.3695 1334128.495 1813046.368 2291964.189 1573587.458 547334.8323 0 0 0 0 0 0 0 0 0 0 0 0 0 0 0 0 0 
0 0 0 0 0 0 0 0 0 0 0 0 0 0 1026252.744 3147174.922 5404930.871 6807476.193 5610182.03 6225933.225 6499600.899 5883849.35 6225933.274 5507556.374 3626092.797 923627.444 0 0 0 0 0 0 0 0 0 0 0 0 0 0 
0 0 0 0 0 0 0 0 0 0 0 0 752585.2441 4344469.767 5918057.425 6499601.006 6260142.363 5815432.83 6568018.41 7525854.622 6465393.086 6294350.779 5712807.769 5747015.858 6499600.944 5883848.814 3865551.78 547334.7463 0 0 0 0 0 0 0 0 0 0 0 0 
0 0 0 0 0 0 0 0 0 0 0 1676212.624 6260141.466 5541765.193 5610182.077 4515512.732 6499602.124 5541765.993 6773269.697 6260143.357 5986475.814 5849642.212 6704852.568 5986475.77 5233889.757 5952266.694 6636434.662 6089099.528 1299920.049 0 0 0 0 0 0 0 0 0 0 0 
0 0 0 0 0 0 0 0 0 0 2052505.278 6773268.187 5678598.936 5781224.493 5439140.481 5952267.099 6089101.323 5781225.641 5439141.37 6602228.195 6020684.859 4994431.715 5712808.819 5610183.278 6294351.725 5747016.725 6089100.519 6910102.201 5952265.624 1881463.213 0 0 0 0 0 0 0 0 0 0 
0 0 0 0 0 0 0 0 0 1539379.007 5918057.375 5404931.404 6123308.886 6054892.546 6328560.323 6123310.146 7012729.804 6841687.662 6260144.49 5986476.824 6123310.709 5747017.767 6123310.56 6260144.08 5986476.317 6568019.378 5849641.787 5781224.583 7354811.957 6089099.58 2018296.922 0 0 0 0 0 0 0 0 0 
0 0 0 0 0 0 0 0 684168.4602 5952265.685 6157516.857 6328559.464 5986475.543 5781225.556 6225935.572 5575975.543 5541767.335 5986477.214 6225936.575 6225936.448 5233891.75 6089102.633 5986477.151 6465395.121 6328561.227 6054893.31 7183771.334 5815433.536 6875894.45 6499601.042 5541764.648 649959.9916 0 0 0 0 0 0 0 0 
0 0 0 0 0 0 0 0 3933968.671 6396975.666 5199681.367 5644391.382 5781225.602 5883851.214 5404933.383 5678601.423 5815435.206 6123311.416 6225936.74 6225936.976 5370725.793 6499604.456 6362770.458 5815435.169 5952268.77 6054893.834 6191727.055 6328560.369 5336515.468 6054891.925 6054891.231 3694509.565 0 0 0 0 0 0 0 0 
0 0 0 0 0 0 0 992044.2558 6773267.969 6260142.384 5028639.397 6499602.494 6123310.264 5473350.377 5883852.027 6225936.784 5986477.775 6328562.379 6157520.369 5610185.261 6123312.061 5986478.142 6978522.821 6396979.221 6225936.749 6773271.478 6294352.78 6533811.563 6431185.663 6260142.858 5678598.998 6602225.811 1231503.107 0 0 0 0 0 0 0 
0 0 0 0 0 0 0 2907715.924 6123308.197 5849641.425 5644391.446 6123310.032 6054893.627 6396978.398 6465395.807 6841688.966 6978523.159 6191728.948 5883853.08 5986478.448 6465396.797 6704855.828 5952269.767 5473351.542 6054894.795 5712809.971 5610184.368 5952268.415 5712808.839 6533810.742 5781224.526 6602226.105 3318216.926 0 0 0 0 0 0 0 
0 0 0 0 0 0 0 4754970.897 5644390.502 6773269.318 5883850.765 6773270.59 7012730.3 5747018.426 6157519.999 6636438.666 5952269.866 5952270.054 5952270.221 5712811.094 6465397.024 5781227.958 6225937.782 5712810.767 6739063.999 6773272.091 5199683.279 6328561.397 6362769.39 6431185.735 5644391.095 5610182.093 5747015.214 0 0 0 0 0 0 0 
0 0 0 0 0 0 581543.1838 5678598.401 6294350.735 6773269.569 5815434.063 6773270.82 6225936.407 6157519.887 5439142.883 6636438.753 5883853.171 6123312.537 7286400 6636439.441 6157521.119 6465397.19 5610185.782 6054895.471 6362771.102 6636438.461 6328562.1 6123310.962 5336516.514 6431185.904 5439140.632 6362767.699 6054891.079 615751.5995 0 0 0 0 0 0 
0 0 0 0 0 0 1573587.416 6499600.761 6396976.238 5473349.209 5849642.557 5302308.12 6328561.739 5712810.223 5815435.935 6157520.696 7081149.057 6499605.637 5952270.553 6054895.935 6978524.179 4823391.608 6157521.081 6978523.697 5507560.206 6225937.223 4926016.022 6465395.495 6123310.611 6568019.729 6225934.784 6089100.428 6294350.184 1197294.794 0 0 0 0 0 0 
0 0 0 0 0 0 1710421.094 6362767.081 6499601.579 6328560.134 6602228.159 6431186.713 6499604.052 6225936.949 6260145.752 6294354.549 6123312.514 5575977.504 6123312.838 6054895.974 5404935.424 6089104.378 5131267.621 5781228.006 6157520.728 5610185.26 6054894.699 6910105.363 5986476.985 5986476.437 6944311.932 5849641.396 5644390.215 2257755.837 0 0 0 0 0 0 
0 0 0 0 0 0 2155130.644 6123308.137 6054891.961 6431185.438 7183771.687 6362769.81 6362770.291 6533812.975 5986478.212 5883853.13 6602230.839 6157521.166 5883853.653 6089104.454 5678603.006 6020687.463 5712811.311 5952270.242 6328562.989 5986478.206 6089103.186 6533812.48 6465395.09 5507558.309 5541766.15 5541765.563 6533809.252 2360381.158 0 0 0 0 0 0 
0 0 0 0 0 0 1573587.414 6602226.025 5883849.762 6533810.666 6260143.866 6704854.103 5473350.673 6465395.985 5883852.796 6328562.945 5507560.37 6602230.989 5952270.491 5849645.22 6054895.95 5370726.831 6602230.972 6157520.92 6191729.094 6875897.718 6602229.793 6123311.117 6328561.24 6157518.559 6533810.644 6054891.947 5986474.38 1915671.686 0 0 0 0 0 0 
0 0 0 0 0 0 410501.0591 5610181.569 6089100.207 6362768.342 5644391.796 7183772.12 6465395.385 6431187.464 6157520.232 6875897.902 5678602.478 6568022.41 7081149.26 6225938.087 6123312.712 6362771.751 5747019.63 5541768.742 5781227.696 6773272.382 4789182.161 6089102.544 5849643.046 5849642.52 6294351.396 6602226.631 5473347.836 684168.4419 0 0 0 0 0 0 
0 0 0 0 0 0 0 5028638.296 5781224.196 6431185.029 4549721.825 6773270.657 6157519.245 6465395.709 5986477.905 5541768.444 6089103.708 6294354.532 5712811.045 6670647.642 6568022.375 5849644.865 6020687.083 5644393.951 6636438.64 6773272.054 6431187.32 5165474.482 7081146.516 6123309.71 7560063.244 5986474.753 5747015.201 0 0 0 0 0 0 0 
0 0 0 0 0 0 0 3626092.895 6704851.443 5302306.678 6294351.729 6636436.604 6636437.199 5849643.457 6054894.477 6123311.703 5507559.914 5302309.468 6191729.186 5815436.278 5644393.987 6089103.769 6020686.749 5918061.214 5199683.638 7320606.879 6294353.235 5815434.599 5678600.415 6704852.791 6499601.766 6944310.44 3078758.061 0 0 0 0 0 0 0 
0 0 0 0 0 0 0 752585.3205 6191724.698 6499601.25 6089100.774 6465394.124 5986476.594 5815434.772 5883851.934 6328561.865 5610184.936 6328562.349 5644393.76 6362771.072 5507559.979 6396979.575 5986478.062 6020686.277 6191728.234 6670646.19 5507558.728 6089101.836 6396977.242 5233890.027 6328559.224 6054890.97 992044.255 0 0 0 0 0 0 0 
0 0 0 0 0 0 0 0 4139219.249 6602226.167 5815432.998 6089101.072 6636436.405 6499603.133 6054893.789 7046938.881 7012730.824 5712809.963 6465395.963 6362770.635 6396979.133 6978522.665 6054894.508 5815435.4 6431187.054 6568020.422 7081146.527 6533811.035 5610182.919 6602226.935 5815432.441 3591884.432 0 0 0 0 0 0 0 0 
0 0 0 0 0 0 0 0 615751.5807 5233888.772 5883849.208 6020683.648 6431185.316 5952267.641 5233890.915 6465394.986 6944313.418 5644392.821 6807479.826 6704854.687 6670646.301 6260144.863 6841688.312 6465395.136 5268099.645 5541766.819 5747017.191 6431185.404 6328559.578 6431184.285 5918057.069 684168.4353 0 0 0 0 0 0 0 0 
0 0 0 0 0 0 0 0 0 1573587.392 6431183.693 6123308.602 6020683.712 6191726.295 6704853.216 5781225.727 5747017.641 6670645.422 7423231.491 5815434.76 5575975.615 5986476.936 6396978.319 5439141.464 5575975.115 5097056.843 6431185.273 5507557.15 5952266.323 6465392.232 1470962.175 0 0 0 0 0 0 0 0 0 
0 0 0 0 0 0 0 0 0 0 2086713.862 5439139.331 6294350.732 5952266.981 5849641.661 6294351.674 6123309.685 6089101.631 6089101.558 6157518.329 5952267.825 5747017.496 6636436.548 6191726.718 6020684.205 6191726.054 5918058.152 5370722.944 6841684.95 2052505.449 0 0 0 0 0 0 0 0 0 0 
0 0 0 0 0 0 0 0 0 0 0 1470962.123 5575973.234 6362767.484 6225933.924 6020683.495 6875894.485 5918058.749 5268098.778 6294351.576 5610182.98 6465393.572 6396976.744 5747016.439 5439140.204 5302306.558 6739059.934 6157516.138 1881463.265 0 0 0 0 0 0 0 0 0 0 0 
0 0 0 0 0 0 0 0 0 0 0 0 376292.662 3899760.343 5918057.381 5986474.41 5849640.9 6089100.092 6123308.829 5404931.828 5439140.043 6123308.891 5883849.754 6568018.059 6499601.058 6431183.966 4241844.432 376292.6436 0 0 0 0 0 0 0 0 0 0 0 0 
0 0 0 0 0 0 0 0 0 0 0 0 0 0 1128877.902 3078757.996 4823387.758 5404930.728 6499600.623 5781223.7 5370722.718 5302305.889 5918057.355 5131263.55 3318216.934 1060461.021 0 0 0 0 0 0 0 0 0 0 0 0 0 0 
0 0 0 0 0 0 0 0 0 0 0 0 0 0 0 0 0 581543.0884 1231503.215 1915671.749 1949880.08 1299920.153 513126.3378 0 0 0 0 0 0 0 0 0 0 0 0 0 0 0 0 0 
0 0 0 0 0 0 0 0 0 0 0 0 0 0 0 0 0 0 0 0 0 0 0 0 0 0 0 0 0 0 0 0 0 0 0 0 0 0 0 0 
0 0 0 0 0 0 0 0 0 0 0 0 0 0 0 0 0 0 0 0 0 0 0 0 0 0 0 0 0 0 0 0 0 0 0 0 0 0 0 0 
0 0 0 0 0 0 0 0 0 0 0 0 0 0 0 0 0 0 0 0 0 0 0 0 0 0 0 0 0 0 0 0 0 0 0 0 0 0 0 0 
0 0 0 0 0 0 0 0 0 0 0 0 0 0 0 0 0 0 0 0 0 0 0 0 0 0 0 0 0 0 0 0 0 0 0 0 0 0 0 0 
0 0 0 0 0 0 0 0 0 0 0 0 0 0 0 0 0 0 0 0 0 0 0 0 0 0 0 0 0 0 0 0 0 0 0 0 0 0 0 0 
0 0 0 0 0 0 0 0 0 0 0 0 0 0 0 0 0 0 0 0 0 0 0 0 0 0 0 0 0 0 0 0 0 0 0 0 0 0 0 0 
# Errors [psd_source/PSD_source.dat] I_err:
0 0 0 0 0 0 0 0 0 0 0 0 0 0 0 0 0 0 0 0 0 0 0 0 0 0 0 0 0 0 0 0 0 0 0 0 0 0 0 0 
0 0 0 0 0 0 0 0 0 0 0 0 0 0 0 0 0 0 0 0 0 0 0 0 0 0 0 0 0 0 0 0 0 0 0 0 0 0 0 0 
0 0 0 0 0 0 0 0 0 0 0 0 0 0 0 0 0 0 0 0 0 0 0 0 0 0 0 0 0 0 0 0 0 0 0 0 0 0 0 0 
0 0 0 0 0 0 0 0 0 0 0 0 0 0 0 0 0 0 0 0 0 0 0 0 0 0 0 0 0 0 0 0 0 0 0 0 0 0 0 0 
0 0 0 0 0 0 0 0 0 0 0 0 0 0 0 0 0 0 0 0 0 0 0 0 0 0 0 0 0 0 0 0 0 0 0 0 0 0 0 0 
0 0 0 0 0 0 0 0 0 0 0 0 0 0 0 0 0 0 0 0 0 0 0 0 0 0 0 0 0 0 0 0 0 0 0 0 0 0 0 0 
0 0 0 0 0 0 0 0 0 0 0 0 0 0 0 0 0 132488.6589 213631.5329 249041.0715 280007.9915 232012.8131 136833.7081 0 0 0 0 0 0 0 0 0 0 0 0 0 0 0 0 0 
0 0 0 0 0 0 0 0 0 0 0 0 0 0 187367.2591 328115.6674 429993.2125 482569.1927 438081.6162 461496.8749 471530.6088 448639.3069 461496.8785 434056.2491 352197.2669 177752.1845 0 0 0 0 0 0 0 0 0 0 0 0 0 0 
0 0 0 0 0 0 0 0 0 0 0 0 160451.7132 385509.3528 449941.5741 471530.6165 462763.0394 446023.3375 474005.8997 507393.0151 470288.1463 464025.6958 442070.3375 443391.8996 471530.612 448639.2661 363640.5228 136833.6866 0 0 0 0 0 0 0 0 0 0 0 0 
0 0 0 0 0 0 0 0 0 0 0 239458.9463 462762.9731 435402.1942 438081.6199 393024.9359 471530.6976 435402.2571 481355.3171 462763.1129 452535.0353 447333.3203 478918.0406 452535.0319 423134.9078 451240.1735 476468.2409 456397.3054 210874.8777 0 0 0 0 0 0 0 0 0 0 0 
0 0 0 0 0 0 0 0 0 0 264977.292 481355.2098 440744.755 444709.5764 431351.8983 451240.2043 456397.4399 444709.6647 431351.9689 475238.7845 453826.1968 413342.1097 442070.4187 438081.7137 464025.7655 443391.9665 456397.3797 486193.0942 451240.0924 253696.4478 0 0 0 0 0 0 0 0 0 0 
0 0 0 0 0 0 0 0 0 229477.0735 449941.5704 429993.2549 457677.5945 455113.5932 465285.0087 457677.6887 489790.2951 483780.3741 462763.1966 452535.1116 457677.7308 443392.0469 457677.7196 462763.1663 452535.0733 474005.9695 447333.2878 444709.5833 501594.0123 456397.3093 262759.8783 0 0 0 0 0 0 0 0 0 
0 0 0 0 0 0 0 0 152984.7185 451240.0971 458954.2088 465284.9455 452535.0148 444709.6582 461497.0488 436744.1113 435402.3624 452535.1411 461497.1232 461497.1138 423135.069 456397.5381 452535.1363 470288.2943 465285.0751 455113.6506 495727.3184 446023.3917 484988.2006 471530.6191 435402.1514 149111.0485 0 0 0 0 0 0 0 0 
0 0 0 0 0 0 0 0 366844.4701 467793.1902 421749.8504 439415.2731 444709.6617 448639.4491 429993.4123 440744.948 446023.5198 457677.7836 461497.1354 461497.1529 428630.5816 471530.8668 466540.9656 446023.517 451240.3309 455113.69 460227.4475 465285.012 427263.1848 455113.5465 455113.4943 355504.3487 0 0 0 0 0 0 0 0 
0 0 0 0 0 0 0 184217.9936 481355.1943 462763.041 414755.187 471530.7245 457677.6975 432706.3406 448639.5111 461497.1387 452535.1834 465285.1598 458954.4706 438081.8686 457677.8318 452535.2112 488594.3261 467793.4502 461497.1361 481355.4437 464025.8433 472770.0123 469042.421 462763.076 440744.7597 475238.6129 205250.5178 0 0 0 0 0 0 0 
0 0 0 0 0 0 0 315386.0733 457677.543 447333.2602 439415.2781 457677.6802 455113.6745 467793.3901 470288.3442 483780.4662 488594.3497 460227.5882 448639.5914 452535.2343 470288.4162 478918.2734 451240.4065 432706.4327 455113.7622 442070.5079 438081.7988 451240.304 442070.4202 472769.9528 444709.5789 475238.634 336913.8831 0 0 0 0 0 0 0 
0 0 0 0 0 0 0 403311.3675 439415.2046 481355.2903 448639.4148 481355.3806 489790.3297 443392.0977 458954.443 476468.5285 451240.414 451240.4283 451240.441 442070.5948 470288.4327 444709.8429 461497.2126 442070.5694 480138.4296 481355.4873 421750.0055 465285.0876 466540.8873 469042.4263 439415.2508 438081.6211 443391.8499 0 0 0 0 0 0 0 
0 0 0 0 0 0 141044.9396 440744.7134 464025.6926 481355.3081 446023.4321 481355.397 461497.1107 458954.4347 431352.0888 476468.5347 448639.5983 457677.8674 499255.9015 476468.5841 458954.5265 470288.4448 438081.9092 455113.8131 466541.0128 476468.5137 465285.1393 457677.7497 427263.2685 469042.4386 431351.9103 466540.7633 455113.4829 145134.0439 0 0 0 0 0 0 
0 0 0 0 0 0 232012.8068 471530.5988 467793.2321 432706.2482 447333.3467 425891.637 465285.1127 442070.5274 446023.5757 458954.4949 492173.8822 471530.9525 451240.4661 455113.8479 488594.4212 406202.8509 458954.5237 488594.3875 434056.5511 461497.1712 410501.3352 470288.3215 457677.7234 474005.9948 461496.9904 456397.3729 464025.6519 202379.7579 0 0 0 0 0 0 
0 0 0 0 0 0 241890.0709 466540.718 471530.6581 465284.9947 475238.7819 469042.4976 471530.8375 461497.1509 462763.2899 464025.9737 457677.8657 436744.2649 457677.8899 455113.8509 429993.5747 456397.6689 418966.2468 444709.8466 458954.4974 438081.8685 455113.7551 486193.3167 452535.1238 452535.0824 487395.1483 447333.2579 439415.1823 277910.5323 0 0 0 0 0 0 
0 0 0 0 0 0 271520.9393 457677.5385 455113.5492 469042.4046 495727.3427 466540.9181 466540.9534 472770.1145 452535.2165 448639.5952 475238.9748 458954.53 448639.635 456397.6746 440745.0708 453826.393 442070.6115 451240.4425 465285.2047 452535.2161 456397.5796 472770.0786 470288.292 434056.4016 435402.2694 435402.2232 472769.8451 284156.4993 0 0 0 0 0 0 
0 0 0 0 0 0 232012.8064 475238.6282 448639.3383 472769.9474 462763.1505 478918.1502 432706.364 470288.3572 448639.5697 465285.2014 434056.5641 475238.9856 451240.4614 447333.5504 455113.8491 428630.6644 475238.9844 458954.5116 460227.5991 484988.4311 475238.8995 457677.7613 465285.076 458954.3357 472769.9458 455113.5482 452534.9269 255992.397 0 0 0 0 0 0 
0 0 0 0 0 0 118501.4485 438081.5803 456397.3563 466540.8105 439415.3053 495727.3726 470288.3135 469042.5524 458954.4604 484988.444 440745.0299 474006.1883 492173.8963 461497.2352 457677.8805 466541.0604 443392.1906 435402.473 444709.8228 481355.508 404759.768 456397.5314 447333.3841 447333.3438 464025.7413 475238.6719 432706.1397 152984.7144 0 0 0 0 0 0 
0 0 0 0 0 0 0 414755.0962 444709.5536 469042.3748 394510.9153 481355.3854 458954.3868 470288.337 452535.1933 435402.4496 456397.6187 464025.9724 442070.5909 477694.9996 474006.1858 447333.5232 453826.3644 439415.4731 476468.5266 481355.4847 469042.5419 420360.3517 492173.7056 457677.6561 508544.8865 452534.955 443391.8489 0 0 0 0 0 0 0 
0 0 0 0 0 0 0 352197.2765 478917.9602 425891.5212 464025.7658 476468.3804 476468.4231 447333.4156 455113.7384 457677.805 434056.5281 425891.7452 460227.6059 446023.602 439415.4759 456397.6233 453826.3393 449941.8622 421750.0346 500426.3839 464025.8769 446023.4732 440744.8698 478918.0565 471530.6717 487395.0436 324529.5946 0 0 0 0 0 0 0 
0 0 0 0 0 0 0 160451.7294 460227.2723 471530.6342 456397.3988 470288.2218 452535.0942 446023.4865 448639.504 465285.122 438081.8432 465285.1576 439415.4582 466541.0106 434056.5333 467793.4761 452535.2052 453826.3036 460227.5352 477694.8956 434056.4346 456397.4784 467793.3055 423134.9297 465284.9278 455113.4747 184217.9934 0 0 0 0 0 0 0 
0 0 0 0 0 0 0 0 376292.659 475238.6385 446023.3505 456397.4211 476468.3661 471530.7708 455113.6866 490983.4968 489790.3663 442070.5072 470288.3555 466540.9786 467793.4438 488594.3152 455113.7407 446023.5347 469042.5225 474006.0449 492173.7063 472769.9741 438081.6857 475238.6938 446023.3077 350532.0279 0 0 0 0 0 0 0 0 
0 0 0 0 0 0 0 0 145134.0394 423134.8282 448639.2961 453826.1055 469042.3957 451240.2454 423135.0015 470288.2845 487395.2526 439415.3852 482569.4502 478918.1919 477694.9035 462763.2242 483780.42 470288.2954 424515.567 435402.3219 443392.0024 469042.4022 465284.9539 469042.3205 449941.5471 152984.7129 0 0 0 0 0 0 0 0 
0 0 0 0 0 0 0 0 0 232012.8033 469042.2774 457677.5733 453826.1103 460227.391 478918.0869 444709.6713 443392.0371 477694.8406 503921.789 446023.4856 436744.117 452535.12 467793.3842 431351.9763 436744.0778 417567.1667 469042.3926 434056.3103 451240.1454 470288.0842 224319.6287 0 0 0 0 0 0 0 0 0 
0 0 0 0 0 0 0 0 0 0 267176.3322 431351.8071 464025.6923 451240.1953 447333.2782 464025.7618 457677.6542 456397.463 456397.4576 458954.3185 451240.2593 443392.0259 476468.3764 460227.4225 453826.1475 460227.3731 449941.6295 428630.3541 483780.1823 264977.3141 0 0 0 0 0 0 0 0 0 0 
0 0 0 0 0 0 0 0 0 0 0 224319.6207 436743.9305 466540.7476 461496.9266 453826.094 484988.203 449941.6748 424515.4972 464025.7546 438081.6904 470288.1816 467793.2691 443391.9444 431351.8763 425891.5115 480138.14 458954.1553 253696.4549 0 0 0 0 0 0 0 0 0 0 0 
0 0 0 0 0 0 0 0 0 0 0 0 113456.5065 365246.0206 449941.5708 452534.9291 447333.22 456397.3477 457677.5903 429993.2886 431351.8636 457677.5949 448639.3377 474005.8743 471530.6203 469042.2973 380928.8752 113456.5009 0 0 0 0 0 0 0 0 0 0 0 0 
0 0 0 0 0 0 0 0 0 0 0 0 0 0 196512.419 324529.5877 406202.5266 429993.2011 471530.5887 444709.5154 428630.3361 425891.4577 449941.5688 418965.9144 336913.8839 190464.422 0 0 0 0 0 0 0 0 0 0 0 0 0 0 
0 0 0 0 0 0 0 0 0 0 0 0 0 0 0 0 0 141044.9164 205250.5358 255992.4054 258267.9258 210874.8945 132488.6507 0 0 0 0 0 0 0 0 0 0 0 0 0 0 0 0 0 
0 0 0 0 0 0 0 0 0 0 0 0 0 0 0 0 0 0 0 0 0 0 0 0 0 0 0 0 0 0 0 0 0 0 0 0 0 0 0 0 
0 0 0 0 0 0 0 0 0 0 0 0 0 0 0 0 0 0 0 0 0 0 0 0 0 0 0 0 0 0 0 0 0 0 0 0 0 0 0 0 
0 0 0 0 0 0 0 0 0 0 0 0 0 0 0 0 0 0 0 0 0 0 0 0 0 0 0 0 0 0 0 0 0 0 0 0 0 0 0 0 
0 0 0 0 0 0 0 0 0 0 0 0 0 0 0 0 0 0 0 0 0 0 0 0 0 0 0 0 0 0 0 0 0 0 0 0 0 0 0 0 
0 0 0 0 0 0 0 0 0 0 0 0 0 0 0 0 0 0 0 0 0 0 0 0 0 0 0 0 0 0 0 0 0 0 0 0 0 0 0 0 
0 0 0 0 0 0 0 0 0 0 0 0 0 0 0 0 0 0 0 0 0 0 0 0 0 0 0 0 0 0 0 0 0 0 0 0 0 0 0 0 
# Events [psd_source/PSD_source.dat] N:
0 0 0 0 0 0 0 0 0 0 0 0 0 0 0 0 0 0 0 0 0 0 0 0 0 0 0 0 0 0 0 0 0 0 0 0 0 0 0 0 
0 0 0 0 0 0 0 0 0 0 0 0 0 0 0 0 0 0 0 0 0 0 0 0 0 0 0 0 0 0 0 0 0 0 0 0 0 0 0 0 
0 0 0 0 0 0 0 0 0 0 0 0 0 0 0 0 0 0 0 0 0 0 0 0 0 0 0 0 0 0 0 0 0 0 0 0 0 0 0 0 
0 0 0 0 0 0 0 0 0 0 0 0 0 0 0 0 0 0 0 0 0 0 0 0 0 0 0 0 0 0 0 0 0 0 0 0 0 0 0 0 
0 0 0 0 0 0 0 0 0 0 0 0 0 0 0 0 0 0 0 0 0 0 0 0 0 0 0 0 0 0 0 0 0 0 0 0 0 0 0 0 
0 0 0 0 0 0 0 0 0 0 0 0 0 0 0 0 0 0 0 0 0 0 0 0 0 0 0 0 0 0 0 0 0 0 0 0 0 0 0 0 
0 0 0 0 0 0 0 0 0 0 0 0 0 0 0 0 0 15 39 53 67 46 16 0 0 0 0 0 0 0 0 0 0 0 0 0 0 0 0 0 
0 0 0 0 0 0 0 0 0 0 0 0 0 0 30 92 158 199 164 182 190 172 182 161 106 27 0 0 0 0 0 0 0 0 0 0 0 0 0 0 
0 0 0 0 0 0 0 0 0 0 0 0 22 127 173 190 183 170 192 220 189 184 167 168 190 172 113 16 0 0 0 0 0 0 0 0 0 0 0 0 
0 0 0 0 0 0 0 0 0 0 0 49 183 162 164 132 190 162 198 183 175 171 196 175 153 174 194 178 38 0 0 0 0 0 0 0 0 0 0 0 
0 0 0 0 0 0 0 0 0 0 60 198 166 169 159 174 178 169 159 193 176 146 167 164 184 168 178 202 174 55 0 0 0 0 0 0 0 0 0 0 
0 0 0 0 0 0 0 0 0 45 173 158 179 177 185 179 205 200 183 175 179 168 179 183 175 192 171 169 215 178 59 0 0 0 0 0 0 0 0 0 
0 0 0 0 0 0 0 0 20 174 180 185 175 169 182 163 162 175 182 182 153 178 175 189 185 177 210 170 201 190 162 19 0 0 0 0 0 0 0 0 
0 0 0 0 0 0 0 0 115 187 152 165 169 172 158 166 170 179 182 182 157 190 186 170 174 177 181 185 156 177 177 108 0 0 0 0 0 0 0 0 
0 0 0 0 0 0 0 29 198 183 147 190 179 160 172 182 175 185 180 164 179 175 204 187 182 198 184 191 188 183 166 193 36 0 0 0 0 0 0 0 
0 0 0 0 0 0 0 85 179 171 165 179 177 187 189 200 204 181 172 175 189 196 174 160 177 167 164 174 167 191 169 193 97 0 0 0 0 0 0 0 
0 0 0 0 0 0 0 139 165 198 172 198 205 168 180 194 174 174 174 167 189 169 182 167 197 198 152 185 186 188 165 164 168 0 0 0 0 0 0 0 
0 0 0 0 0 0 17 166 184 198 170 198 182 180 159 194 172 179 213 194 180 189 164 177 186 194 185 179 156 188 159 186 177 18 0 0 0 0 0 0 
0 0 0 0 0 0 46 190 187 160 171 155 185 167 170 180 207 190 174 177 204 141 180 204 161 182 144 189 179 192 182 178 184 35 0 0 0 0 0 0 
0 0 0 0 0 0 50 186 190 185 193 188 190 182 183 184 179 163 179 177 158 178 150 169 180 164 177 202 175 175 203 171 165 66 0 0 0 0 0 0 
0 0 0 0 0 0 63 179 177 188 210 186 186 191 175 172 193 180 172 178 166 176 167 174 185 175 178 191 189 161 162 162 191 69 0 0 0 0 0 0 
0 0 0 0 0 0 46 193 172 191 183 196 160 189 172 185 161 193 174 171 177 157 193 180 181 201 193 179 185 180 191 177 175 56 0 0 0 0 0 0 
0 0 0 0 0 0 12 164 178 186 165 210 189 188 180 201 166 192 207 182 179 186 168 162 169 198 140 178 171 171 184 193 160 20 0 0 0 0 0 0 
0 0 0 0 0 0 0 147 169 188 133 198 180 189 175 162 178 184 167 195 192 171 176 165 194 198 188 151 207 179 221 175 168 0 0 0 0 0 0 0 
0 0 0 0 0 0 0 106 196 155 184 194 194 171 177 179 161 155 181 170 165 178 176 173 152 214 184 170 166 196 190 203 90 0 0 0 0 0 0 0 
0 0 0 0 0 0 0 22 181 190 178 189 175 170 172 185 164 185 165 186 161 187 175 176 181 195 161 178 187 153 185 177 29 0 0 0 0 0 0 0 
0 0 0 0 0 0 0 0 121 193 170 178 194 190 177 206 205 167 189 186 187 204 177 170 188 192 207 191 164 193 170 105 0 0 0 0 0 0 0 0 
0 0 0 0 0 0 0 0 18 153 172 176 188 174 153 189 203 165 199 196 195 183 200 189 154 162 168 188 185 188 173 20 0 0 0 0 0 0 0 0 
0 0 0 0 0 0 0 0 0 46 188 179 176 181 196 169 168 195 217 170 163 175 187 159 163 149 188 161 174 189 43 0 0 0 0 0 0 0 0 0 
0 0 0 0 0 0 0 0 0 0 61 159 184 174 171 184 179 178 178 180 174 168 194 181 176 181 173 157 200 60 0 0 0 0 0 0 0 0 0 0 
0 0 0 0 0 0 0 0 0 0 0 43 163 186 182 176 201 173 154 184 164 189 187 168 159 155 197 180 55 0 0 0 0 0 0 0 0 0 0 0 
0 0 0 0 0 0 0 0 0 0 0 0 11 114 173 175 171 178 179 158 159 179 172 192 190 188 124 11 0 0 0 0 0 0 0 0 0 0 0 0 
0 0 0 0 0 0 0 0 0 0 0 0 0 0 33 90 141 158 190 169 157 155 173 150 97 31 0 0 0 0 0 0 0 0 0 0 0 0 0 0 
0 0 0 0 0 0 0 0 0 0 0 0 0 0 0 0 0 17 36 56 57 38 15 0 0 0 0 0 0 0 0 0 0 0 0 0 0 0 0 0 
0 0 0 0 0 0 0 0 0 0 0 0 0 0 0 0 0 0 0 0 0 0 0 0 0 0 0 0 0 0 0 0 0 0 0 0 0 0 0 0 
0 0 0 0 0 0 0 0 0 0 0 0 0 0 0 0 0 0 0 0 0 0 0 0 0 0 0 0 0 0 0 0 0 0 0 0 0 0 0 0 
0 0 0 0 0 0 0 0 0 0 0 0 0 0 0 0 0 0 0 0 0 0 0 0 0 0 0 0 0 0 0 0 0 0 0 0 0 0 0 0 
0 0 0 0 0 0 0 0 0 0 0 0 0 0 0 0 0 0 0 0 0 0 0 0 0 0 0 0 0 0 0 0 0 0 0 0 0 0 0 0 
0 0 0 0 0 0 0 0 0 0 0 0 0 0 0 0 0 0 0 0 0 0 0 0 0 0 0 0 0 0 0 0 0 0 0 0 0 0 0 0 
0 0 0 0 0 0 0 0 0 0 0 0 0 0 0 0 0 0 0 0 0 0 0 0 0 0 0 0 0 0 0 0 0 0 0 0 0 0 0 0 
