# Format: McCode with text headers
# URL: http://www.mccode.org
# Creator: McStas 2.4.1 - Jun. 26, 2017
# Instrument: MAGiC_elearning.instr
# Ncount: 2500000
# Trace: no
# Gravitation: no
# Seed: 1563293710
# Directory: MAGiC_HR/27
# Nodes: 40
# Param: spectrum=0
# Param: high_res=1
# Param: coll_set=0.3
# Param: sample_rot=270
# Date: Tue Jul 16 10:39:12 2019 (1563266352)
# type: array_1d(101)
# Source: MAGiC_half_polarized (MAGiC_elearning.instr)
# component: L_out
# position: -0.034 -0.674259 159.42
# title: Wavelength monitor
# Ncount: 100000000
# filename: L_out.txt
# statistics: X0=1.43512; dX=0.352943;
# signal: Min=0; Max=2.40568e+07; Mean=4.28453e+06;
# values: 4.32737e+08 1.12393e+06 291460
# xvar: L
# yvar: (I,I_err)
# xlabel: Wavelength [AA]
# ylabel: Intensity
# xlimits: 0.2 6
# variables: L I I_err N
0.2287128713 0 0 0 
0.2861386139 0 0 0 
0.3435643564 1.332232495e-127 1.427140567e-127 6 
0.400990099 8.087112974e-18 5.640579058e-18 1214 
0.4584158416 768.891467 209.4348321 5602 
0.5158415842 60459.64837 4277.268662 9646 
0.5732673267 339331.7788 12342.09042 10215 
0.6306930693 1012754.211 25376.19557 10181 
0.6881188119 2358770.043 47895.67624 10118 
0.7455445545 4168297.498 77774.3079 9881 
0.802970297 6765953.294 116714.1838 9993 
0.8603960396 9871409.12 159853.281 9936 
0.9178217822 12725432.66 197965.9051 10023 
0.9752475248 15761608.73 234797.5925 10088 
1.032673267 18196318.74 262147.0043 10104 
1.09009901 20482801.4 284571.9026 10009 
1.147524752 22480552.01 300900.1073 10114 
1.204950495 23227010.31 304355.4839 10103 
1.262376238 23464555.34 302113.7317 9921 
1.31980198 24014800.2 299784.5029 10012 
1.377227723 24056782.42 292167.0982 10076 
1.434653465 23213102.83 277958.7987 9990 
1.492079208 22909035.2 267229.6869 10080 
1.54950495 22177866.84 253209.8908 10131 
1.606930693 20921943.17 236252.9845 9957 
1.664356436 19939419.78 221502.4469 10022 
1.721782178 18887818.29 206773.5133 9944 
1.779207921 18094838.31 193858.5637 10065 
1.836633663 16643981.15 177808.1101 9849 
1.894059406 15608543.39 164650.3648 9897 
1.951485149 14865464.77 153599.8677 10064 
2.008910891 13771438.1 141002.1107 10106 
2.066336634 10808250.26 120320.6177 8320 
2.123762376 5077761.835 76602.01662 4628 
2.181188119 830365.3073 26136.39413 1165 
2.238613861 0 0 0 
2.296039604 0 0 0 
2.353465347 0 0 0 
2.410891089 0 0 0 
2.468316832 0 0 0 
2.525742574 0 0 0 
2.583168317 0 0 0 
2.640594059 0 0 0 
2.698019802 0 0 0 
2.755445545 0 0 0 
2.812871287 0 0 0 
2.87029703 0 0 0 
2.927722772 0 0 0 
2.985148515 0 0 0 
3.042574257 0 0 0 
3.1 0 0 0 
3.157425743 0 0 0 
3.214851485 0 0 0 
3.272277228 0 0 0 
3.32970297 0 0 0 
3.387128713 0 0 0 
3.444554455 0 0 0 
3.501980198 0 0 0 
3.559405941 0 0 0 
3.616831683 0 0 0 
3.674257426 0 0 0 
3.731683168 0 0 0 
3.789108911 0 0 0 
3.846534653 0 0 0 
3.903960396 0 0 0 
3.961386139 0 0 0 
4.018811881 0 0 0 
4.076237624 0 0 0 
4.133663366 0 0 0 
4.191089109 0 0 0 
4.248514851 0 0 0 
4.305940594 0 0 0 
4.363366337 0 0 0 
4.420792079 0 0 0 
4.478217822 0 0 0 
4.535643564 0 0 0 
4.593069307 0 0 0 
4.65049505 0 0 0 
4.707920792 0 0 0 
4.765346535 0 0 0 
4.822772277 0 0 0 
4.88019802 0 0 0 
4.937623762 0 0 0 
4.995049505 0 0 0 
5.052475248 0 0 0 
5.10990099 0 0 0 
5.167326733 0 0 0 
5.224752475 0 0 0 
5.282178218 0 0 0 
5.33960396 0 0 0 
5.397029703 0 0 0 
5.454455446 0 0 0 
5.511881188 0 0 0 
5.569306931 0 0 0 
5.626732673 0 0 0 
5.684158416 0 0 0 
5.741584158 0 0 0 
5.799009901 0 0 0 
5.856435644 0 0 0 
5.913861386 0 0 0 
5.971287129 0 0 0 
