# Format: McCode with text headers
# URL: http://www.mccode.org
# Creator: McStas 2.5 - Dec. 12, 2018
# Instrument: ESS_HEIMDAL.instr
# Ncount: 250000
# Trace: no
# Gravitation: no
# Seed: 1565866343
# Directory: TauScan/14
# Nodes: 4
# Param: lmax=4
# Param: lmin=0.5
# Param: T=200
# Param: tau=140
# Param: use_CoFe2O4=1
# Param: use_CoFe=1
# Param: use_magn=1
# Date: Wed Aug 14 15:24:46 2019 (1565789086)
# type: array_2d(40, 40)
# Source: ESS_HEIMDAL (ESS_HEIMDAL.instr)
# component: psd_source
# position: 0 0 0.01
# title: PSD monitor
# Ncount: 1000000
# filename: PSD_source.dat
# statistics: X0=-0.000924; dX=5.00204; Y0=-0.000111001; dY=5.00086;
# signal: Min=0; Max=6.52697e+06; Mean=2.13803e+06;
# values: 3.42084e+09 3.42084e+06 1e+06
# xvar: X 
# yvar: Y 
# xlabel: X position [cm]
# ylabel: Y position [cm]
# zvar: I
# zlabel: Signal per bin
# xylimits: -15 15 -15 15
# variables: I I_err N
# Data [psd_source/PSD_source.dat] I:
0 0 0 0 0 0 0 0 0 0 0 0 0 0 0 0 0 0 0 0 0 0 0 0 0 0 0 0 0 0 0 0 0 0 0 0 0 0 0 0 
0 0 0 0 0 0 0 0 0 0 0 0 0 0 0 0 0 0 0 0 0 0 0 0 0 0 0 0 0 0 0 0 0 0 0 0 0 0 0 0 
0 0 0 0 0 0 0 0 0 0 0 0 0 0 0 0 0 0 0 0 0 0 0 0 0 0 0 0 0 0 0 0 0 0 0 0 0 0 0 0 
0 0 0 0 0 0 0 0 0 0 0 0 0 0 0 0 0 0 0 0 0 0 0 0 0 0 0 0 0 0 0 0 0 0 0 0 0 0 0 0 
0 0 0 0 0 0 0 0 0 0 0 0 0 0 0 0 0 0 0 0 0 0 0 0 0 0 0 0 0 0 0 0 0 0 0 0 0 0 0 0 
0 0 0 0 0 0 0 0 0 0 0 0 0 0 0 0 0 0 0 0 0 0 0 0 0 0 0 0 0 0 0 0 0 0 0 0 0 0 0 0 
0 0 0 0 0 0 0 0 0 0 0 0 0 0 0 0 0 530230.5305 1532537.324 1932775.873 1990930.156 1628320.858 591805.7038 0 0 0 0 0 0 0 0 0 0 0 0 0 0 0 0 0 
0 0 0 0 0 0 0 0 0 0 0 0 0 0 909944.0512 3352425.382 5073109.175 6198566.483 6048049.591 6266983.536 6051470.435 5921478.309 6092520.412 5268097.267 3369529.625 940731.6697 0 0 0 0 0 0 0 0 0 0 0 0 0 0 
0 0 0 0 0 0 0 0 0 0 0 0 516547.1666 3930547.744 5805169.611 5815432.435 6260142.213 6113046.137 6160938.105 6311455.211 6222513.317 6054891.952 6041208.423 6349084.097 6140412.45 6010420.219 3766347.436 605489.0719 0 0 0 0 0 0 0 0 0 0 0 0 
0 0 0 0 0 0 0 0 0 0 0 1847254.781 5801748.674 6143833.355 5955687.325 6451709.879 6037788.12 5887271.214 6171201.232 5935163.171 6472235.624 6071996.808 6243038.865 6140413.339 6266984.41 6054891.749 6133570.744 5500714.532 1771996.3 0 0 0 0 0 0 0 0 0 0 0 
0 0 0 0 0 0 0 0 0 0 2182497.355 6027524.358 6431184.291 6061733.693 6174621.893 6174622.165 6068576.31 6297772.975 6013843.089 6058314.1 6109626.746 5890692.705 6075418.142 6140414.065 5983054.984 6068575.688 6359347.026 6311454.824 5983053.376 2182497.35 0 0 0 0 0 0 0 0 0 0 
0 0 0 0 0 0 0 0 0 1665950.182 6024103.458 5887270.282 6140413.211 6119888.531 6338822.904 6229356.275 5931743.066 6123310.537 5969372.707 6157519.12 6109627.329 6041210.388 6160939.87 6013843.355 6116468.37 5952267.56 6201988.821 6041208.761 5747015.812 6000157.582 1645425.116 0 0 0 0 0 0 0 0 0 
0 0 0 0 0 0 0 0 622593.2677 5839377.922 6225933.738 6017262.861 6225934.818 6113047.327 5853063.64 6277248.506 5935164.332 6270407.245 6133573.714 6304615.927 6099365.255 6331982.632 6078840.031 5948847.757 6359348.8 5911217.898 6007001.227 6243039.011 6020683.722 6119887.545 5709385.938 584964.0223 0 0 0 0 0 0 0 0 
0 0 0 0 0 0 0 0 3988702.113 6020682.927 5897533.177 6058313.374 6041209.637 6178043.849 6150677.462 6304615.766 6150678.028 6136994.798 6280670.393 6243041.16 6041211.343 6270407.836 6116469.756 5983056.632 6181465.345 6116468.988 6044630.914 6054893.015 6277247.328 6071996.221 5972791.153 4026331.419 0 0 0 0 0 0 0 0 
0 0 0 0 0 0 0 903102.3553 5955686.659 6410659.404 5945425.349 6136993.182 6075418.455 5887272.47 6140415.278 6167782.343 6349087.332 6225937.148 6263566.552 5976215.667 6099366.061 5870169.419 6099365.897 5945427.689 6191728.273 6051473.35 6034368.776 6044630.825 5976213.478 6051471.515 5969370.682 6034366.034 937310.7657 0 0 0 0 0 0 0 
0 0 0 0 0 0 0 3325058.705 6270404.48 5962529.293 6331980.981 6393556.697 6201990.009 6123310.971 6044631.947 6266987.141 5986478.138 6030949.28 6198570.86 6294354.553 6010424.399 6359350.523 6229358.309 6154099.524 6410662.601 6082261.224 5918060.362 5887272.334 6123310.098 6215672.265 6095942.155 5866745.048 3448209.009 0 0 0 0 0 0 0 
0 0 0 0 0 0 0 5103896.779 6225933.758 5849641.74 6311456.169 6099364.407 6102785.779 5924902.277 5979636.129 6041211.634 6082262.034 6116470.656 6178046.026 5993320.381 6308038.182 5921482.619 6280671.217 6304616.938 6089103.456 6024107.093 6174623.895 6157519.259 6263564.917 6068576.28 6208830.242 6229354.581 5387826.681 0 0 0 0 0 0 0 
0 0 0 0 0 0 509705.4891 6054891.084 5955687.374 6256722.233 6106205.739 6113047.978 6003581.463 6246461.83 6171203.62 5853065.351 5931745.044 6102787.47 6253304.777 6188308.775 6054895.839 6140416.885 6188308.585 6181466.71 6136995.509 6198570.38 5986477.649 6270407.301 6225935.846 6376452.395 5938583.811 6249879.867 6006999.296 543913.9068 0 0 0 0 0 0 
0 0 0 0 0 0 1416228.682 6048049.538 5989895.941 6270405.738 5900955.248 6065156.288 6284090.811 6051473.816 6119891.071 5935165.746 6290933.857 6095945.887 6109629.397 6095946.079 6126733.689 6236200.683 6071999.984 6338825.694 6188308.282 6089103.465 6102786.507 5979635.654 6126731.479 6424344.31 6465393.801 6345663.576 5812011.398 1512012.265 0 0 0 0 0 0 
0 0 0 0 0 0 1878042.391 6061732.958 6184884.02 6102784.467 6355927.509 6290932.059 5928323.061 6253303.707 6095945.231 6058316.238 6506447.173 6195150.465 6154100.452 6523551.79 6232779.946 6205413.119 6263567.36 6414084.352 6277250.309 6140416.202 5962531.925 6225936.52 6243040.224 6054893.265 6229355.686 6526968.321 6225933.39 2049084.499 0 0 0 0 0 0 
0 0 0 0 0 0 1936196.706 6061732.964 6198567.402 5955688.21 6195147.862 6154098.302 6284090.861 6065157.256 6205412.261 6133574.831 6157520.975 6085683.412 6229359.039 6078841.914 6037791.777 5880432.829 6273829.908 6154100.136 5955690.892 6280670.823 5983056.997 6095944.432 6092523.085 5839380.138 6140413.737 6017262.73 6130149.811 2096976.284 0 0 0 0 0 0 
0 0 0 0 0 0 1662529.325 6188304.071 6284088.428 6136992.844 6068576.593 6113048.112 5921481.305 6027527.91 6284091.614 6027528.574 6113049.928 6178046.179 6078841.788 6321721.856 6273830.028 5753861.511 6222517.144 6318300.64 6256725.183 6082261.786 6085682.274 6068577.612 6095943.887 6201989.47 6225934.773 6157517.23 6006999.43 1481224.675 0 0 0 0 0 0 
0 0 0 0 0 0 533651.3833 5948844.993 6243038.159 6048050.777 6191726.827 6236198.342 6201990.394 5979635.985 6171203.614 5965953.246 6126733.194 6215675.356 6024108.14 6184887.922 6246463.155 6198571.246 6201991.958 6201991.768 6188308.164 6000161.393 6325141.223 6089102.552 6150677.258 6126730.799 6253301.419 6099362.747 6075416.157 502863.8024 0 0 0 0 0 0 
0 0 0 0 0 0 0 5380985.022 6109625.135 5921479.431 6260143.512 6400398.679 6229356.977 5805172.704 6181465.982 6126732.763 6020686.835 6277250.368 6201991.93 5849644.939 5942007.756 6212254.456 6277250.356 6126733.021 6338825.123 6188307.682 6051473.513 6188306.865 6249881.554 6054892.923 6379872.376 5863324.425 5213363.758 0 0 0 0 0 0 0 
0 0 0 0 0 0 0 3284008.579 5952266.14 5979633.474 6208830.631 6273827.197 5897534.894 6184886.207 6366191.347 6366191.637 6054895.04 6335404.478 6249883.476 6089103.867 6010424.416 6116470.539 5897536.35 6024107.412 6068578.179 6007002.677 5846222.637 6270406.879 5914638.625 6007000.862 5880429.06 6236196.047 3212170.912 0 0 0 0 0 0 0 
0 0 0 0 0 0 0 872314.7686 6006999.322 6260142.359 6215671.974 6195147.513 6335402.584 6058314.686 6089102.612 6133573.911 6044632.19 6102786.713 6246462.322 5918061.294 6222516.487 6157520.322 6277249.757 6000161.226 6065156.978 5928322.912 6143835.779 6007001.571 5996738.536 6178042.682 6085679.37 6184883.132 814160.4401 0 0 0 0 0 0 0 
0 0 0 0 0 0 0 0 3810818.327 6109624.795 6171200.662 6089101.012 5928321.823 6314877.591 6243040.258 5928322.856 5983056.627 6236199.305 6075419.694 6359349.901 5942006.855 6458554.318 6157519.859 6010423.446 6130152.716 6174623.36 6301194.228 6222514.328 6085680.114 6273825.928 6331979.607 3797134.926 0 0 0 0 0 0 0 0 
0 0 0 0 0 0 0 0 502863.8129 5835957.078 6222512.821 6065154.668 5959108.982 6308035.464 6277248.243 6024106.099 5942006.103 6034369.06 5894114.543 6027527.571 6191728.095 6123311.104 6191727.826 6143835.932 6178044.108 6266985.708 6253301.91 6321718.375 5822274.78 6181462.755 5750436.012 543913.9125 0 0 0 0 0 0 0 0 
0 0 0 0 0 0 0 0 0 1580429.134 5996736.809 6143833.516 6119888.107 6181463.726 6345664.545 6256723.028 6044630.898 6225935.803 6099364.731 6208831.817 6191727.536 6321719.604 6044631.062 6034368.492 6167781.066 6308035.267 5976213.145 6147254.865 6061733.332 5993315.911 1525695.644 0 0 0 0 0 0 0 0 0 
0 0 0 0 0 0 0 0 0 0 2240651.695 6041207.793 6191725.227 5900954.029 6037788.172 6164359.674 6089101.359 5962530.314 5942005.425 6099364.219 6126730.968 6308035.638 5829117.423 6212251.717 5979634.144 6113046.644 5870166.455 6383292.529 5894111.455 2100397.139 0 0 0 0 0 0 0 0 0 0 
0 0 0 0 0 0 0 0 0 0 0 1744629.533 5856482.166 6082258.12 6212250.58 6318296.915 5859904.253 6109626.053 6061734.287 6246459.928 6174622.137 6085680.247 6034367.451 5993317.172 6314876.061 5979633.228 6225933.501 5599918.927 1710421.091 0 0 0 0 0 0 0 0 0 0 0 
0 0 0 0 0 0 0 0 0 0 0 0 639697.5014 3807397.453 5897532.385 5945424.456 6325138.237 6191725.521 6034366.871 6191725.723 6095942.148 6048050.251 6215671.392 6068575.022 6051470.529 5952265.843 3814239.205 588384.8733 0 0 0 0 0 0 0 0 0 0 0 0 
0 0 0 0 0 0 0 0 0 0 0 0 0 0 998885.8959 3386633.841 5432297.625 6345662.75 6054891.199 6147253.998 6266983.589 6147253.946 5918057.308 5339934.922 3379792.157 810739.6222 0 0 0 0 0 0 0 0 0 0 0 0 0 0 
0 0 0 0 0 0 0 0 0 0 0 0 0 0 0 0 0 622593.2424 1330707.614 1850675.579 1867779.871 1488066.343 578122.341 0 0 0 0 0 0 0 0 0 0 0 0 0 0 0 0 0 
0 0 0 0 0 0 0 0 0 0 0 0 0 0 0 0 0 0 0 0 0 0 0 0 0 0 0 0 0 0 0 0 0 0 0 0 0 0 0 0 
0 0 0 0 0 0 0 0 0 0 0 0 0 0 0 0 0 0 0 0 0 0 0 0 0 0 0 0 0 0 0 0 0 0 0 0 0 0 0 0 
0 0 0 0 0 0 0 0 0 0 0 0 0 0 0 0 0 0 0 0 0 0 0 0 0 0 0 0 0 0 0 0 0 0 0 0 0 0 0 0 
0 0 0 0 0 0 0 0 0 0 0 0 0 0 0 0 0 0 0 0 0 0 0 0 0 0 0 0 0 0 0 0 0 0 0 0 0 0 0 0 
0 0 0 0 0 0 0 0 0 0 0 0 0 0 0 0 0 0 0 0 0 0 0 0 0 0 0 0 0 0 0 0 0 0 0 0 0 0 0 0 
0 0 0 0 0 0 0 0 0 0 0 0 0 0 0 0 0 0 0 0 0 0 0 0 0 0 0 0 0 0 0 0 0 0 0 0 0 0 0 0 
# Errors [psd_source/PSD_source.dat] I_err:
0 0 0 0 0 0 0 0 0 0 0 0 0 0 0 0 0 0 0 0 0 0 0 0 0 0 0 0 0 0 0 0 0 0 0 0 0 0 0 0 
0 0 0 0 0 0 0 0 0 0 0 0 0 0 0 0 0 0 0 0 0 0 0 0 0 0 0 0 0 0 0 0 0 0 0 0 0 0 0 0 
0 0 0 0 0 0 0 0 0 0 0 0 0 0 0 0 0 0 0 0 0 0 0 0 0 0 0 0 0 0 0 0 0 0 0 0 0 0 0 0 
0 0 0 0 0 0 0 0 0 0 0 0 0 0 0 0 0 0 0 0 0 0 0 0 0 0 0 0 0 0 0 0 0 0 0 0 0 0 0 0 
0 0 0 0 0 0 0 0 0 0 0 0 0 0 0 0 0 0 0 0 0 0 0 0 0 0 0 0 0 0 0 0 0 0 0 0 0 0 0 0 
0 0 0 0 0 0 0 0 0 0 0 0 0 0 0 0 0 0 0 0 0 0 0 0 0 0 0 0 0 0 0 0 0 0 0 0 0 0 0 0 
0 0 0 0 0 0 0 0 0 0 0 0 0 0 0 0 0 42589.14109 72405.58274 81312.4921 82526.71011 74633.96417 44994.15448 0 0 0 0 0 0 0 0 0 0 0 0 0 0 0 0 0 
0 0 0 0 0 0 0 0 0 0 0 0 0 0 55792.24945 107089.3006 131735.7454 145617.0293 143838.1912 146418.4547 143878.8637 142325.1364 144366.0365 134243.5488 107362.1411 56728.25412 0 0 0 0 0 0 0 0 0 0 0 0 0 0 
0 0 0 0 0 0 0 0 0 0 0 0 42036.01226 115955.9562 140920.4405 141044.954 146338.5186 144609.0248 145174.3831 146937.051 145898.0493 143919.5408 143756.8241 147374.4148 144932.3443 143390.0301 113508.0651 45511.34559 0 0 0 0 0 0 0 0 0 0 0 0 
0 0 0 0 0 0 0 0 0 0 0 79493.18894 140878.9116 144972.7113 142735.6653 148560.7166 143716.1299 141913.4663 145295.2584 142489.5201 148796.8555 144122.6888 146138.4862 144932.3653 146418.4752 143919.5359 144851.5791 137175.3525 77857.0476 0 0 0 0 0 0 0 0 0 0 0 
0 0 0 0 0 0 0 0 0 0 86405.89774 143593.9103 148324.2053 144000.8296 145335.5188 145335.5252 144082.0933 146777.7097 143430.878 143960.2212 144568.5921 141954.7059 144163.2927 144932.3825 143063.2508 144082.0786 147493.4825 146937.042 143063.2124 86405.89754 0 0 0 0 0 0 0 0 0 0 
0 0 0 0 0 0 0 0 0 75491.40873 143553.1557 141913.4439 144932.3623 144689.9417 147255.2912 145978.2649 142448.4686 144730.4023 142899.5891 145134.1175 144568.6059 143756.8708 145174.4247 143430.8844 144649.5134 142694.6928 145657.2402 143756.8321 140212.8287 143267.5592 75024.92741 0 0 0 0 0 0 0 0 0 
0 0 0 0 0 0 0 0 46149.68342 141335.0325 145938.1378 143471.6405 145938.1631 144609.0529 141500.587 146538.3468 142489.5479 146458.4776 144851.6492 146857.4447 144447.1475 147175.834 144203.8983 142653.7076 147493.5236 142201.8019 143349.2631 146138.4896 143512.4173 144689.9184 139753.03 44733.31683 0 0 0 0 0 0 0 0 
0 0 0 0 0 0 0 0 116810.6197 143512.3983 142037.0887 143960.204 143756.853 145375.7986 145053.4657 146857.4409 145053.4791 144892.0429 146578.2944 146138.5399 143756.8936 146458.4914 144649.5462 143063.2902 145416.0564 144649.528 143797.5588 143919.566 146538.3193 144122.6749 142940.4713 117360.321 0 0 0 0 0 0 0 0 
0 0 0 0 0 0 0 55582.10771 142735.6493 148087.3325 142612.6482 144892.0048 144163.3001 141913.4966 144932.4111 145255.0285 147374.4899 145938.2177 146378.5781 142981.4869 144447.1666 141707.2251 144447.1627 142612.7043 145536.7262 143878.9331 143675.447 143797.5567 142981.4346 143878.8894 142899.5406 143675.3818 56625.01419 0 0 0 0 0 0 0 
0 0 0 0 0 0 0 106651.3077 146458.413 142817.6334 147175.7956 147889.6803 145657.2681 144730.4125 143797.5834 146418.539 143104.1988 143634.7491 145617.1322 146737.8971 143390.1299 147493.5636 145978.3125 145093.8263 148087.4064 144244.4759 142284.0895 141913.4933 144730.3919 145817.8343 144406.5816 141665.844 108608.3751 0 0 0 0 0 0 0 
0 0 0 0 0 0 0 132134.8789 145938.1383 141459.2051 146937.0733 144447.1274 144487.641 142366.3163 143022.3939 143756.9005 144244.4952 144649.5675 145375.8498 143185.9625 146897.3141 142325.24 146578.3137 146857.4682 144325.5934 143553.2423 145335.566 145134.1208 146378.5399 144082.0926 145737.5523 145978.2252 135760.4715 0 0 0 0 0 0 0 
0 0 0 0 0 0 41756.70068 143919.5201 142735.6665 146298.5502 144528.1098 144609.0683 143308.4661 146178.5683 145295.3146 141500.6284 142448.5161 144487.681 146258.6298 145496.5488 143919.6331 144932.449 145496.5443 145416.0885 144892.0597 145617.1209 143104.1871 146458.4789 145938.1872 147691.7266 142530.5725 146218.5241 143349.217 43135.17863 0 0 0 0 0 0 
0 0 0 0 0 0 69603.8424 143838.19 143145.0072 146458.4424 142078.3063 144041.4977 146618.1969 143878.9441 144690.0017 142489.5819 146698.0208 144406.67 144568.6548 144406.6746 144770.8787 146058.4704 144122.7642 147255.356 145496.5372 144325.5936 144487.6582 143022.3826 144770.8265 148245.3278 148718.1863 147334.7148 141003.4594 71919.0893 0 0 0 0 0 0 
0 0 0 0 0 0 80152.89603 144000.8121 145456.2367 144487.6099 147453.8378 146697.9788 142407.4077 146258.6047 144406.6545 143960.2721 149189.6351 145576.9559 145093.8482 149385.6111 146018.4075 145697.486 146378.597 148126.9331 146538.3889 144932.4329 142817.6964 145938.203 146138.518 143919.5719 145978.2511 149424.6749 145938.1296 83723.32289 0 0 0 0 0 0 
0 0 0 0 0 0 81384.41784 144000.8123 145617.0509 142735.6865 145576.8947 145093.7975 146618.198 144041.5207 145697.4659 144851.6756 145134.1612 144285.0658 145978.3296 144203.943 143716.2169 141831.0621 146498.4651 145093.8407 142735.7508 146578.3045 143063.2989 144406.6355 144366.0998 141335.0861 144932.3747 143471.6373 144811.1777 84696.07439 0 0 0 0 0 0 
0 0 0 0 0 0 75413.86163 145496.4382 146618.1413 144891.9968 144082.1001 144609.0715 142325.2084 143593.9949 146618.2156 143594.0107 144609.1145 145375.8534 144203.94 147056.5592 146498.4679 140296.3618 145898.139 147016.7572 146298.6191 144244.4893 144285.0388 144082.1243 144406.6226 145657.2554 145938.1621 145134.073 143349.2202 71183.11517 0 0 0 0 0 0 
0 0 0 0 0 0 42726.30539 142653.6413 146138.4696 143838.2194 145536.6922 146058.4156 145657.2772 143022.3905 145295.3145 142858.6709 144770.867 145817.9068 143553.2672 145456.3284 146178.5993 145617.1412 145657.3139 145657.3094 145496.5344 143267.6502 147096.3075 144325.572 145053.4609 144770.8104 146258.5512 144447.0881 144163.2456 41475.50739 0 0 0 0 0 0 
0 0 0 0 0 0 0 135674.2476 144568.5539 142325.1634 146338.549 147968.7937 145978.2813 140920.5156 145416.0713 144770.8568 143512.4915 146538.3903 145657.3132 141459.2825 142571.6925 145777.7739 146538.39 144770.8629 147255.3427 145496.5231 143878.9369 145496.5039 146218.5636 143919.5638 147731.3182 141624.5412 133544.3581 0 0 0 0 0 0 0 
0 0 0 0 0 0 0 105990.9211 142694.6587 143022.3304 145737.5614 146498.4018 142037.13 145456.2881 147572.8625 147572.8692 143919.6141 147215.6077 146218.6085 144325.6031 143390.1303 144649.5647 142037.1651 143553.2499 144082.1377 143349.2977 141417.8788 146458.4691 142242.9395 143349.2544 141830.9712 146058.3618 104825.236 0 0 0 0 0 0 0 
0 0 0 0 0 0 0 54626.46975 143349.2177 146338.522 145817.8274 145576.8865 147215.5637 143960.2352 144325.5734 144851.6539 143797.5891 144487.6631 146178.5798 142284.1119 145898.1236 145134.1458 146538.376 143267.6462 144041.5141 142407.4041 144972.7685 143349.2713 143226.756 145375.7711 144284.97 145456.2158 52774.18288 0 0 0 0 0 0 0 
0 0 0 0 0 0 0 0 114176.2171 144568.5459 145295.245 144325.5355 142407.378 146976.9017 146138.5187 142407.4028 143063.2901 146058.4381 144163.3295 147493.5492 142571.6709 148639.5293 145134.1349 143390.1071 144811.2463 145335.5534 146817.5774 145898.073 144284.9876 146498.3722 147175.7637 113971.0476 0 0 0 0 0 0 0 0 
0 0 0 0 0 0 0 0 41475.50825 141293.6277 145898.0376 144041.4593 142776.6713 146897.2508 146538.3407 143553.2186 142571.6528 143675.4538 141995.9419 143593.9868 145536.722 144730.4157 145536.7157 144972.7721 145375.8047 146418.5055 146258.5627 147056.4783 141127.9133 145415.9954 140254.5369 43135.17908 0 0 0 0 0 0 0 0 
0 0 0 0 0 0 0 0 0 73528.21774 143226.7148 144972.7151 144689.9317 145416.0183 147334.7373 146298.5687 143797.5584 145938.1862 144447.1351 145737.5893 145536.7089 147056.5068 143797.5623 143675.4403 145254.9985 146897.2462 142981.4266 145013.0813 144000.821 143185.8557 72243.78257 0 0 0 0 0 0 0 0 0 
0 0 0 0 0 0 0 0 0 0 87549.50633 143756.8091 145536.6546 142078.277 143716.1312 145214.6985 144325.5437 142817.6578 142571.6365 144447.1229 144770.8144 146897.2548 141210.831 145777.7097 143022.3465 144609.0368 141707.1536 147770.9032 141995.8675 84765.13 0 0 0 0 0 0 0 0 0 0 
0 0 0 0 0 0 0 0 0 0 0 77253.49421 141541.8752 144244.4023 145777.683 147016.6705 141583.2374 144568.5757 144000.8437 146178.5237 145335.5246 144284.9908 143675.4155 143185.8858 146976.8661 143022.3246 145938.1322 138406.7911 76492.35657 0 0 0 0 0 0 0 0 0 0 0 
0 0 0 0 0 0 0 0 0 0 0 0 46779.31425 114124.9586 142037.0696 142612.6268 147096.2381 145536.6615 143675.4017 145536.6663 144406.5814 143838.2069 145817.8138 144082.0628 143878.866 142694.6516 114227.4527 44863.92599 0 0 0 0 0 0 0 0 0 0 0 0 
0 0 0 0 0 0 0 0 0 0 0 0 0 0 58455.37559 107634.289 136319.6012 147334.6956 143919.5228 145013.0609 146418.456 145013.0596 142284.016 135155.7456 107525.5126 52663.19762 0 0 0 0 0 0 0 0 0 0 0 0 0 0 
0 0 0 0 0 0 0 0 0 0 0 0 0 0 0 0 0 46149.68155 67469.55428 79566.75779 79933.59937 71347.32015 44470.94931 0 0 0 0 0 0 0 0 0 0 0 0 0 0 0 0 0 
0 0 0 0 0 0 0 0 0 0 0 0 0 0 0 0 0 0 0 0 0 0 0 0 0 0 0 0 0 0 0 0 0 0 0 0 0 0 0 0 
0 0 0 0 0 0 0 0 0 0 0 0 0 0 0 0 0 0 0 0 0 0 0 0 0 0 0 0 0 0 0 0 0 0 0 0 0 0 0 0 
0 0 0 0 0 0 0 0 0 0 0 0 0 0 0 0 0 0 0 0 0 0 0 0 0 0 0 0 0 0 0 0 0 0 0 0 0 0 0 0 
0 0 0 0 0 0 0 0 0 0 0 0 0 0 0 0 0 0 0 0 0 0 0 0 0 0 0 0 0 0 0 0 0 0 0 0 0 0 0 0 
0 0 0 0 0 0 0 0 0 0 0 0 0 0 0 0 0 0 0 0 0 0 0 0 0 0 0 0 0 0 0 0 0 0 0 0 0 0 0 0 
0 0 0 0 0 0 0 0 0 0 0 0 0 0 0 0 0 0 0 0 0 0 0 0 0 0 0 0 0 0 0 0 0 0 0 0 0 0 0 0 
# Events [psd_source/PSD_source.dat] N:
0 0 0 0 0 0 0 0 0 0 0 0 0 0 0 0 0 0 0 0 0 0 0 0 0 0 0 0 0 0 0 0 0 0 0 0 0 0 0 0 
0 0 0 0 0 0 0 0 0 0 0 0 0 0 0 0 0 0 0 0 0 0 0 0 0 0 0 0 0 0 0 0 0 0 0 0 0 0 0 0 
0 0 0 0 0 0 0 0 0 0 0 0 0 0 0 0 0 0 0 0 0 0 0 0 0 0 0 0 0 0 0 0 0 0 0 0 0 0 0 0 
0 0 0 0 0 0 0 0 0 0 0 0 0 0 0 0 0 0 0 0 0 0 0 0 0 0 0 0 0 0 0 0 0 0 0 0 0 0 0 0 
0 0 0 0 0 0 0 0 0 0 0 0 0 0 0 0 0 0 0 0 0 0 0 0 0 0 0 0 0 0 0 0 0 0 0 0 0 0 0 0 
0 0 0 0 0 0 0 0 0 0 0 0 0 0 0 0 0 0 0 0 0 0 0 0 0 0 0 0 0 0 0 0 0 0 0 0 0 0 0 0 
0 0 0 0 0 0 0 0 0 0 0 0 0 0 0 0 0 155 448 565 582 476 173 0 0 0 0 0 0 0 0 0 0 0 0 0 0 0 0 0 
0 0 0 0 0 0 0 0 0 0 0 0 0 0 266 980 1483 1812 1768 1832 1769 1731 1781 1540 985 275 0 0 0 0 0 0 0 0 0 0 0 0 0 0 
0 0 0 0 0 0 0 0 0 0 0 0 151 1149 1697 1700 1830 1787 1801 1845 1819 1770 1766 1856 1795 1757 1101 177 0 0 0 0 0 0 0 0 0 0 0 0 
0 0 0 0 0 0 0 0 0 0 0 540 1696 1796 1741 1886 1765 1721 1804 1735 1892 1775 1825 1795 1832 1770 1793 1608 518 0 0 0 0 0 0 0 0 0 0 0 
0 0 0 0 0 0 0 0 0 0 638 1762 1880 1772 1805 1805 1774 1841 1758 1771 1786 1722 1776 1795 1749 1774 1859 1845 1749 638 0 0 0 0 0 0 0 0 0 0 
0 0 0 0 0 0 0 0 0 487 1761 1721 1795 1789 1853 1821 1734 1790 1745 1800 1786 1766 1801 1758 1788 1740 1813 1766 1680 1754 481 0 0 0 0 0 0 0 0 0 
0 0 0 0 0 0 0 0 182 1707 1820 1759 1820 1787 1711 1835 1735 1833 1793 1843 1783 1851 1777 1739 1859 1728 1756 1825 1760 1789 1669 171 0 0 0 0 0 0 0 0 
0 0 0 0 0 0 0 0 1166 1760 1724 1771 1766 1806 1798 1843 1798 1794 1836 1825 1766 1833 1788 1749 1807 1788 1767 1770 1835 1775 1746 1177 0 0 0 0 0 0 0 0 
0 0 0 0 0 0 0 264 1741 1874 1738 1794 1776 1721 1795 1803 1856 1820 1831 1747 1783 1716 1783 1738 1810 1769 1764 1767 1747 1769 1745 1764 274 0 0 0 0 0 0 0 
0 0 0 0 0 0 0 972 1833 1743 1851 1869 1813 1790 1767 1832 1750 1763 1812 1840 1757 1859 1821 1799 1874 1778 1730 1721 1790 1817 1782 1715 1008 0 0 0 0 0 0 0 
0 0 0 0 0 0 0 1492 1820 1710 1845 1783 1784 1732 1748 1766 1778 1788 1806 1752 1844 1731 1836 1843 1780 1761 1805 1800 1831 1774 1815 1821 1575 0 0 0 0 0 0 0 
0 0 0 0 0 0 149 1770 1741 1829 1785 1787 1755 1826 1804 1711 1734 1784 1828 1809 1770 1795 1809 1807 1794 1812 1750 1833 1820 1864 1736 1827 1756 159 0 0 0 0 0 0 
0 0 0 0 0 0 414 1768 1751 1833 1725 1773 1837 1769 1789 1735 1839 1782 1786 1782 1791 1823 1775 1853 1809 1780 1784 1748 1791 1878 1890 1855 1699 442 0 0 0 0 0 0 
0 0 0 0 0 0 549 1772 1808 1784 1858 1839 1733 1828 1782 1771 1902 1811 1799 1907 1822 1814 1831 1875 1835 1795 1743 1820 1825 1770 1821 1908 1820 599 0 0 0 0 0 0 
0 0 0 0 0 0 566 1772 1812 1741 1811 1799 1837 1773 1814 1793 1800 1779 1821 1777 1765 1719 1834 1799 1741 1836 1749 1782 1781 1707 1795 1759 1792 613 0 0 0 0 0 0 
0 0 0 0 0 0 486 1809 1837 1794 1774 1787 1731 1762 1837 1762 1787 1806 1777 1848 1834 1682 1819 1847 1829 1778 1779 1774 1782 1813 1820 1800 1756 433 0 0 0 0 0 0 
0 0 0 0 0 0 156 1739 1825 1768 1810 1823 1813 1748 1804 1744 1791 1817 1761 1808 1826 1812 1813 1813 1809 1754 1849 1780 1798 1791 1828 1783 1776 147 0 0 0 0 0 0 
0 0 0 0 0 0 0 1573 1786 1731 1830 1871 1821 1697 1807 1791 1760 1835 1813 1710 1737 1816 1835 1791 1853 1809 1769 1809 1827 1770 1865 1714 1524 0 0 0 0 0 0 0 
0 0 0 0 0 0 0 960 1740 1748 1815 1834 1724 1808 1861 1861 1770 1852 1827 1780 1757 1788 1724 1761 1774 1756 1709 1833 1729 1756 1719 1823 939 0 0 0 0 0 0 0 
0 0 0 0 0 0 0 255 1756 1830 1817 1811 1852 1771 1780 1793 1767 1784 1826 1730 1819 1800 1835 1754 1773 1733 1796 1756 1753 1806 1779 1808 238 0 0 0 0 0 0 0 
0 0 0 0 0 0 0 0 1114 1786 1804 1780 1733 1846 1825 1733 1749 1823 1776 1859 1737 1888 1800 1757 1792 1805 1842 1819 1779 1834 1851 1110 0 0 0 0 0 0 0 0 
0 0 0 0 0 0 0 0 147 1706 1819 1773 1742 1844 1835 1761 1737 1764 1723 1762 1810 1790 1810 1796 1806 1832 1828 1848 1702 1807 1681 159 0 0 0 0 0 0 0 0 
0 0 0 0 0 0 0 0 0 462 1753 1796 1789 1807 1855 1829 1767 1820 1783 1815 1810 1848 1767 1764 1803 1844 1747 1797 1772 1752 446 0 0 0 0 0 0 0 0 0 
0 0 0 0 0 0 0 0 0 0 655 1766 1810 1725 1765 1802 1780 1743 1737 1783 1791 1844 1704 1816 1748 1787 1716 1866 1723 614 0 0 0 0 0 0 0 0 0 0 
0 0 0 0 0 0 0 0 0 0 0 510 1712 1778 1816 1847 1713 1786 1772 1826 1805 1779 1764 1752 1846 1748 1820 1637 500 0 0 0 0 0 0 0 0 0 0 0 
0 0 0 0 0 0 0 0 0 0 0 0 187 1113 1724 1738 1849 1810 1764 1810 1782 1768 1817 1774 1769 1740 1115 172 0 0 0 0 0 0 0 0 0 0 0 0 
0 0 0 0 0 0 0 0 0 0 0 0 0 0 292 990 1588 1855 1770 1797 1832 1797 1730 1561 988 237 0 0 0 0 0 0 0 0 0 0 0 0 0 0 
0 0 0 0 0 0 0 0 0 0 0 0 0 0 0 0 0 182 389 541 546 435 169 0 0 0 0 0 0 0 0 0 0 0 0 0 0 0 0 0 
0 0 0 0 0 0 0 0 0 0 0 0 0 0 0 0 0 0 0 0 0 0 0 0 0 0 0 0 0 0 0 0 0 0 0 0 0 0 0 0 
0 0 0 0 0 0 0 0 0 0 0 0 0 0 0 0 0 0 0 0 0 0 0 0 0 0 0 0 0 0 0 0 0 0 0 0 0 0 0 0 
0 0 0 0 0 0 0 0 0 0 0 0 0 0 0 0 0 0 0 0 0 0 0 0 0 0 0 0 0 0 0 0 0 0 0 0 0 0 0 0 
0 0 0 0 0 0 0 0 0 0 0 0 0 0 0 0 0 0 0 0 0 0 0 0 0 0 0 0 0 0 0 0 0 0 0 0 0 0 0 0 
0 0 0 0 0 0 0 0 0 0 0 0 0 0 0 0 0 0 0 0 0 0 0 0 0 0 0 0 0 0 0 0 0 0 0 0 0 0 0 0 
0 0 0 0 0 0 0 0 0 0 0 0 0 0 0 0 0 0 0 0 0 0 0 0 0 0 0 0 0 0 0 0 0 0 0 0 0 0 0 0 
