# Format: McCode with text headers
# URL: http://www.mccode.org
# Creator: McStas 2.5 - Dec. 12, 2018
# Instrument: ESS_HEIMDAL.instr
# Ncount: 25000
# Trace: no
# Gravitation: no
# Seed: 1565850499
# Directory: TemperatureScan/9
# Nodes: 4
# Param: lmax=4
# Param: lmin=0.5
# Param: T=190
# Param: tau=0
# Param: use_CoFe2O4=1
# Param: use_CoFe=1
# Param: use_magn=1
# Date: Wed Aug 14 12:13:32 2019 (1565777612)
# type: array_2d(40, 40)
# Source: ESS_HEIMDAL (ESS_HEIMDAL.instr)
# component: psd_source
# position: 0 0 0.01
# title: PSD monitor
# Ncount: 100000
# filename: PSD_source.dat
# statistics: X0=0.0382575; dX=5.00148; Y0=0.0065025; dY=5.00232;
# signal: Min=0; Max=7.6969e+06; Mean=2.13803e+06;
# values: 3.42084e+09 1.08177e+07 100000
# xvar: X 
# yvar: Y 
# xlabel: X position [cm]
# ylabel: Y position [cm]
# zvar: I
# zlabel: Signal per bin
# xylimits: -15 15 -15 15
# variables: I I_err N
# Data [psd_source/PSD_source.dat] I:
0 0 0 0 0 0 0 0 0 0 0 0 0 0 0 0 0 0 0 0 0 0 0 0 0 0 0 0 0 0 0 0 0 0 0 0 0 0 0 0 
0 0 0 0 0 0 0 0 0 0 0 0 0 0 0 0 0 0 0 0 0 0 0 0 0 0 0 0 0 0 0 0 0 0 0 0 0 0 0 0 
0 0 0 0 0 0 0 0 0 0 0 0 0 0 0 0 0 0 0 0 0 0 0 0 0 0 0 0 0 0 0 0 0 0 0 0 0 0 0 0 
0 0 0 0 0 0 0 0 0 0 0 0 0 0 0 0 0 0 0 0 0 0 0 0 0 0 0 0 0 0 0 0 0 0 0 0 0 0 0 0 
0 0 0 0 0 0 0 0 0 0 0 0 0 0 0 0 0 0 0 0 0 0 0 0 0 0 0 0 0 0 0 0 0 0 0 0 0 0 0 0 
0 0 0 0 0 0 0 0 0 0 0 0 0 0 0 0 0 0 0 0 0 0 0 0 0 0 0 0 0 0 0 0 0 0 0 0 0 0 0 0 
0 0 0 0 0 0 0 0 0 0 0 0 0 0 0 0 0 923627.4105 1299919.928 1915671.645 2086713.925 1573587.372 444709.4921 0 0 0 0 0 0 0 0 0 0 0 0 0 0 0 0 0 
0 0 0 0 0 0 0 0 0 0 0 0 0 0 957835.8065 3284008.676 4926012.863 6431183.703 5952265.729 5747015.569 6260141.992 6362767.094 6054891.231 4789179.374 3249800.209 821002.1362 0 0 0 0 0 0 0 0 0 0 0 0 0 0 
0 0 0 0 0 0 0 0 0 0 0 0 581543.277 3660301.201 5404931.112 6465392.481 5883849.409 6260142.476 5712807.836 6533809.977 6396976.354 6465393.019 5986474.894 6978519.246 6499600.76 5952265.578 3968176.969 615751.5842 0 0 0 0 0 0 0 0 0 0 0 0 
0 0 0 0 0 0 0 0 0 0 0 1573587.499 5302305.722 6328558.923 6089100.157 6225933.928 4618137.965 6533810.604 7046937.4 6260143.027 6670644.617 5541766.023 6020684.167 6260143.032 5747016.149 6123308.456 5370722.851 5336514.268 1676212.598 0 0 0 0 0 0 0 0 0 0 0 
0 0 0 0 0 0 0 0 0 0 2360381.235 6807476.498 6089100.108 6465393.145 5302306.919 5644391.177 6910103.569 6739061.666 6328560.596 5268099.187 5747017.438 7115354.654 5712808.657 6978520.597 6191726.387 5781224.834 6739060.661 6191725.336 6191724.975 1778837.991 0 0 0 0 0 0 0 0 0 0 
0 0 0 0 0 0 0 0 0 1881463.23 6499600.575 5507556.877 6157517.45 5575974.449 5918059.172 5815434.179 6123310.424 5952268.33 6123310.541 6020685.275 5815434.716 5678601.079 6807479.351 6294352.467 6020684.671 6704852.988 6465393.86 6739060.82 5883849.591 5678598.516 1402545.405 0 0 0 0 0 0 0 0 0 
0 0 0 0 0 0 0 0 547334.7196 5507556.284 5747015.858 5712807.764 6294351.674 6054893 6054893.292 6533811.993 6636437.645 6362770.136 6328562.092 6054894.376 6636437.801 5918060.626 6704854.666 6157519.363 6294352.823 5918059.703 6396977.467 6499602.307 6157517.482 5644390.658 5370722.541 649959.9944 0 0 0 0 0 0 0 0 
0 0 0 0 0 0 0 0 3797134.889 5952266.078 4857597.064 5199681.639 5473349.493 5610183.745 5336516.632 5712809.844 6260144.996 5918060.701 6191728.542 6054894.9 5747018.722 5439142.765 6123311.516 6054894.335 5097057.615 6704854.182 5712809.136 5712808.687 6396976.988 5507557.087 6294350.437 3626092.949 0 0 0 0 0 0 0 0 
0 0 0 0 0 0 0 1026252.681 6533809.102 6294350.839 5952267.13 6465394.069 5952268.198 6978521.657 6157519.525 5849643.82 6157520.037 5541768.223 5883852.783 6841689.389 6294354.159 6225937.311 6602229.986 6225936.896 6910105.673 6396978.625 6533812.013 6225935.645 6431185.668 6807477.851 6123308.658 6499600.626 752585.3082 0 0 0 0 0 0 0 
0 0 0 0 0 0 0 3591884.37 5952266.038 6602226.889 6054892.62 5507558.295 6431186.539 6396978.611 6294353.606 5849644.094 6328562.658 5986478.304 6054895.363 6533813.698 6465396.808 6260146.039 6123312.121 6020686.506 6089103.242 5644393.208 6020685.654 5507558.664 6294352.295 6704853 5678599.297 6362767.105 3899760.265 0 0 0 0 0 0 0 
0 0 0 0 0 0 0 5028638.194 5747015.79 6123309.254 5233890.414 5610183.76 6362769.89 7183772.924 5404934.266 5883852.757 5268100.943 6773272.846 6294354.752 6089103.978 6841689.999 6875898.383 6089103.894 6294354.391 5849644.297 6191728.464 7012730.8 6294352.986 6362769.425 6020684.538 6089100.697 6089100.053 5815432.065 0 0 0 0 0 0 0 
0 0 0 0 0 0 478917.9069 5747015.263 6191725.49 5131264.848 6020684.695 6875896.185 5712809.745 6465395.898 6602230.123 5849644.54 6294354.606 5986478.756 6260146.436 6739064.829 5507560.59 6123312.632 5336518.191 5370726.427 6157520.609 5781227.355 5883852.378 7012730.443 5610183.938 6670644.946 5678599.768 6225933.988 6807476.418 889418.9729 0 0 0 0 0 0 
0 0 0 0 0 0 1436753.737 6739059.719 4994430.638 5507557.715 6054893.174 6294352.816 6225936.475 5849644.04 6739063.987 6260146.013 5918061.816 6157521.111 6704856.451 6499605.807 6362772.019 5849645.187 6978523.873 6396980.063 6054895.33 6225937.268 5199683.553 6123311.169 5507558.722 7286396.96 5883850.423 5473348.662 6362767.064 1128877.913 0 0 0 0 0 0 
0 0 0 0 0 0 1881463.206 6054891.303 6807477.439 6465393.875 5918059.507 6054893.814 6533812.499 5541768.06 5781227.486 6054895.371 6704856.205 6225938.058 7046941.061 5062850.889 6089104.467 6875898.785 5404935.245 6328563.232 5815436.282 6020686.617 6568021.439 5781226.785 5370725.015 6704853.548 5747016.734 6020683.572 5781223.882 1949880.062 0 0 0 0 0 0 
0 0 0 0 0 0 1573587.451 5747015.441 6465393.157 5952267.326 5644392.002 6294352.897 5678601.4 5302308.946 5575976.822 5336517.962 5952270.289 5712811.287 5336518.44 5918062.173 6739065.038 5883853.663 6602231.056 6123312.531 6602230.502 6636438.705 6396979.204 6602229.381 6465395.121 5507558.318 6533810.701 5610182.486 6157516.566 2120922.185 0 0 0 0 0 0 
0 0 0 0 0 0 1402545.319 6944310.322 5644390.779 6225934.788 7081146.319 6670645.655 6294353.297 5644393.321 5952269.685 6123312.218 5815436.401 6020687.324 5815436.768 4994433.929 5747019.864 6294355.006 6636439.367 5644394.175 6294354.484 6225937.275 6396979.083 5747018.203 6260144.385 5439141.367 5815433.577 6362767.774 6294350.198 1539379.01 0 0 0 0 0 0 
0 0 0 0 0 0 581543.1968 6054891.096 5918058.169 6739061.038 5610183.353 5918059.872 6499603.872 6499604.287 5747018.912 6807481.074 5233892.688 5268101.28 5952270.41 6157521.194 6704856.335 5952270.357 6225937.968 6089103.904 6225937.394 5575976.626 6636437.953 6431186.964 6089102.054 6499602.76 6875894.854 7286395.288 5849640.529 410501.0674 0 0 0 0 0 0 
0 0 0 0 0 0 0 4549720.382 5473348.415 6739060.937 6636436.249 5918059.628 5575975.702 6704854.748 6020686.285 6465396.497 5747019.225 6944315.088 6225937.782 6739064.602 5883853.434 6054895.593 5644394.035 6225937.504 7286399.209 5883852.553 6465395.645 5644392.681 5404933.219 6396977.287 6362768.181 6225933.78 5370722.428 0 0 0 0 0 0 0 
0 0 0 0 0 0 0 2873507.529 6875893.592 6157517.37 6157518.029 6191726.933 5712809.318 6328561.668 5815435.336 5747018.8 7696900.512 6602230.496 5815436.19 6123312.284 6362771.531 5575977.015 6089103.665 6533813.257 6294353.772 6499604.227 5747018.167 5952268.449 5610183.546 5473349.273 6568018.618 6328558.861 3831343.354 0 0 0 0 0 0 0 
0 0 0 0 0 0 0 513126.2916 6499600.604 5952266.347 6944311.525 6225935.153 5883851.216 6191727.523 6294353.299 5849643.834 6157520.089 5610185.083 5849644.328 5507559.996 5644393.696 6157520.319 5370725.891 5849644.042 6089102.892 6431186.966 6841687.9 6020684.93 6533811.072 6123309.244 5644390.592 6294350.152 752585.2735 0 0 0 0 0 0 0 
0 0 0 0 0 0 0 0 3660301.198 6157516.666 5815433.146 5986475.786 5952267.833 6739062.021 5952268.478 6054894.14 6089102.706 6944314.049 5849644.083 6533813.023 6773272.177 6328562.265 6465395.957 5507559.37 6568020.804 6225936.063 6020684.95 6773270.147 6875895.003 5918058.362 6225933.377 4481303.411 0 0 0 0 0 0 0 0 
0 0 0 0 0 0 0 0 615751.6212 5199680.394 6910102.437 6294351.135 5986475.781 6568019.687 6020685.082 6089102.269 7046938.847 6431186.83 6294353.343 5815435.332 6773271.581 6260145.091 6054894.176 5918060.428 6773270.738 6841687.494 6739061.773 5131264.811 6431184.775 6054891.63 5541764.694 444709.481 0 0 0 0 0 0 0 0 
0 0 0 0 0 0 0 0 0 1847254.723 5404931.019 6533809.69 5473348.599 5952267.163 5199681.961 6499602.969 6054893.32 5302308.008 5849643.146 6328561.338 5062849.049 5678600.95 6089102.042 5952268.173 6396977.459 6294351.981 6465393.786 6294351.237 6636435.09 6123308.034 1402545.191 0 0 0 0 0 0 0 0 0 
0 0 0 0 0 0 0 0 0 0 2086713.875 5165472.111 6157516.737 6260142.826 6123309.427 5883850.478 6465394.318 5986476.325 5062848.72 5644392.063 6260143.886 5610183.771 6089101.358 5336515.747 6807478.232 6739060.993 6978519.654 5918057.974 5952265.854 2360381.204 0 0 0 0 0 0 0 0 0 0 
0 0 0 0 0 0 0 0 0 0 0 1710421.008 6396975.303 5918057.722 6054891.53 6362768.112 6362768.143 5849642.091 5986476.049 6499602.321 6739061.215 6396976.926 5952267.155 6396976.535 6157517.447 6294350.464 5815432.265 4960221.518 1744629.637 0 0 0 0 0 0 0 0 0 0 0 
0 0 0 0 0 0 0 0 0 0 0 0 513126.305 4105010.611 6533809.283 5610181.822 6875894.083 5199680.922 6089100.48 6465392.882 6431184.585 5747015.962 5918057.914 6089100.174 6362767.137 5986474.332 4481303.348 444709.4595 0 0 0 0 0 0 0 0 0 0 0 0 
0 0 0 0 0 0 0 0 0 0 0 0 0 0 855210.5555 3147174.845 4447095.106 5473347.91 5781223.85 6841684.997 6602226.009 6431184.068 6260141.55 5575973.026 3215591.603 992044.2 0 0 0 0 0 0 0 0 0 0 0 0 0 0 
0 0 0 0 0 0 0 0 0 0 0 0 0 0 0 0 0 307875.8198 1436753.643 1642004.42 1881463.364 1744629.468 547334.7569 0 0 0 0 0 0 0 0 0 0 0 0 0 0 0 0 0 
0 0 0 0 0 0 0 0 0 0 0 0 0 0 0 0 0 0 0 0 0 0 0 0 0 0 0 0 0 0 0 0 0 0 0 0 0 0 0 0 
0 0 0 0 0 0 0 0 0 0 0 0 0 0 0 0 0 0 0 0 0 0 0 0 0 0 0 0 0 0 0 0 0 0 0 0 0 0 0 0 
0 0 0 0 0 0 0 0 0 0 0 0 0 0 0 0 0 0 0 0 0 0 0 0 0 0 0 0 0 0 0 0 0 0 0 0 0 0 0 0 
0 0 0 0 0 0 0 0 0 0 0 0 0 0 0 0 0 0 0 0 0 0 0 0 0 0 0 0 0 0 0 0 0 0 0 0 0 0 0 0 
0 0 0 0 0 0 0 0 0 0 0 0 0 0 0 0 0 0 0 0 0 0 0 0 0 0 0 0 0 0 0 0 0 0 0 0 0 0 0 0 
0 0 0 0 0 0 0 0 0 0 0 0 0 0 0 0 0 0 0 0 0 0 0 0 0 0 0 0 0 0 0 0 0 0 0 0 0 0 0 0 
# Errors [psd_source/PSD_source.dat] I_err:
0 0 0 0 0 0 0 0 0 0 0 0 0 0 0 0 0 0 0 0 0 0 0 0 0 0 0 0 0 0 0 0 0 0 0 0 0 0 0 0 
0 0 0 0 0 0 0 0 0 0 0 0 0 0 0 0 0 0 0 0 0 0 0 0 0 0 0 0 0 0 0 0 0 0 0 0 0 0 0 0 
0 0 0 0 0 0 0 0 0 0 0 0 0 0 0 0 0 0 0 0 0 0 0 0 0 0 0 0 0 0 0 0 0 0 0 0 0 0 0 0 
0 0 0 0 0 0 0 0 0 0 0 0 0 0 0 0 0 0 0 0 0 0 0 0 0 0 0 0 0 0 0 0 0 0 0 0 0 0 0 0 
0 0 0 0 0 0 0 0 0 0 0 0 0 0 0 0 0 0 0 0 0 0 0 0 0 0 0 0 0 0 0 0 0 0 0 0 0 0 0 0 
0 0 0 0 0 0 0 0 0 0 0 0 0 0 0 0 0 0 0 0 0 0 0 0 0 0 0 0 0 0 0 0 0 0 0 0 0 0 0 0 
0 0 0 0 0 0 0 0 0 0 0 0 0 0 0 0 0 177752.178 210874.8581 255992.3915 267176.3402 232012.8003 123340.2213 0 0 0 0 0 0 0 0 0 0 0 0 0 0 0 0 0 
0 0 0 0 0 0 0 0 0 0 0 0 0 0 181013.9529 335172.732 410501.072 469042.2781 451240.1004 443391.8773 462763.012 466540.7189 455113.4944 404759.5324 333422.4663 167586.3593 0 0 0 0 0 0 0 0 0 0 0 0 0 0 
0 0 0 0 0 0 0 0 0 0 0 0 141044.9622 353854.6732 429993.2316 470288.1022 448639.3115 462763.0477 442070.3427 472769.8975 467793.2406 470288.1414 452534.9657 488594.0758 471530.5987 451240.0889 368435.9821 145134.0402 0 0 0 0 0 0 0 0 0 0 0 0 
0 0 0 0 0 0 0 0 0 0 0 232012.819 425891.4443 465284.9057 456397.3525 461496.9269 397466.0318 472769.9429 490983.3936 462763.0885 477694.783 435402.2594 453826.1446 462763.0888 443391.922 457677.5624 428630.3467 427263.0887 239458.9426 0 0 0 0 0 0 0 0 0 0 0 
0 0 0 0 0 0 0 0 0 0 284156.5085 482569.2143 456397.3489 470288.1506 425891.5405 439415.2572 486193.1905 480138.2634 465285.0287 424515.5302 443392.0215 493361.0779 442070.4062 488594.1704 460227.3979 444709.6026 480138.1918 460227.3197 460227.2929 246680.4457 0 0 0 0 0 0 0 0 0 0 
0 0 0 0 0 0 0 0 0 253696.4502 471530.5852 434056.2888 458954.253 436744.0256 449941.7069 446023.441 457677.7095 451240.2976 457677.7182 453826.2281 446023.4822 440744.9213 482569.4166 464025.8202 453826.1826 478918.0706 470288.2025 480138.2031 448639.3253 440744.7223 219040.7921 0 0 0 0 0 0 0 0 0 
0 0 0 0 0 0 0 0 136833.6799 434056.2421 443391.8996 442070.3371 464025.7618 455113.6273 455113.6493 472770.0434 476468.4552 466540.942 465285.1387 455113.7308 476468.4663 449941.8175 478918.1904 458954.3956 464025.8465 449941.7474 467793.322 471530.7109 458954.2554 439415.2168 428630.322 149111.0491 0 0 0 0 0 0 0 0 
0 0 0 0 0 0 0 0 360408.0941 451240.1269 407640.4903 421749.8725 432706.2707 438081.7502 427263.278 442070.498 462763.234 449941.8232 460227.558 455113.7701 443392.1206 431352.0795 457677.7911 455113.7277 417567.2299 478918.1559 442070.4432 442070.4085 467793.2869 434056.3053 464025.6706 352197.2817 0 0 0 0 0 0 0 0 
0 0 0 0 0 0 0 187367.2477 472769.8342 464025.7002 451240.2066 470288.2178 451240.2876 488594.2446 458954.4077 447333.4433 458954.4458 435402.4322 448639.5687 483780.4962 464025.9449 461497.1777 475238.9134 461497.1469 486193.3385 467793.4066 472770.0448 461497.0543 469042.4214 482569.3102 457677.5775 471530.5889 160451.7268 0 0 0 0 0 0 0 
0 0 0 0 0 0 0 350532.0219 451240.1239 475238.6905 455113.5988 434056.4005 469042.4849 467793.4056 464025.9042 447333.4642 465285.1803 452535.2235 455113.805 472770.1668 470288.417 462763.3111 457677.8363 453826.3209 456397.5837 439415.4153 453826.2567 434056.4296 464025.8076 478918.0714 440744.7829 466540.7197 365246.0132 0 0 0 0 0 0 0 
0 0 0 0 0 0 0 414755.0879 443391.8944 457677.622 423134.9609 438081.7514 466540.924 495727.4281 429993.4826 448639.5668 424515.6717 481355.5409 464025.9887 456397.6389 483780.5393 484988.4779 456397.6326 464025.9621 447333.4797 460227.5523 489790.3647 464025.8585 466540.8899 453826.1726 456397.393 456397.3447 446023.2789 0 0 0 0 0 0 0 
0 0 0 0 0 0 127996.1946 443391.8537 460227.3312 418966.0204 453826.1844 484988.323 442070.4904 470288.3508 475238.9233 447333.4984 464025.9779 452535.2576 462763.3405 480138.4887 434056.5814 457677.8745 427263.4028 428630.6322 458954.4885 444709.7966 448639.5378 489790.3397 438081.7652 477694.8065 440744.8195 461496.9314 482569.2086 174429.4115 0 0 0 0 0 0 
0 0 0 0 0 0 221695.9147 480138.1246 413342.0207 434056.3548 455113.6404 464025.8459 461497.1157 447333.4601 480138.4287 462763.3092 449941.908 458954.5259 478918.3179 471530.9648 466541.0801 447333.5478 488594.3998 467793.5117 455113.8025 461497.1745 421750.0277 457677.7652 434056.4342 499255.6932 448639.3888 432706.205 466540.7168 196512.4209 0 0 0 0 0 0 
0 0 0 0 0 0 253696.447 455113.4998 482569.281 470288.2036 449941.7324 455113.6885 472770.08 435402.4194 444709.8066 455113.8055 478918.3003 461497.2331 490983.6487 416163.7795 456397.6755 484988.5063 429993.5604 465285.2225 446023.6023 453826.3293 474006.1182 444709.7527 428630.5194 478918.1105 443391.9672 453826.0998 444709.5294 258267.9235 0 0 0 0 0 0 
0 0 0 0 0 0 232012.812 443391.8674 470288.1514 451240.2215 439415.3214 464025.8519 440744.9462 425891.7033 436744.2114 427263.3845 451240.4461 442070.6097 427263.4227 449941.9351 480138.5036 448639.6359 475238.9904 457677.867 475238.9506 476468.5313 467793.449 475238.8699 470288.2942 434056.4023 472769.9499 438081.6519 458954.1871 269357.3868 0 0 0 0 0 0 
0 0 0 0 0 0 219040.7786 487395.0353 439415.2262 461496.9907 492173.6919 477694.8573 464025.8814 439415.424 451240.4003 457677.8436 446023.6115 453826.3826 446023.6396 413342.293 443392.2086 464026.0074 476468.5788 439415.4906 464025.9689 461497.1751 467793.4401 443392.0805 462763.1888 431351.9686 446023.3949 466540.7688 464025.653 229477.0739 0 0 0 0 0 0 
0 0 0 0 0 0 141044.9427 455113.4842 449941.6307 480138.2187 438081.7195 449941.7602 471530.8244 471530.8545 443392.1352 482569.5387 423135.1448 424515.6988 451240.4552 458954.5321 478918.3096 451240.4512 461497.2264 456397.6334 461497.1839 436744.1962 476468.4773 469042.5159 456397.4947 471530.7438 484988.229 499255.5787 447333.1916 118501.4509 0 0 0 0 0 0 
0 0 0 0 0 0 0 394510.7902 432706.1855 480138.2115 476468.3549 449941.7416 436744.1237 478918.1963 453826.3043 470288.3943 443392.1594 487395.3698 461497.2127 480138.4726 448639.6183 455113.8223 439415.4797 461497.192 499255.8473 448639.5512 470288.3324 439415.3742 429993.3993 467793.3088 466540.7986 461496.916 428630.313 0 0 0 0 0 0 0 
0 0 0 0 0 0 0 313525.3753 484988.14 458954.2471 458954.2962 460227.4384 442070.4574 465285.1075 446023.5298 443392.1266 513126.7008 475238.9501 446023.5953 457677.8485 466541.0443 436744.2266 456397.6155 472770.1349 464025.9165 471530.8502 443392.0777 451240.3066 438081.7346 432706.2533 474005.9146 465284.9012 362027.918 0 0 0 0 0 0 0 
0 0 0 0 0 0 0 132488.6388 471530.5873 451240.1473 487395.1198 461497.0178 448639.4492 460227.4823 464025.8816 447333.4444 458954.4497 438081.8546 447333.4821 434056.5346 439415.4533 458954.4668 428630.5894 447333.4602 456397.5575 469042.5161 483780.3909 453826.2021 472769.9767 457677.6213 439415.2117 464025.6496 160451.7194 0 0 0 0 0 0 0 
0 0 0 0 0 0 0 0 353854.6729 458954.1946 446023.3618 452535.0331 451240.2599 480138.2887 451240.3088 455113.713 456397.5436 487395.2969 447333.4634 472770.1179 481355.4934 465285.1514 470288.3551 434056.4852 474006.0724 461497.0852 453826.2037 481355.3492 484988.2395 449941.6454 461496.8861 391533.2969 0 0 0 0 0 0 0 0 
0 0 0 0 0 0 0 0 145134.049 421749.7715 486193.1109 464025.722 452535.0327 474005.9918 453826.2136 456397.5108 490983.4944 469042.5061 464025.8848 446023.5294 481355.451 462763.241 455113.7157 449941.8024 481355.3911 483780.3622 480138.271 418966.0174 469042.3562 455113.5244 435402.155 123340.2182 0 0 0 0 0 0 0 0 
0 0 0 0 0 0 0 0 0 251379.5275 429993.2243 472769.8767 432706.2 451240.2091 421749.8986 471530.7589 455113.6514 425891.628 447333.3917 465285.0833 416163.6283 440744.9112 456397.4938 451240.2857 467793.3214 464025.7844 470288.1972 464025.7296 476468.2717 457677.5308 219040.7587 0 0 0 0 0 0 0 0 0 
0 0 0 0 0 0 0 0 0 0 267176.3339 420360.1588 458954.1999 462763.0736 457677.6349 448639.393 470288.2359 452535.0739 416163.6012 439415.3261 462763.1519 438081.7522 456397.4426 427263.2071 482569.3372 480138.2154 488594.1044 449941.6159 451240.1099 284156.5048 0 0 0 0 0 0 0 0 0 0 
0 0 0 0 0 0 0 0 0 0 0 241890.0587 467793.1637 449941.5967 455113.5169 466540.7936 466540.7959 447333.3111 452535.053 471530.7119 480138.2313 467793.2824 451240.2085 467793.2538 458954.2528 464025.6726 446023.2943 411923.9761 244297.0135 0 0 0 0 0 0 0 0 0 0 0 
0 0 0 0 0 0 0 0 0 0 0 0 132488.6422 374734.4851 472769.8473 438081.6 484988.1746 421749.8143 456397.3767 470288.1314 469042.3424 443391.9076 449941.6114 456397.3538 466540.7221 452534.9232 391533.2915 123340.2122 0 0 0 0 0 0 0 0 0 0 0 0 
0 0 0 0 0 0 0 0 0 0 0 0 0 0 171042.1111 328115.6594 390036.0425 432706.1455 444709.5269 483780.1856 475238.6272 469042.3047 462762.9793 436743.9142 331662.9499 184217.9832 0 0 0 0 0 0 0 0 0 0 0 0 0 0 
0 0 0 0 0 0 0 0 0 0 0 0 0 0 0 0 0 102625.2733 221695.9001 237002.9235 253696.4682 244296.9898 136833.6892 0 0 0 0 0 0 0 0 0 0 0 0 0 0 0 0 0 
0 0 0 0 0 0 0 0 0 0 0 0 0 0 0 0 0 0 0 0 0 0 0 0 0 0 0 0 0 0 0 0 0 0 0 0 0 0 0 0 
0 0 0 0 0 0 0 0 0 0 0 0 0 0 0 0 0 0 0 0 0 0 0 0 0 0 0 0 0 0 0 0 0 0 0 0 0 0 0 0 
0 0 0 0 0 0 0 0 0 0 0 0 0 0 0 0 0 0 0 0 0 0 0 0 0 0 0 0 0 0 0 0 0 0 0 0 0 0 0 0 
0 0 0 0 0 0 0 0 0 0 0 0 0 0 0 0 0 0 0 0 0 0 0 0 0 0 0 0 0 0 0 0 0 0 0 0 0 0 0 0 
0 0 0 0 0 0 0 0 0 0 0 0 0 0 0 0 0 0 0 0 0 0 0 0 0 0 0 0 0 0 0 0 0 0 0 0 0 0 0 0 
0 0 0 0 0 0 0 0 0 0 0 0 0 0 0 0 0 0 0 0 0 0 0 0 0 0 0 0 0 0 0 0 0 0 0 0 0 0 0 0 
# Events [psd_source/PSD_source.dat] N:
0 0 0 0 0 0 0 0 0 0 0 0 0 0 0 0 0 0 0 0 0 0 0 0 0 0 0 0 0 0 0 0 0 0 0 0 0 0 0 0 
0 0 0 0 0 0 0 0 0 0 0 0 0 0 0 0 0 0 0 0 0 0 0 0 0 0 0 0 0 0 0 0 0 0 0 0 0 0 0 0 
0 0 0 0 0 0 0 0 0 0 0 0 0 0 0 0 0 0 0 0 0 0 0 0 0 0 0 0 0 0 0 0 0 0 0 0 0 0 0 0 
0 0 0 0 0 0 0 0 0 0 0 0 0 0 0 0 0 0 0 0 0 0 0 0 0 0 0 0 0 0 0 0 0 0 0 0 0 0 0 0 
0 0 0 0 0 0 0 0 0 0 0 0 0 0 0 0 0 0 0 0 0 0 0 0 0 0 0 0 0 0 0 0 0 0 0 0 0 0 0 0 
0 0 0 0 0 0 0 0 0 0 0 0 0 0 0 0 0 0 0 0 0 0 0 0 0 0 0 0 0 0 0 0 0 0 0 0 0 0 0 0 
0 0 0 0 0 0 0 0 0 0 0 0 0 0 0 0 0 27 38 56 61 46 13 0 0 0 0 0 0 0 0 0 0 0 0 0 0 0 0 0 
0 0 0 0 0 0 0 0 0 0 0 0 0 0 28 96 144 188 174 168 183 186 177 140 95 24 0 0 0 0 0 0 0 0 0 0 0 0 0 0 
0 0 0 0 0 0 0 0 0 0 0 0 17 107 158 189 172 183 167 191 187 189 175 204 190 174 116 18 0 0 0 0 0 0 0 0 0 0 0 0 
0 0 0 0 0 0 0 0 0 0 0 46 155 185 178 182 135 191 206 183 195 162 176 183 168 179 157 156 49 0 0 0 0 0 0 0 0 0 0 0 
0 0 0 0 0 0 0 0 0 0 69 199 178 189 155 165 202 197 185 154 168 208 167 204 181 169 197 181 181 52 0 0 0 0 0 0 0 0 0 0 
0 0 0 0 0 0 0 0 0 55 190 161 180 163 173 170 179 174 179 176 170 166 199 184 176 196 189 197 172 166 41 0 0 0 0 0 0 0 0 0 
0 0 0 0 0 0 0 0 16 161 168 167 184 177 177 191 194 186 185 177 194 173 196 180 184 173 187 190 180 165 157 19 0 0 0 0 0 0 0 0 
0 0 0 0 0 0 0 0 111 174 142 152 160 164 156 167 183 173 181 177 168 159 179 177 149 196 167 167 187 161 184 106 0 0 0 0 0 0 0 0 
0 0 0 0 0 0 0 30 191 184 174 189 174 204 180 171 180 162 172 200 184 182 193 182 202 187 191 182 188 199 179 190 22 0 0 0 0 0 0 0 
0 0 0 0 0 0 0 105 174 193 177 161 188 187 184 171 185 175 177 191 189 183 179 176 178 165 176 161 184 196 166 186 114 0 0 0 0 0 0 0 
0 0 0 0 0 0 0 147 168 179 153 164 186 210 158 172 154 198 184 178 200 201 178 184 171 181 205 184 186 176 178 178 170 0 0 0 0 0 0 0 
0 0 0 0 0 0 14 168 181 150 176 201 167 189 193 171 184 175 183 197 161 179 156 157 180 169 172 205 164 195 166 182 199 26 0 0 0 0 0 0 
0 0 0 0 0 0 42 197 146 161 177 184 182 171 197 183 173 180 196 190 186 171 204 187 177 182 152 179 161 213 172 160 186 33 0 0 0 0 0 0 
0 0 0 0 0 0 55 177 199 189 173 177 191 162 169 177 196 182 206 148 178 201 158 185 170 176 192 169 157 196 168 176 169 57 0 0 0 0 0 0 
0 0 0 0 0 0 46 168 189 174 165 184 166 155 163 156 174 167 156 173 197 172 193 179 193 194 187 193 189 161 191 164 180 62 0 0 0 0 0 0 
0 0 0 0 0 0 41 203 165 182 207 195 184 165 174 179 170 176 170 146 168 184 194 165 184 182 187 168 183 159 170 186 184 45 0 0 0 0 0 0 
0 0 0 0 0 0 17 177 173 197 164 173 190 190 168 199 153 154 174 180 196 174 182 178 182 163 194 188 178 190 201 213 171 12 0 0 0 0 0 0 
0 0 0 0 0 0 0 133 160 197 194 173 163 196 176 189 168 203 182 197 172 177 165 182 213 172 189 165 158 187 186 182 157 0 0 0 0 0 0 0 
0 0 0 0 0 0 0 84 201 180 180 181 167 185 170 168 225 193 170 179 186 163 178 191 184 190 168 174 164 160 192 185 112 0 0 0 0 0 0 0 
0 0 0 0 0 0 0 15 190 174 203 182 172 181 184 171 180 164 171 161 165 180 157 171 178 188 200 176 191 179 165 184 22 0 0 0 0 0 0 0 
0 0 0 0 0 0 0 0 107 180 170 175 174 197 174 177 178 203 171 191 198 185 189 161 192 182 176 198 201 173 182 131 0 0 0 0 0 0 0 0 
0 0 0 0 0 0 0 0 18 152 202 184 175 192 176 178 206 188 184 170 198 183 177 173 198 200 197 150 188 177 162 13 0 0 0 0 0 0 0 0 
0 0 0 0 0 0 0 0 0 54 158 191 160 174 152 190 177 155 171 185 148 166 178 174 187 184 189 184 194 179 41 0 0 0 0 0 0 0 0 0 
0 0 0 0 0 0 0 0 0 0 61 151 180 183 179 172 189 175 148 165 183 164 178 156 199 197 204 173 174 69 0 0 0 0 0 0 0 0 0 0 
0 0 0 0 0 0 0 0 0 0 0 50 187 173 177 186 186 171 175 190 197 187 174 187 180 184 170 145 51 0 0 0 0 0 0 0 0 0 0 0 
0 0 0 0 0 0 0 0 0 0 0 0 15 120 191 164 201 152 178 189 188 168 173 178 186 175 131 13 0 0 0 0 0 0 0 0 0 0 0 0 
0 0 0 0 0 0 0 0 0 0 0 0 0 0 25 92 130 160 169 200 193 188 183 163 94 29 0 0 0 0 0 0 0 0 0 0 0 0 0 0 
0 0 0 0 0 0 0 0 0 0 0 0 0 0 0 0 0 9 42 48 55 51 16 0 0 0 0 0 0 0 0 0 0 0 0 0 0 0 0 0 
0 0 0 0 0 0 0 0 0 0 0 0 0 0 0 0 0 0 0 0 0 0 0 0 0 0 0 0 0 0 0 0 0 0 0 0 0 0 0 0 
0 0 0 0 0 0 0 0 0 0 0 0 0 0 0 0 0 0 0 0 0 0 0 0 0 0 0 0 0 0 0 0 0 0 0 0 0 0 0 0 
0 0 0 0 0 0 0 0 0 0 0 0 0 0 0 0 0 0 0 0 0 0 0 0 0 0 0 0 0 0 0 0 0 0 0 0 0 0 0 0 
0 0 0 0 0 0 0 0 0 0 0 0 0 0 0 0 0 0 0 0 0 0 0 0 0 0 0 0 0 0 0 0 0 0 0 0 0 0 0 0 
0 0 0 0 0 0 0 0 0 0 0 0 0 0 0 0 0 0 0 0 0 0 0 0 0 0 0 0 0 0 0 0 0 0 0 0 0 0 0 0 
0 0 0 0 0 0 0 0 0 0 0 0 0 0 0 0 0 0 0 0 0 0 0 0 0 0 0 0 0 0 0 0 0 0 0 0 0 0 0 0 
