# Format: McCode with text headers
# URL: http://www.mccode.org
# Creator: McStas 2.5 - Dec. 12, 2018
# Instrument: ESS_HEIMDAL.instr
# Ncount: 250000
# Trace: no
# Gravitation: no
# Seed: 1565866419
# Directory: TauScan/18
# Nodes: 4
# Param: lmax=4
# Param: lmin=0.5
# Param: T=200
# Param: tau=180
# Param: use_CoFe2O4=1
# Param: use_CoFe=1
# Param: use_magn=1
# Date: Wed Aug 14 15:25:23 2019 (1565789123)
# type: array_2d(40, 40)
# Source: ESS_HEIMDAL (ESS_HEIMDAL.instr)
# component: psd_source
# position: 0 0 0.01
# title: PSD monitor
# Ncount: 1000000
# filename: PSD_source.dat
# statistics: X0=-0.0012855; dX=5.00319; Y0=0.001599; dY=5.00284;
# signal: Min=0; Max=6.67065e+06; Mean=2.13803e+06;
# values: 3.42084e+09 3.42084e+06 1e+06
# xvar: X 
# yvar: Y 
# xlabel: X position [cm]
# ylabel: Y position [cm]
# zvar: I
# zlabel: Signal per bin
# xylimits: -15 15 -15 15
# variables: I I_err N
# Data [psd_source/PSD_source.dat] I:
0 0 0 0 0 0 0 0 0 0 0 0 0 0 0 0 0 0 0 0 0 0 0 0 0 0 0 0 0 0 0 0 0 0 0 0 0 0 0 0 
0 0 0 0 0 0 0 0 0 0 0 0 0 0 0 0 0 0 0 0 0 0 0 0 0 0 0 0 0 0 0 0 0 0 0 0 0 0 0 0 
0 0 0 0 0 0 0 0 0 0 0 0 0 0 0 0 0 0 0 0 0 0 0 0 0 0 0 0 0 0 0 0 0 0 0 0 0 0 0 0 
0 0 0 0 0 0 0 0 0 0 0 0 0 0 0 0 0 0 0 0 0 0 0 0 0 0 0 0 0 0 0 0 0 0 0 0 0 0 0 0 
0 0 0 0 0 0 0 0 0 0 0 0 0 0 0 0 0 0 0 0 0 0 0 0 0 0 0 0 0 0 0 0 0 0 0 0 0 0 0 0 
0 0 0 0 0 0 0 0 0 0 0 0 0 0 0 0 0 0 0 0 0 0 0 0 0 0 0 0 0 0 0 0 0 0 0 0 0 0 0 0 
0 0 0 0 0 0 0 0 0 0 0 0 0 0 0 0 0 574701.5062 1470962.161 1915671.644 1980667.645 1453857.958 571280.6671 0 0 0 0 0 0 0 0 0 0 0 0 0 0 0 0 0 
0 0 0 0 0 0 0 0 0 0 0 0 0 0 974940.0402 3345583.712 5011534.006 6085678.689 5955686.695 6102783.084 6071995.499 6051470.431 6171199.738 5391247.491 3366108.822 947573.2808 0 0 0 0 0 0 0 0 0 0 0 0 0 0 
0 0 0 0 0 0 0 0 0 0 0 0 605489.0698 3882655.992 6030945.198 6424342.342 6102783.385 6263563.285 6140413.024 5887270.715 6215671.558 6468814.021 6027525.062 6051470.744 6256721.037 6150674.731 3992122.971 502863.7893 0 0 0 0 0 0 0 0 0 0 0 0 
0 0 0 0 0 0 0 0 0 0 0 1737787.847 5524660.42 6089099.847 6092521.033 5989896.029 6051471.43 6157517.814 6058313.495 6215672.323 6205409.757 6136992.848 6212251.222 5942004.431 5979633.471 6075416.854 6396975.7 5788065.335 1696737.76 0 0 0 0 0 0 0 0 0 0 0 
0 0 0 0 0 0 0 0 0 0 2131184.687 5942003.254 6198566.987 6253300.909 6198567.771 5866746.259 6246460.121 6109626.564 6099364.128 6249881.293 6342244.174 6164360.182 6195147.633 6229355.889 6314876.758 6208830.367 6051471.124 6239617.078 6140412.169 2110659.662 0 0 0 0 0 0 0 0 0 0 
0 0 0 0 0 0 0 0 0 1703579.447 5788065.392 6164358.603 6239617.594 6184884.592 6082259.688 6010422.274 5914638.822 5853063.9 6024106.171 6178044.236 6106206.47 6308036.18 6068577.034 5873588.688 6000159.641 6178043.269 6390135.175 6178042.502 6061733.315 6195145.664 1707000.29 0 0 0 0 0 0 0 0 0 
0 0 0 0 0 0 0 0 591805.6914 5671756.655 6136991.776 6260142.721 5989896.571 5983055.338 5835959.378 6154098.144 6095944.086 5853064.373 6000160.732 5750439.161 6167782.122 5996739.915 6249882.259 6154098.436 6147256.472 6061735.085 6184885.075 6290930.764 6078838.027 5969370.531 5555447.983 595226.5602 0 0 0 0 0 0 0 0 
0 0 0 0 0 0 0 0 3913443.594 5969370.287 6109625.474 6438026.978 6191726.802 6249881.537 6024106.199 6195148.729 5962531.564 6140415.679 6051473.818 5983056.968 6085682.324 6136994.917 6167782.402 6205411.505 6249882.201 6034368.772 6143835.421 6253301.883 6068575.926 5719649.434 5873586.716 4081064.894 0 0 0 0 0 0 0 0 
0 0 0 0 0 0 0 995465.096 6123307.894 6188304.646 6157517.642 6092522.193 6184885.474 6140414.893 6078840.129 6054894.489 6273828.719 5983057.135 6164362.043 5935165.537 5962532.234 5962532.238 6078840.843 5972794.455 6232778.362 6236198.897 6212252.637 6024105.829 5770962.919 6092521.652 6136991.962 6027524.377 974940.0275 0 0 0 0 0 0 0 
0 0 0 0 0 0 0 3489259.133 5945424.443 6243038.435 5928321.491 6143835.168 6345665.427 6126731.84 5942006.597 5952269.48 6359350.199 6157520.533 6431188.272 6136995.682 6130154.01 6037791.103 6143837.181 6178045.444 6133574.186 6167782.334 5993318.925 6130152.249 6195147.782 6061734.331 5955687.613 5996737.121 3242958.491 0 0 0 0 0 0 0 
0 0 0 0 0 0 0 5223626.279 6147254.41 6352505.685 6085680.5 6284089.979 6109627.446 6670646.339 6188307.671 6051474.191 6229358.338 6116470.644 6082262.355 6147258.447 6349088.288 6236200.339 6359350.626 6109628.762 6420925.397 6191728.513 6260145.037 5870168.35 6099364.438 6181464.091 6030946.38 6212250.418 5138105.198 0 0 0 0 0 0 0 
0 0 0 0 0 0 489180.4238 6068574.489 5829116.211 6184884.521 5996738.746 6126731.384 5952268.797 6201990.86 6010423.921 6236199.986 6130154.029 6082262.393 5938587.017 6150679.464 6212254.676 6256725.615 6075420.728 6434609.243 6301196.027 5942007.032 6174624.076 6246461.386 6277248.483 6273827.095 6191726.232 6304613.357 5952265.849 496022.1197 0 0 0 0 0 0 
0 0 0 0 0 0 1429912.055 6294350.167 5897533.173 6130151.167 5948847.066 6174623.287 6048052.563 6201990.982 6020686.593 6410663.189 6284092.18 5948849.569 6410663.764 6113050.301 6232779.884 6191729.688 6167783.642 6089104.013 6000161.812 5969373.912 6154099.141 6273828.269 6027527.006 6345664.898 6010421.646 6154096.367 5996736.887 1399124.466 0 0 0 0 0 0 
0 0 0 0 0 0 1881463.228 6136991.498 6366188.7 6164359.644 5897534.464 6331982.185 6102786.126 6222516.107 6225937.318 6222516.784 5907799.297 6123312.712 6191729.752 6184888.119 6072000.229 6150679.604 6212254.692 6003582.952 6205412.552 6386717.012 5986477.83 6301195.077 6328561.341 6102785.079 6136992.894 6143833.911 6270404.345 1966984.27 0 0 0 0 0 0 
0 0 0 0 0 0 2004613.555 6078837.175 5798328.774 6058313.493 5962530.484 5907797.514 6198569.76 6020686.278 5955690.602 6188308.338 5983057.897 6082262.569 5791490.87 5938587.265 6212254.881 6065158.471 5695707.078 6013845.482 6167783.274 6030949.172 5952269.389 6075419.366 6270406.981 6249881.354 6037788.445 6362767.863 6126728.979 2066188.714 0 0 0 0 0 0 
0 0 0 0 0 0 1494908.039 6034366.151 6136992.182 6116467.771 6222514.539 6184885.849 6150677.889 6106207.321 6061736.723 5900957.317 6027528.806 6417505.341 6119891.943 6212254.816 6157521.3 6331984.338 5972795.478 6020687.119 6273829.399 6335404.299 5986477.779 6030948.333 6225935.94 6314877.325 5983054.9 5921479.064 5986474.366 1402545.314 0 0 0 0 0 0 
0 0 0 0 0 0 540493.0658 6092520.339 5962529.051 6017263.208 6427765.02 6215673.305 6215673.803 6157519.879 6160941.096 6201991.534 6167783.339 6448292.786 5863328.416 6243042.301 5640973.542 5942007.882 6007003.79 6287512.924 6195149.83 6290933.169 6256724.356 6212252.955 6095943.755 6174622.614 6058313.318 6184883.826 6311454.25 595226.5464 0 0 0 0 0 0 
0 0 0 0 0 0 0 5357039.124 5907795.407 6174621.821 6078838.825 6352506.861 5815434.834 5976214.946 6116469.906 6256724.872 5983057.51 5846223.892 6102787.404 6229358.707 6171204.362 5883853.331 6113049.82 5986478.377 6407242.013 6041211.31 6102786.223 6113048.26 6089101.908 6256722.671 6027525.535 6188304.532 5312568.198 0 0 0 0 0 0 0 
0 0 0 0 0 0 0 3509784.177 6000157.929 6058312.908 6071996.903 6290931.425 6140414.767 6232778.004 6338824.539 5911219.325 6352508.537 6102787.065 5849644.632 6373033.992 6222516.81 6113049.711 6123312.123 6191728.805 6232778.715 6089102.922 6157519.453 6054893.684 6082259.956 6000159.188 6106204.698 6253300.276 3311375.361 0 0 0 0 0 0 0 
0 0 0 0 0 0 0 1019410.99 6119887.08 5962528.978 6078838.285 6362768.804 6167781.222 6123310.684 6338824.285 5959110.874 6280670.436 5924902.842 6198570.493 6243041.571 6373033.622 6195149.686 5948848.768 6048053.03 6236199.235 6037789.93 6236198.569 5986476.492 5969371.803 6345664.072 6061733.491 6174620.603 947573.2984 0 0 0 0 0 0 0 
0 0 0 0 0 0 0 0 3906601.898 6236196.034 6215671.64 6020684.121 6133572.471 6383294.458 6232777.774 6191727.82 5948848.176 6451712.525 6331983.072 6068578.1 6297774.666 6355928.976 5938585.868 6325141.065 6184886.16 6075418.884 5938584.776 6157518.348 6075417.648 5996737.683 6212250.146 3862130.952 0 0 0 0 0 0 0 0 
0 0 0 0 0 0 0 0 584964.0272 5507556.207 6400396.649 6321717.835 6219093.082 5983055.295 6027526.572 5962530.878 6277248.794 5959110.519 6198569.693 6065156.833 6270407.473 6349086.846 6089102.515 6147256.765 6113048.084 5791488.366 6184885.053 6352505.946 6157517.411 6219091.98 5627285.741 543913.9224 0 0 0 0 0 0 0 0 
0 0 0 0 0 0 0 0 0 1710421.125 6092520.441 6191725.339 6520126.746 6198567.928 6236197.65 6181464.412 6150677.126 6400398.936 5952268.452 6075418.912 6184885.906 6178044.094 5945426.64 6024105.846 6030947.282 6061734.65 5825696.069 6034367.096 6006999.874 6071995.319 1792521.375 0 0 0 0 0 0 0 0 0 
0 0 0 0 0 0 0 0 0 0 2261176.731 6027524.338 6164358.613 6027525.244 6201988.655 6099363.642 6075417.97 6215672.717 6020684.74 6215672.908 6157518.611 6007001.391 6017263.842 6157518.201 5921479.782 5832537.582 6160938.107 6092520.771 5866744.78 2155130.646 0 0 0 0 0 0 0 0 0 0 
0 0 0 0 0 0 0 0 0 0 0 1648845.982 5705965.058 6003578.824 6352505.024 6085679.747 6236197.034 6123309.386 5866746.149 6000159.137 6126730.347 6201988.83 6198567.946 6219092.716 6290930.309 6109625.215 5955686.988 5575973.081 1874621.505 0 0 0 0 0 0 0 0 0 0 0 
0 0 0 0 0 0 0 0 0 0 0 0 537072.2265 4053698.1 6030945.109 6198566.682 6061733.27 6085679.282 6434605.546 6359347.127 6061733.721 6181463.112 5938583.206 6071995.868 5918057.701 5993315.957 3964756.255 496022.1113 0 0 0 0 0 0 0 0 0 0 0 0 
0 0 0 0 0 0 0 0 0 0 0 0 0 0 1019411.001 3225854.269 5380985.058 5894111.51 5986474.408 6041207.896 5955686.887 6061732.863 6294350.071 5336514.054 3232695.928 885998.1121 0 0 0 0 0 0 0 0 0 0 0 0 0 0 
0 0 0 0 0 0 0 0 0 0 0 0 0 0 0 0 0 478917.9125 1542799.821 2049084.517 2103818.013 1436753.774 530230.5255 0 0 0 0 0 0 0 0 0 0 0 0 0 0 0 0 0 
0 0 0 0 0 0 0 0 0 0 0 0 0 0 0 0 0 0 0 0 0 0 0 0 0 0 0 0 0 0 0 0 0 0 0 0 0 0 0 0 
0 0 0 0 0 0 0 0 0 0 0 0 0 0 0 0 0 0 0 0 0 0 0 0 0 0 0 0 0 0 0 0 0 0 0 0 0 0 0 0 
0 0 0 0 0 0 0 0 0 0 0 0 0 0 0 0 0 0 0 0 0 0 0 0 0 0 0 0 0 0 0 0 0 0 0 0 0 0 0 0 
0 0 0 0 0 0 0 0 0 0 0 0 0 0 0 0 0 0 0 0 0 0 0 0 0 0 0 0 0 0 0 0 0 0 0 0 0 0 0 0 
0 0 0 0 0 0 0 0 0 0 0 0 0 0 0 0 0 0 0 0 0 0 0 0 0 0 0 0 0 0 0 0 0 0 0 0 0 0 0 0 
0 0 0 0 0 0 0 0 0 0 0 0 0 0 0 0 0 0 0 0 0 0 0 0 0 0 0 0 0 0 0 0 0 0 0 0 0 0 0 0 
# Errors [psd_source/PSD_source.dat] I_err:
0 0 0 0 0 0 0 0 0 0 0 0 0 0 0 0 0 0 0 0 0 0 0 0 0 0 0 0 0 0 0 0 0 0 0 0 0 0 0 0 
0 0 0 0 0 0 0 0 0 0 0 0 0 0 0 0 0 0 0 0 0 0 0 0 0 0 0 0 0 0 0 0 0 0 0 0 0 0 0 0 
0 0 0 0 0 0 0 0 0 0 0 0 0 0 0 0 0 0 0 0 0 0 0 0 0 0 0 0 0 0 0 0 0 0 0 0 0 0 0 0 
0 0 0 0 0 0 0 0 0 0 0 0 0 0 0 0 0 0 0 0 0 0 0 0 0 0 0 0 0 0 0 0 0 0 0 0 0 0 0 0 
0 0 0 0 0 0 0 0 0 0 0 0 0 0 0 0 0 0 0 0 0 0 0 0 0 0 0 0 0 0 0 0 0 0 0 0 0 0 0 0 
0 0 0 0 0 0 0 0 0 0 0 0 0 0 0 0 0 0 0 0 0 0 0 0 0 0 0 0 0 0 0 0 0 0 0 0 0 0 0 0 
0 0 0 0 0 0 0 0 0 0 0 0 0 0 0 0 0 44339.18382 70936.09441 80951.90202 82313.73823 70522.4697 44207.02525 0 0 0 0 0 0 0 0 0 0 0 0 0 0 0 0 0 
0 0 0 0 0 0 0 0 0 0 0 0 0 0 57750.46387 106979.9705 130933.8292 144284.9538 142735.6502 144487.5772 144122.6577 143878.8636 145295.2232 135803.5624 107307.6299 56934.16055 0 0 0 0 0 0 0 0 0 0 0 0 0 0 
0 0 0 0 0 0 0 0 0 0 0 0 45511.34543 115247.3592 143634.6518 148245.2824 144487.5843 146378.5017 144932.3579 141913.4543 145817.8177 148757.5102 143593.927 143878.8711 146298.5222 145053.4013 116860.6998 41475.5063 0 0 0 0 0 0 0 0 0 0 0 0 
0 0 0 0 0 0 0 0 0 0 0 77101.86792 137473.6063 144325.5078 144366.0512 143145.0093 143878.8874 145134.0867 143960.2069 145817.8356 145697.4071 144891.9969 145777.6981 142571.6127 143022.3304 144163.2621 147929.1963 140712.6835 76185.77448 0 0 0 0 0 0 0 0 0 0 0 
0 0 0 0 0 0 0 0 0 0 85384.11151 142571.5844 145617.0412 146258.5393 145617.0596 141665.8732 146178.5283 144568.5878 144447.1208 146218.5575 147295.03 145214.7104 145576.8893 145978.2558 146976.8823 145737.5552 143878.8801 146098.4206 144932.3377 84971.95847 0 0 0 0 0 0 0 0 0 0 
0 0 0 0 0 0 0 0 0 76339.22038 140712.6849 145214.6732 146098.4327 145456.2501 144244.4395 143390.0792 142242.9442 141500.5933 143553.2203 145375.8077 144528.1271 146897.2675 144082.1105 141748.4711 143267.6083 145375.7849 147850.0954 145375.7669 144000.8206 145576.843 76415.8278 0 0 0 0 0 0 0 0 0 
0 0 0 0 0 0 0 0 44994.15353 139291.728 144891.9716 146338.5305 143145.0222 143063.2593 141293.6834 145093.7937 144406.6273 141500.6047 143267.6344 140254.6137 145255.0233 143226.7889 146218.5801 145093.8006 145013.1192 144000.8626 145456.2615 146697.9486 144203.8507 142899.537 137856.127 45124.00907 0 0 0 0 0 0 0 0 
0 0 0 0 0 0 0 0 115703.3854 142899.5311 144568.562 148403.1033 145536.6916 146218.5632 143553.221 145576.915 142817.6878 144932.4205 143878.9442 143063.2983 144285.04 144892.0457 145255.0299 145697.4481 146218.5787 143675.447 144972.7601 146258.5621 144082.0842 139878.5992 141748.4235 118155.3195 0 0 0 0 0 0 0 0 
0 0 0 0 0 0 0 58355.19739 144730.3398 145496.4517 145134.0827 144366.0787 145456.2708 144932.402 144203.9006 143919.6011 146498.4373 143063.3023 145214.7543 142489.5768 142817.7038 142817.7039 144203.9175 142940.5503 146018.3704 146058.4286 145777.7313 143553.2122 140504.6646 144366.0658 144891.976 143593.9107 57750.46312 0 0 0 0 0 0 0 
0 0 0 0 0 0 0 109252.9413 142612.6264 146138.4761 142407.37 144972.7541 147334.7577 144770.835 142571.6646 142694.7388 147493.5561 145134.1508 148324.2971 144892.0638 144811.2769 143716.2009 144972.8016 145375.8361 144851.6604 145255.0283 143185.9277 144811.2353 145576.8928 144000.8447 142735.6722 143226.7222 105326.3953 0 0 0 0 0 0 0 
0 0 0 0 0 0 0 133675.7346 145013.0706 147414.1289 144284.9967 146618.1775 144568.6086 151060.393 145496.5228 143878.953 145978.3132 144649.5672 144244.5028 145013.1658 147374.5121 146058.4623 147493.566 144568.6398 148205.8982 145536.7319 146338.5846 141707.1993 144447.1281 145416.0269 143634.68 145777.6792 132576.9506 0 0 0 0 0 0 0 
0 0 0 0 0 0 40907.32209 144082.0501 141210.8016 145456.2484 143226.761 144770.8242 142694.7224 145657.2881 143390.1185 146058.4541 144811.2773 144244.5037 142530.6495 145053.513 145777.7791 146298.6292 144163.354 148363.7427 146817.6193 142571.6751 145335.5702 146178.5579 146538.3463 146498.3994 145536.6783 146857.3848 142694.6518 41192.39495 0 0 0 0 0 0 
0 0 0 0 0 0 69939.28476 146737.7949 142037.0886 144811.2097 142653.6911 145335.5516 143838.2619 145657.291 143512.4857 148087.42 146618.2288 142653.7511 148087.4332 144609.1233 146018.4061 145536.7595 145255.0591 144325.6066 143267.6601 142899.6179 145093.8173 146498.4268 143593.9733 147334.7455 143390.0642 145093.7519 143226.7166 69182.25233 0 0 0 0 0 0 
0 0 0 0 0 0 80225.86159 144891.965 147572.8011 145214.6978 142037.1197 147175.8236 144487.6492 145898.1147 145938.2217 145898.1306 142160.7035 144730.4537 145536.761 145456.3331 144122.77 145053.5162 145777.7795 143308.5017 145697.4727 147810.5778 143104.1914 146817.5972 147136.0625 144487.6244 144891.9979 144972.7244 146458.4099 82028.91452 0 0 0 0 0 0 
0 0 0 0 0 0 82809.82266 144203.8305 140837.3957 143960.2068 142817.6619 142160.6606 145617.1063 143512.4782 142735.7438 145496.5385 143063.3205 144244.5078 140754.3732 142530.6554 145777.7839 144041.5496 139585.5709 143430.9351 145255.0504 143634.7465 142694.7366 144163.3217 146458.4714 146218.5589 143716.1376 147533.1471 144770.7674 84072.02645 0 0 0 0 0 0 
0 0 0 0 0 0 71511.14945 143675.3845 144891.9812 144649.4992 145898.0779 145456.2797 145053.4758 144528.1472 144000.9016 142078.3561 143594.0162 148166.4317 144690.0223 145777.7824 145134.1689 147175.8737 142940.5748 143512.4982 146498.4532 147215.6036 143104.1902 143634.7265 145938.1894 146976.8955 143063.2488 142325.1546 143104.1086 69266.77587 0 0 0 0 0 0 
0 0 0 0 0 0 42999.31956 144366.0347 142817.6276 143471.6487 148284.7884 145817.8586 145817.8703 145134.1354 145174.4536 145657.3039 145255.052 148521.4126 141624.6376 146138.5666 138913.2701 142571.6955 143349.3243 146658.128 145576.9409 146698.0047 146298.5998 145777.7387 144406.6195 145335.5358 143960.2027 145456.2321 146937.0286 45124.00803 0 0 0 0 0 0 
0 0 0 0 0 0 0 135372.0293 142160.6099 145335.5171 144203.8697 147414.1562 141045.0122 142981.4697 144649.5497 146298.6119 143063.3112 141417.9092 144487.6795 145978.3219 145295.3321 141872.3018 144609.1119 143104.2045 148047.896 143756.8928 144487.6515 144609.075 144325.5567 146298.5604 143593.9383 145496.449 134808.9699 0 0 0 0 0 0 0 
0 0 0 0 0 0 0 109573.8021 143267.5674 143960.1929 144122.6911 146697.9641 144932.399 146018.362 147255.3292 142201.8362 147414.1951 144487.6714 141459.2751 147652.161 145898.1312 144609.1093 144730.4398 145536.7387 146018.3787 144325.5807 145134.1254 143919.5819 144244.4459 143267.5975 144528.0852 146258.5245 106431.6351 0 0 0 0 0 0 0 
0 0 0 0 0 0 0 59052.89308 144689.9074 142817.6258 144203.8568 147533.1689 145255.0021 144730.4058 147255.3233 142776.7167 146578.2954 142366.3298 145617.1235 146138.5495 147652.1524 145576.9375 142653.7319 143838.273 146058.4365 143716.173 146058.4209 143104.1594 142899.5674 147334.7263 144000.8248 145335.4885 56934.16161 0 0 0 0 0 0 0 
0 0 0 0 0 0 0 0 115602.2015 146058.3615 145817.8196 143512.4268 144851.6199 147770.9478 146018.3566 145536.7156 142653.7177 148560.7775 147175.8443 144082.1359 146777.7491 147453.8719 142530.6219 147096.3038 145456.287 144163.3103 142530.5957 145134.0993 144163.281 143226.7356 145777.6728 114942.3373 0 0 0 0 0 0 0 0 
0 0 0 0 0 0 0 0 44733.3172 137260.6338 147968.7467 147056.4657 145857.9541 143063.2583 143593.963 142817.6713 146538.3535 142776.7082 145617.1047 144041.5107 146458.4829 147374.4786 144325.5711 145013.1261 144609.0708 140754.3123 145456.2609 147414.135 145134.0772 145857.9283 138744.577 43135.17986 0 0 0 0 0 0 0 0 
0 0 0 0 0 0 0 0 0 76492.35812 144366.0371 145536.6573 149346.3421 145617.0633 146058.3994 145416.0344 145053.4578 147968.7996 142694.7142 144163.311 145456.281 145375.8043 142612.6792 143553.2126 143634.7015 144000.8523 141169.3774 143675.407 143349.2309 144122.6535 78306.65985 0 0 0 0 0 0 0 0 0 
0 0 0 0 0 0 0 0 0 0 87949.58164 143593.9098 145214.6735 143593.9314 145657.2363 144447.1093 144163.2886 145817.8449 143512.4415 145817.8493 145134.1055 143349.2671 143471.6639 145134.0958 142325.1719 141252.2434 145174.3832 144366.045 141665.8375 85862.46018 0 0 0 0 0 0 0 0 0 0 
0 0 0 0 0 0 0 0 0 0 0 75102.8765 139711.1555 143308.4031 147414.1136 144284.9789 146058.3849 144730.3751 141665.8705 143267.5963 144770.7997 145657.2404 145617.0637 145857.9455 146697.938 144568.5558 142735.6572 138110.5537 80079.86192 0 0 0 0 0 0 0 0 0 0 0 
0 0 0 0 0 0 0 0 0 0 0 0 42863.03 117758.4895 143634.6497 145617.034 144000.8195 144284.9679 148363.6575 147493.4848 144000.8302 145416.0038 142530.558 144122.6665 142284.0255 143185.8568 116459.4608 41192.39425 0 0 0 0 0 0 0 0 0 0 0 0 
0 0 0 0 0 0 0 0 0 0 0 0 0 0 59052.89376 105048.2683 135674.2485 141995.8688 143104.1096 143756.8115 142735.6548 144000.8099 146737.7926 135112.4466 105159.6064 55053.24396 0 0 0 0 0 0 0 0 0 0 0 0 0 0 
0 0 0 0 0 0 0 0 0 0 0 0 0 0 0 0 0 40475.95114 72647.60626 83723.32363 84834.13017 70106.40563 42589.14069 0 0 0 0 0 0 0 0 0 0 0 0 0 0 0 0 0 
0 0 0 0 0 0 0 0 0 0 0 0 0 0 0 0 0 0 0 0 0 0 0 0 0 0 0 0 0 0 0 0 0 0 0 0 0 0 0 0 
0 0 0 0 0 0 0 0 0 0 0 0 0 0 0 0 0 0 0 0 0 0 0 0 0 0 0 0 0 0 0 0 0 0 0 0 0 0 0 0 
0 0 0 0 0 0 0 0 0 0 0 0 0 0 0 0 0 0 0 0 0 0 0 0 0 0 0 0 0 0 0 0 0 0 0 0 0 0 0 0 
0 0 0 0 0 0 0 0 0 0 0 0 0 0 0 0 0 0 0 0 0 0 0 0 0 0 0 0 0 0 0 0 0 0 0 0 0 0 0 0 
0 0 0 0 0 0 0 0 0 0 0 0 0 0 0 0 0 0 0 0 0 0 0 0 0 0 0 0 0 0 0 0 0 0 0 0 0 0 0 0 
0 0 0 0 0 0 0 0 0 0 0 0 0 0 0 0 0 0 0 0 0 0 0 0 0 0 0 0 0 0 0 0 0 0 0 0 0 0 0 0 
# Events [psd_source/PSD_source.dat] N:
0 0 0 0 0 0 0 0 0 0 0 0 0 0 0 0 0 0 0 0 0 0 0 0 0 0 0 0 0 0 0 0 0 0 0 0 0 0 0 0 
0 0 0 0 0 0 0 0 0 0 0 0 0 0 0 0 0 0 0 0 0 0 0 0 0 0 0 0 0 0 0 0 0 0 0 0 0 0 0 0 
0 0 0 0 0 0 0 0 0 0 0 0 0 0 0 0 0 0 0 0 0 0 0 0 0 0 0 0 0 0 0 0 0 0 0 0 0 0 0 0 
0 0 0 0 0 0 0 0 0 0 0 0 0 0 0 0 0 0 0 0 0 0 0 0 0 0 0 0 0 0 0 0 0 0 0 0 0 0 0 0 
0 0 0 0 0 0 0 0 0 0 0 0 0 0 0 0 0 0 0 0 0 0 0 0 0 0 0 0 0 0 0 0 0 0 0 0 0 0 0 0 
0 0 0 0 0 0 0 0 0 0 0 0 0 0 0 0 0 0 0 0 0 0 0 0 0 0 0 0 0 0 0 0 0 0 0 0 0 0 0 0 
0 0 0 0 0 0 0 0 0 0 0 0 0 0 0 0 0 168 430 560 579 425 167 0 0 0 0 0 0 0 0 0 0 0 0 0 0 0 0 0 
0 0 0 0 0 0 0 0 0 0 0 0 0 0 285 978 1465 1779 1741 1784 1775 1769 1804 1576 984 277 0 0 0 0 0 0 0 0 0 0 0 0 0 0 
0 0 0 0 0 0 0 0 0 0 0 0 177 1135 1763 1878 1784 1831 1795 1721 1817 1891 1762 1769 1829 1798 1167 147 0 0 0 0 0 0 0 0 0 0 0 0 
0 0 0 0 0 0 0 0 0 0 0 508 1615 1780 1781 1751 1769 1800 1771 1817 1814 1794 1816 1737 1748 1776 1870 1692 496 0 0 0 0 0 0 0 0 0 0 0 
0 0 0 0 0 0 0 0 0 0 623 1737 1812 1828 1812 1715 1826 1786 1783 1827 1854 1802 1811 1821 1846 1815 1769 1824 1795 617 0 0 0 0 0 0 0 0 0 0 
0 0 0 0 0 0 0 0 0 498 1692 1802 1824 1808 1778 1757 1729 1711 1761 1806 1785 1844 1774 1717 1754 1806 1868 1806 1772 1811 499 0 0 0 0 0 0 0 0 0 
0 0 0 0 0 0 0 0 173 1658 1794 1830 1751 1749 1706 1799 1782 1711 1754 1681 1803 1753 1827 1799 1797 1772 1808 1839 1777 1745 1624 174 0 0 0 0 0 0 0 0 
0 0 0 0 0 0 0 0 1144 1745 1786 1882 1810 1827 1761 1811 1743 1795 1769 1749 1779 1794 1803 1814 1827 1764 1796 1828 1774 1672 1717 1193 0 0 0 0 0 0 0 0 
0 0 0 0 0 0 0 291 1790 1809 1800 1781 1808 1795 1777 1770 1834 1749 1802 1735 1743 1743 1777 1746 1822 1823 1816 1761 1687 1781 1794 1762 285 0 0 0 0 0 0 0 
0 0 0 0 0 0 0 1020 1738 1825 1733 1796 1855 1791 1737 1740 1859 1800 1880 1794 1792 1765 1796 1806 1793 1803 1752 1792 1811 1772 1741 1753 948 0 0 0 0 0 0 0 
0 0 0 0 0 0 0 1527 1797 1857 1779 1837 1786 1950 1809 1769 1821 1788 1778 1797 1856 1823 1859 1786 1877 1810 1830 1716 1783 1807 1763 1816 1502 0 0 0 0 0 0 0 
0 0 0 0 0 0 143 1774 1704 1808 1753 1791 1740 1813 1757 1823 1792 1778 1736 1798 1816 1829 1776 1881 1842 1737 1805 1826 1835 1834 1810 1843 1740 145 0 0 0 0 0 0 
0 0 0 0 0 0 418 1840 1724 1792 1739 1805 1768 1813 1760 1874 1837 1739 1874 1787 1822 1810 1803 1780 1754 1745 1799 1834 1762 1855 1757 1799 1753 409 0 0 0 0 0 0 
0 0 0 0 0 0 550 1794 1861 1802 1724 1851 1784 1819 1820 1819 1727 1790 1810 1808 1775 1798 1816 1755 1814 1867 1750 1842 1850 1784 1794 1796 1833 575 0 0 0 0 0 0 
0 0 0 0 0 0 586 1777 1695 1771 1743 1727 1812 1760 1741 1809 1749 1778 1693 1736 1816 1773 1665 1758 1803 1763 1740 1776 1833 1827 1765 1860 1791 604 0 0 0 0 0 0 
0 0 0 0 0 0 437 1764 1794 1788 1819 1808 1798 1785 1772 1725 1762 1876 1789 1816 1800 1851 1746 1760 1834 1852 1750 1763 1820 1846 1749 1731 1750 410 0 0 0 0 0 0 
0 0 0 0 0 0 158 1781 1743 1759 1879 1817 1817 1800 1801 1813 1803 1885 1714 1825 1649 1737 1756 1838 1811 1839 1829 1816 1782 1805 1771 1808 1845 174 0 0 0 0 0 0 
0 0 0 0 0 0 0 1566 1727 1805 1777 1857 1700 1747 1788 1829 1749 1709 1784 1821 1804 1720 1787 1750 1873 1766 1784 1787 1780 1829 1762 1809 1553 0 0 0 0 0 0 0 
0 0 0 0 0 0 0 1026 1754 1771 1775 1839 1795 1822 1853 1728 1857 1784 1710 1863 1819 1787 1790 1810 1822 1780 1800 1770 1778 1754 1785 1828 968 0 0 0 0 0 0 0 
0 0 0 0 0 0 0 298 1789 1743 1777 1860 1803 1790 1853 1742 1836 1732 1812 1825 1863 1811 1739 1768 1823 1765 1823 1750 1745 1855 1772 1805 277 0 0 0 0 0 0 0 
0 0 0 0 0 0 0 0 1142 1823 1817 1760 1793 1866 1822 1810 1739 1886 1851 1774 1841 1858 1736 1849 1808 1776 1736 1800 1776 1753 1816 1129 0 0 0 0 0 0 0 0 
0 0 0 0 0 0 0 0 171 1610 1871 1848 1818 1749 1762 1743 1835 1742 1812 1773 1833 1856 1780 1797 1787 1693 1808 1857 1800 1818 1645 159 0 0 0 0 0 0 0 0 
0 0 0 0 0 0 0 0 0 500 1781 1810 1906 1812 1823 1807 1798 1871 1740 1776 1808 1806 1738 1761 1763 1772 1703 1764 1756 1775 524 0 0 0 0 0 0 0 0 0 
0 0 0 0 0 0 0 0 0 0 661 1762 1802 1762 1813 1783 1776 1817 1760 1817 1800 1756 1759 1800 1731 1705 1801 1781 1715 630 0 0 0 0 0 0 0 0 0 0 
0 0 0 0 0 0 0 0 0 0 0 482 1668 1755 1857 1779 1823 1790 1715 1754 1791 1813 1812 1818 1839 1786 1741 1630 548 0 0 0 0 0 0 0 0 0 0 0 
0 0 0 0 0 0 0 0 0 0 0 0 157 1185 1763 1812 1772 1779 1881 1859 1772 1807 1736 1775 1730 1752 1159 145 0 0 0 0 0 0 0 0 0 0 0 0 
0 0 0 0 0 0 0 0 0 0 0 0 0 0 298 943 1573 1723 1750 1766 1741 1772 1840 1560 945 259 0 0 0 0 0 0 0 0 0 0 0 0 0 0 
0 0 0 0 0 0 0 0 0 0 0 0 0 0 0 0 0 140 451 599 615 420 155 0 0 0 0 0 0 0 0 0 0 0 0 0 0 0 0 0 
0 0 0 0 0 0 0 0 0 0 0 0 0 0 0 0 0 0 0 0 0 0 0 0 0 0 0 0 0 0 0 0 0 0 0 0 0 0 0 0 
0 0 0 0 0 0 0 0 0 0 0 0 0 0 0 0 0 0 0 0 0 0 0 0 0 0 0 0 0 0 0 0 0 0 0 0 0 0 0 0 
0 0 0 0 0 0 0 0 0 0 0 0 0 0 0 0 0 0 0 0 0 0 0 0 0 0 0 0 0 0 0 0 0 0 0 0 0 0 0 0 
0 0 0 0 0 0 0 0 0 0 0 0 0 0 0 0 0 0 0 0 0 0 0 0 0 0 0 0 0 0 0 0 0 0 0 0 0 0 0 0 
0 0 0 0 0 0 0 0 0 0 0 0 0 0 0 0 0 0 0 0 0 0 0 0 0 0 0 0 0 0 0 0 0 0 0 0 0 0 0 0 
0 0 0 0 0 0 0 0 0 0 0 0 0 0 0 0 0 0 0 0 0 0 0 0 0 0 0 0 0 0 0 0 0 0 0 0 0 0 0 0 
