# Format: McCode with text headers
# URL: http://www.mccode.org
# Creator: McStas 2.5 - Dec. 12, 2018
# Instrument: ESS_HEIMDAL.instr
# Ncount: 250000
# Trace: no
# Gravitation: no
# Seed: 1565866243
# Directory: TauScan/7
# Nodes: 4
# Param: lmax=4
# Param: lmin=0.5
# Param: T=200
# Param: tau=70
# Param: use_CoFe2O4=1
# Param: use_CoFe=1
# Param: use_magn=1
# Date: Wed Aug 14 15:23:42 2019 (1565789022)
# type: array_2d(40, 40)
# Source: ESS_HEIMDAL (ESS_HEIMDAL.instr)
# component: psd_source
# position: 0 0 0.01
# title: PSD monitor
# Ncount: 1000000
# filename: PSD_source.dat
# statistics: X0=0.00232875; dX=5.00511; Y0=0.00211275; dY=5.0044;
# signal: Min=0; Max=6.70143e+06; Mean=2.13803e+06;
# values: 3.42084e+09 3.42084e+06 1e+06
# xvar: X 
# yvar: Y 
# xlabel: X position [cm]
# ylabel: Y position [cm]
# zvar: I
# zlabel: Signal per bin
# xylimits: -15 15 -15 15
# variables: I I_err N
# Data [psd_source/PSD_source.dat] I:
0 0 0 0 0 0 0 0 0 0 0 0 0 0 0 0 0 0 0 0 0 0 0 0 0 0 0 0 0 0 0 0 0 0 0 0 0 0 0 0 
0 0 0 0 0 0 0 0 0 0 0 0 0 0 0 0 0 0 0 0 0 0 0 0 0 0 0 0 0 0 0 0 0 0 0 0 0 0 0 0 
0 0 0 0 0 0 0 0 0 0 0 0 0 0 0 0 0 0 0 0 0 0 0 0 0 0 0 0 0 0 0 0 0 0 0 0 0 0 0 0 
0 0 0 0 0 0 0 0 0 0 0 0 0 0 0 0 0 0 0 0 0 0 0 0 0 0 0 0 0 0 0 0 0 0 0 0 0 0 0 0 
0 0 0 0 0 0 0 0 0 0 0 0 0 0 0 0 0 0 0 0 0 0 0 0 0 0 0 0 0 0 0 0 0 0 0 0 0 0 0 0 
0 0 0 0 0 0 0 0 0 0 0 0 0 0 0 0 0 0 0 0 0 0 0 0 0 0 0 0 0 0 0 0 0 0 0 0 0 0 0 0 
0 0 0 0 0 0 0 0 0 0 0 0 0 0 0 0 0 608909.9204 1426491.187 1898567.444 2001192.669 1433332.903 602068.2464 0 0 0 0 0 0 0 0 0 0 0 0 0 0 0 0 0 
0 0 0 0 0 0 0 0 0 0 0 0 0 0 885998.0909 3311375.326 5302305.653 6174620.577 6253300.115 6184883.33 6212250.064 6174620.675 6198566.485 5281780.577 3318217.043 950994.1518 0 0 0 0 0 0 0 0 0 0 0 0 0 0 
0 0 0 0 0 0 0 0 0 0 0 0 581543.1793 4016068.858 5784644.613 6465392.565 6071995.804 6130150.322 6304613.427 6089100.427 6150675.614 6318296.814 6017262.613 6188304.462 6106204.016 6041207.715 3653459.626 626014.1173 0 0 0 0 0 0 0 0 0 0 0 0 
0 0 0 0 0 0 0 0 0 0 0 1878042.39 5637548.249 6010420.362 6130150.355 6342242.921 6201988.584 5890692.008 6263564.112 6147255.456 6277247.444 6061734.271 6078838.34 5952267.014 6154096.514 6256721.411 6099362.331 5579393.929 1744629.545 0 0 0 0 0 0 0 0 0 0 0 
0 0 0 0 0 0 0 0 0 0 2185918.231 6249879.102 6092520.865 6273825.946 6007000.567 6198568.049 5986476.024 6034368.057 6068576.587 5942005.402 6277248.085 5907796.948 6219093.539 6106205.542 5914638.101 6143834.355 5996737.715 5678598.854 6290929.251 2298806.004 0 0 0 0 0 0 0 0 0 0 
0 0 0 0 0 0 0 0 0 1672791.862 5894111.495 6414080.171 6154096.566 6054892.549 6400398.106 6403819.324 5986476.611 6020685.256 6048052.125 5907797.494 5849643.172 6119889.779 5986476.732 6061735.176 6154097.624 6297772.798 6178042.901 5856483.219 6017262.304 5900953.198 1802783.879 0 0 0 0 0 0 0 0 0 
0 0 0 0 0 0 0 0 537072.2328 5682019.2 6352504.89 6068575.523 5969371.482 6061734.693 6065155.944 6150677.309 6191727.689 6376453.499 5924902.208 6222515.656 6201990.619 6000160.743 6219094.642 5986477.086 6054893.704 6099364.379 6136993.288 6024105.055 6311455.369 6089100.023 5664914.987 530230.5477 0 0 0 0 0 0 0 0 
0 0 0 0 0 0 0 0 3892918.548 6099362.342 5983054.286 6150676.188 6157518.318 5866747.027 6136994.122 5880431.097 5969373.232 6037790.334 5856485.683 6205411.907 6061736.431 6027527.904 5986477.627 6113048.728 6041210.707 6195148.418 6020685.054 6301193.772 6140413.646 6239617.445 6284087.81 3920285.255 0 0 0 0 0 0 0 0 
0 0 0 0 0 0 0 875735.5944 6092520.388 5911216.368 6130150.934 5924900.871 6113047.727 6294352.926 6113048.544 6164361.536 6335403.996 6119890.976 6109628.535 5931744.66 6301195.916 6030949.1 6037790.709 6123311.627 6109627.999 6273828.176 6116468.961 5907797.135 6048051.217 6160938.514 6037787.592 6071995.306 944152.4523 0 0 0 0 0 0 0 
0 0 0 0 0 0 0 3335321.236 6003578.732 6290930.22 6393556.145 6089101.646 6263565.164 6071998.322 6174624.048 6113049.163 6164362.066 6171203.925 5900957.317 5959111.737 6609072.264 5952269.984 6106207.868 6181466.305 6003582.117 6085682.072 6249882.251 6024106.117 6024105.62 6212251.478 6075417.101 6082258.13 3263483.549 0 0 0 0 0 0 0 
0 0 0 0 0 0 0 5380985.003 6071995.835 6188305.186 6116468.079 6201989.732 6126731.668 6037790.178 6136994.997 6075420.088 6253304.255 6280671.226 6113049.945 6154100.157 5825699.023 6147258.366 6198570.951 6249883.438 6044632.491 6352508.206 6154098.848 6239619.544 6140414.555 6130151.429 6164359.288 6249879.669 5357039.143 0 0 0 0 0 0 0 
0 0 0 0 0 0 567859.8035 6181462.277 6054891.835 6160938.628 6301193.834 5935164.118 6147256.924 6157519.864 6048053.213 6424346.447 6308037.969 6167783.524 5972795.455 5924903.711 6304617.494 6044633.205 6284092.252 6246462.762 6010424.239 6113049.247 6205411.676 6701433.651 6000160.113 6000159.583 6325139.094 6537230.663 6232774.9 547334.7514 0 0 0 0 0 0 
0 0 0 0 0 0 1450437.093 6167779.02 6335401.068 6092521.866 6297773.119 6089102.197 6099365.198 5914640.042 6126732.772 6150678.97 6116470.77 6058316.597 6311459.265 6082262.681 6205413.11 6301196.719 6071999.978 5907799.249 6191729.122 6054895.042 6352508.124 6065156.791 6113048.091 5911217.798 6051471.769 6034366.868 6123308.055 1457278.793 0 0 0 0 0 0 
0 0 0 0 0 0 2008034.404 6260141.839 6201988.24 6078838.565 6068576.632 5996739.466 6359349.448 5986477.841 6068578.471 6140416.504 5979637.049 5972795.542 6010424.947 5900957.968 6239621.636 6013845.791 6243042.292 6058316.474 6030949.471 6058315.942 6215674.416 6198569.771 5993318.627 6321719.081 5873587.973 6106204.641 6147254.009 1847254.803 0 0 0 0 0 0 
0 0 0 0 0 0 1949880.077 5993316.094 6095942.121 5972792.407 6054893.26 6239619.403 6157519.622 5989898.696 6335404.356 5948849.209 6178046.051 6119891.875 5952270.582 6099366.986 6154100.496 6164362.993 6451713.844 6024108.038 6277250.298 6181466.343 6051473.875 6160940.488 6037789.59 6048051.587 6212251.441 5904374.918 6496179.957 1860938.166 0 0 0 0 0 0 
0 0 0 0 0 0 1559904.054 6034366.187 6191725.647 6143834.545 6116468.382 6140414.865 6184886.311 6027527.914 6157520.364 6280671.08 6246462.887 6095945.89 6089104.32 5965953.962 6007004.094 6284092.495 5986478.857 6020687.115 6212254.193 6438029.614 6157519.997 6054894.24 5983056.03 5938584.52 6174622.103 6075416.99 6167779.014 1474382.998 0 0 0 0 0 0 
0 0 0 0 0 0 581543.1724 5979632.544 6160937.935 6089100.917 6383294.073 5965951.675 6157519.451 6013844.408 6342245.852 6277250.111 6253304.462 5969374.511 6150679.407 5965953.851 6294354.964 6024108.15 6089104.086 6212254.323 6191728.996 6280670.64 6130153.106 5856485.166 6085681.235 6143835.019 6321718.264 5993316.651 6205408.156 537072.2242 0 0 0 0 0 0 
0 0 0 0 0 0 0 5435718.464 6078837.514 5996737.944 6205410.031 6184885.518 6294353.021 6270407.558 5911219.261 6195149.664 6109628.771 6222516.834 5832540.649 6520130.571 5938586.919 5983057.818 5894115.746 6160941.446 6071999.255 6071998.948 6188307.308 6280669.655 6013843.334 6256722.707 6000158.819 6099362.593 5456243.536 0 0 0 0 0 0 0 
0 0 0 0 0 0 0 3328479.549 5897532.628 6054892.067 5993317.483 6095943.311 6318298.643 6075419.181 6071998.719 5921481.855 6092524.273 6171203.921 6085682.906 6109628.93 6065157.928 6174624.934 6246462.511 6249883.174 6071999.004 6400399.736 6191727.902 6379873.88 6030947.32 6318297.58 6311455.275 5986474.55 3485838.293 0 0 0 0 0 0 0 
0 0 0 0 0 0 0 903102.3645 6020682.642 5859903.694 6003579.736 6205410.017 6229356.408 6089102.241 5993318.992 6154098.946 6068578.133 5897536.071 6335404.309 5972794.817 5979636.523 6085682.63 6130153.513 5924902.607 6136994.739 6414082.844 6071998.06 6109626.898 6058313.718 5976212.978 5948845.628 6266983.311 903102.3316 0 0 0 0 0 0 0 
0 0 0 0 0 0 0 0 4074223.188 6048049.689 6044629.476 6198568.001 6198568.459 6294352.543 6301194.585 6243040.56 6342245.259 6308037.041 6301195.458 5859906.595 6280670.457 6106207.33 6455133.3 6071998.571 6178044.511 6130152.386 6530390.778 6171201.77 6017263.249 6020683.561 6116466.569 3875814.307 0 0 0 0 0 0 0 0 
0 0 0 0 0 0 0 0 485759.5854 5548606.315 5996737.291 6232775.96 6024105.012 5955688.558 5918059.711 5986476.803 6147256.781 6212252.923 6140415.359 6154098.762 6188307.217 6085681.788 5955689.665 5904376.776 6150677.354 6037789.162 6349085.545 5835958.688 5890691.627 6266983.78 5548606.32 615751.6155 0 0 0 0 0 0 0 0 
0 0 0 0 0 0 0 0 0 1669371.019 5794907.099 5972791.412 6222513.33 6311455.809 6427764.87 6181464.458 6171202.124 6041210.299 5993318.622 6136994.113 6205411.019 6061735.501 5972793.378 6082260.203 6225935.355 6130151.441 6010421.522 6058313.008 6373029.975 5945424.11 1693316.925 0 0 0 0 0 0 0 0 0 
0 0 0 0 0 0 0 0 0 0 2196180.789 6109624.545 6119887.583 6010421.062 6277247.165 5914638.099 5983055.285 6054893.132 6010422.249 6212252.089 6119889.331 6280668.833 6366189.875 6174622.357 5989896.649 5900954.408 6195146.564 6174621.11 6366187.733 2213284.949 0 0 0 0 0 0 0 0 0 0 
0 0 0 0 0 0 0 0 0 0 0 1676212.683 5668335.833 6297771.165 5962529.021 6020683.624 6208830.275 6287509.827 6270405.757 5911217.22 6160938.905 6030946.726 6417501.92 6212251.117 6188304.99 6058312.621 6089099.799 5651231.616 1754892.046 0 0 0 0 0 0 0 0 0 0 0 
0 0 0 0 0 0 0 0 0 0 0 0 485759.5801 3933968.659 6133570.48 6123308.189 6243037.96 6160937.912 6198567.414 6017262.805 6017262.754 6048050.206 6270404.951 6201987.808 6143833.308 6126728.859 3800555.808 619172.4669 0 0 0 0 0 0 0 0 0 0 0 0 
0 0 0 0 0 0 0 0 0 0 0 0 0 0 920206.53 3451629.869 5110738.517 6345662.672 5996736.864 6027524.505 6393554.745 6113045.508 6017261.789 5079950.911 3379792.195 909944.0231 0 0 0 0 0 0 0 0 0 0 0 0 0 0 
0 0 0 0 0 0 0 0 0 0 0 0 0 0 0 0 0 615751.5907 1546220.69 1939617.521 1881463.221 1563324.837 578122.3518 0 0 0 0 0 0 0 0 0 0 0 0 0 0 0 0 0 
0 0 0 0 0 0 0 0 0 0 0 0 0 0 0 0 0 0 0 0 0 0 0 0 0 0 0 0 0 0 0 0 0 0 0 0 0 0 0 0 
0 0 0 0 0 0 0 0 0 0 0 0 0 0 0 0 0 0 0 0 0 0 0 0 0 0 0 0 0 0 0 0 0 0 0 0 0 0 0 0 
0 0 0 0 0 0 0 0 0 0 0 0 0 0 0 0 0 0 0 0 0 0 0 0 0 0 0 0 0 0 0 0 0 0 0 0 0 0 0 0 
0 0 0 0 0 0 0 0 0 0 0 0 0 0 0 0 0 0 0 0 0 0 0 0 0 0 0 0 0 0 0 0 0 0 0 0 0 0 0 0 
0 0 0 0 0 0 0 0 0 0 0 0 0 0 0 0 0 0 0 0 0 0 0 0 0 0 0 0 0 0 0 0 0 0 0 0 0 0 0 0 
0 0 0 0 0 0 0 0 0 0 0 0 0 0 0 0 0 0 0 0 0 0 0 0 0 0 0 0 0 0 0 0 0 0 0 0 0 0 0 0 
# Errors [psd_source/PSD_source.dat] I_err:
0 0 0 0 0 0 0 0 0 0 0 0 0 0 0 0 0 0 0 0 0 0 0 0 0 0 0 0 0 0 0 0 0 0 0 0 0 0 0 0 
0 0 0 0 0 0 0 0 0 0 0 0 0 0 0 0 0 0 0 0 0 0 0 0 0 0 0 0 0 0 0 0 0 0 0 0 0 0 0 0 
0 0 0 0 0 0 0 0 0 0 0 0 0 0 0 0 0 0 0 0 0 0 0 0 0 0 0 0 0 0 0 0 0 0 0 0 0 0 0 0 
0 0 0 0 0 0 0 0 0 0 0 0 0 0 0 0 0 0 0 0 0 0 0 0 0 0 0 0 0 0 0 0 0 0 0 0 0 0 0 0 
0 0 0 0 0 0 0 0 0 0 0 0 0 0 0 0 0 0 0 0 0 0 0 0 0 0 0 0 0 0 0 0 0 0 0 0 0 0 0 0 
0 0 0 0 0 0 0 0 0 0 0 0 0 0 0 0 0 0 0 0 0 0 0 0 0 0 0 0 0 0 0 0 0 0 0 0 0 0 0 0 
0 0 0 0 0 0 0 0 0 0 0 0 0 0 0 0 0 45639.72811 69855.57395 80589.69979 82739.13385 70022.89448 45382.60163 0 0 0 0 0 0 0 0 0 0 0 0 0 0 0 0 0 
0 0 0 0 0 0 0 0 0 0 0 0 0 0 55053.24264 106431.634 134678.6983 145335.4878 146258.5207 145456.2204 145777.6709 145335.4902 145617.0294 134417.7765 106541.5284 57036.83894 0 0 0 0 0 0 0 0 0 0 0 0 0 0 
0 0 0 0 0 0 0 0 0 0 0 0 44602.32581 117210.6575 140671.0985 148718.1579 144122.665 144811.1897 146857.3864 144325.5216 145053.4222 147016.6682 143471.6346 145496.4474 144528.069 143756.8072 111794.049 46276.29514 0 0 0 0 0 0 0 0 0 0 0 0 
0 0 0 0 0 0 0 0 0 0 0 80152.89602 138871.0337 143390.0336 144811.1905 147295.0009 145657.2346 141954.6891 146378.5211 145013.0953 146538.322 144000.8433 144203.8582 142694.6797 145093.7553 146298.5309 144447.0782 138152.9125 77253.49474 0 0 0 0 0 0 0 0 0 0 0 
0 0 0 0 0 0 0 0 0 0 86473.58874 146218.5062 144366.0472 146498.3726 143349.2474 145617.0661 143104.1483 143675.4299 144082.0999 142571.636 146538.337 142160.647 145857.9648 144528.1051 142242.9269 144972.7349 143226.7364 139375.7272 146697.9134 88678.36683 0 0 0 0 0 0 0 0 0 0 
0 0 0 0 0 0 0 0 0 75646.26285 141995.8684 148126.8365 145093.7565 143919.5549 147968.7804 148008.3265 143104.1623 143512.4538 143838.2515 142160.6601 141459.2398 144689.9712 143104.1652 144000.8648 145093.7815 146777.7055 145375.7763 141541.9006 143471.6272 142078.257 78530.4992 0 0 0 0 0 0 0 0 0 
0 0 0 0 0 0 0 0 42863.0305 139417.6894 147414.1105 144082.0747 142899.5598 144000.8533 144041.4896 145053.4621 145536.7125 147691.7522 142366.3146 145898.1041 145657.2824 143267.6346 145857.9907 143104.1737 143919.5824 144447.1267 144892.0073 143553.1937 146937.0547 144325.512 139207.6912 42589.14247 0 0 0 0 0 0 0 0 
0 0 0 0 0 0 0 0 115399.5688 144447.0785 143063.2341 145053.4357 145134.0986 141665.8918 144892.0269 141831.0203 142899.6016 143716.1826 141541.9602 145697.4576 144000.8946 143593.9947 143104.1866 144609.0861 143756.8784 145576.9078 143512.449 146817.5668 144932.3726 146098.4292 146618.1269 115804.4799 0 0 0 0 0 0 0 0 
0 0 0 0 0 0 0 54733.47465 144366.0359 142201.765 144811.2042 142366.2825 144609.0624 146737.8592 144609.0817 145214.7423 147215.5965 144689.9995 144568.6344 142448.5069 146817.6167 143634.7447 143716.1915 144730.4281 144568.6217 146498.4247 144649.5274 142160.6515 143838.2299 145174.3928 143716.1173 144122.6532 56831.2992 0 0 0 0 0 0 0 
0 0 0 0 0 0 0 106815.7664 143308.4009 146697.9359 147889.6675 144325.5505 146378.5456 144122.7248 145335.5695 144609.0964 145214.7548 145295.3218 142078.3561 142776.7373 150361.6004 142694.7509 144528.1602 145416.0789 143308.4817 144285.034 146218.5799 143553.219 143553.2072 145777.7041 144163.268 144244.4026 105659.1811 0 0 0 0 0 0 0 
0 0 0 0 0 0 0 135674.2471 144122.6657 145496.4644 144649.5065 145657.2616 144770.8309 143716.1789 144892.0476 144163.3389 146258.6176 146578.3139 144609.1148 145093.8412 141169.449 145013.1639 145617.1343 146218.6076 143797.5963 147414.1874 145093.8104 146098.4784 144932.394 144811.2159 145214.6894 146218.5195 135372.0298 0 0 0 0 0 0 0 
0 0 0 0 0 0 44074.4685 145415.9842 143919.538 145174.3954 146817.5682 142489.5428 145013.1299 145134.135 143838.2774 148245.3771 146897.3091 145255.0563 142940.5742 142366.3507 146857.4812 143797.6133 146618.2305 146178.5901 143390.126 144609.0984 145697.4521 151408.5862 143267.6196 143267.6069 147096.258 149542.0967 146018.2893 43270.61142 0 0 0 0 0 0 
0 0 0 0 0 0 70439.45212 145254.9503 147215.5285 144366.0709 146777.713 144325.5636 144447.1461 142242.9735 144770.857 145053.5013 144649.5702 143960.2806 146937.1454 144244.5105 145697.4858 146817.6354 144122.7641 142160.7024 145536.7462 143919.6142 147414.1855 144041.5097 144609.071 142201.7995 143878.8955 143675.4016 144730.3436 70605.38821 0 0 0 0 0 0 
0 0 0 0 0 0 82880.44967 146338.5099 145657.2266 144203.8635 144082.101 143226.7782 147493.5387 143104.1917 144082.1446 144932.44 143022.416 142940.5763 143390.1429 142078.3718 146098.5274 143430.9425 146138.5664 143960.2777 143634.7536 143960.265 145817.8847 145617.1066 143185.9206 147056.4947 141748.4538 144528.0838 145013.0611 79493.18986 0 0 0 0 0 0 
0 0 0 0 0 0 81671.48911 143185.8601 144406.5808 142940.5013 143919.5718 146098.4751 145134.1293 143145.073 147215.6049 142653.7424 145375.8504 144690.0207 142694.7652 144447.1885 145093.8492 145214.7767 148560.8079 143553.2648 146538.3887 145416.0798 143878.9455 145174.4393 143716.1649 143838.2387 145777.7032 142119.4542 149071.8238 79787.06561 0 0 0 0 0 0 
0 0 0 0 0 0 73049.20023 143675.3854 145536.6645 144972.7394 144649.5137 144932.4013 145456.2905 143593.995 145134.1468 146578.3105 146178.593 144406.6701 144325.6139 142858.688 143349.3316 146618.2362 143104.216 143512.4981 145777.7678 148403.1641 145134.1382 143919.5951 143063.2758 142530.5895 145335.5238 144163.2653 145254.9501 71018.53005 0 0 0 0 0 0 
0 0 0 0 0 0 44602.32527 143022.3082 145174.3791 144325.5332 147770.9389 142858.6333 145134.1253 143430.9095 147295.069 146538.3843 146258.6224 142899.6323 145053.5116 142858.6854 146737.9067 143553.2675 144325.6083 145777.7708 145536.7432 146578.3002 144811.2555 141541.9477 144285.0142 144972.7506 147056.4757 143185.8734 145697.3695 42863.02981 0 0 0 0 0 0 
0 0 0 0 0 0 0 136362.5162 144203.8386 143226.7419 145697.4135 145456.2719 146737.8614 146458.4849 142201.8347 145576.937 144568.64 145898.1317 141252.3177 149346.4297 142530.6471 143063.3186 141995.9708 145174.4619 144122.7469 144122.7396 145496.5143 146578.2772 143430.8839 146298.5612 143267.5887 144447.0844 136619.7237 0 0 0 0 0 0 0 
0 0 0 0 0 0 0 106706.1554 142037.0755 143919.5435 143185.8933 144406.609 147016.7107 144163.3173 144122.7342 142325.2217 144366.1279 145295.3217 144285.0538 144568.6438 144041.5367 145335.5904 146178.5842 146218.6015 144122.7409 147968.8181 145536.7175 147731.353 143634.7024 147016.686 146937.0525 143104.113 109199.3729 0 0 0 0 0 0 0 
0 0 0 0 0 0 0 55582.10828 143512.3915 141583.2239 143308.4249 145697.4132 145978.268 144325.5646 143185.9293 145093.8127 144082.1366 142037.1584 147215.6038 142940.5589 143022.4034 144285.0473 144811.2651 142366.3242 144892.0415 148126.8983 144122.7185 144568.5957 143960.2122 142981.4226 142653.6566 146418.4495 55582.10625 0 0 0 0 0 0 0 
0 0 0 0 0 0 0 0 118056.2368 143838.1936 143797.5246 145617.065 145617.0757 146737.8503 146817.5857 146138.5258 147295.0552 146897.2875 146817.606 141583.294 146578.2959 144528.1475 148600.1558 144122.7307 145375.8142 144811.2385 149463.8641 145295.2711 143471.6497 143512.4134 144649.4708 115145.7749 0 0 0 0 0 0 0 0 
0 0 0 0 0 0 0 0 40764.03887 137771.2145 143226.7263 146018.3141 143553.1927 142735.6948 142284.0738 143104.1669 145013.1265 145777.738 144932.413 145093.8083 145496.5122 144285.0273 142735.7213 142119.4989 145053.4632 143716.1547 147374.4484 141293.6667 141954.6799 146418.4604 137771.2146 45895.41565 0 0 0 0 0 0 0 0 
0 0 0 0 0 0 0 0 0 75568.8753 140795.8244 142940.4775 145898.0496 146937.0649 148284.785 145416.0355 145295.2794 143756.8687 143185.9205 144892.0267 145697.4367 144000.8725 142940.5245 144244.4517 145938.1757 144811.2162 143390.0612 143960.1953 147652.0679 142612.6185 76108.93586 0 0 0 0 0 0 0 0 0 
0 0 0 0 0 0 0 0 0 0 86676.34193 144568.54 144689.9193 143390.0503 146538.3155 142242.9268 143063.258 143919.5688 143390.0786 145777.7184 144689.9606 146578.258 147572.8284 145335.5297 143145.0241 142078.2861 145576.8642 145335.5004 147572.7787 87013.20996 0 0 0 0 0 0 0 0 0 0 
0 0 0 0 0 0 0 0 0 0 0 75723.57028 139249.7162 146777.6675 142817.6269 143512.4149 145737.5531 146658.0558 146458.4428 142201.7856 145174.402 143634.6882 148166.3527 145777.6956 145496.4598 143960.1861 144325.5067 139039.4643 77480.37658 0 0 0 0 0 0 0 0 0 0 0 
0 0 0 0 0 0 0 0 0 0 0 0 40764.03842 116006.4069 144851.5728 144730.3468 146138.465 145174.3786 145617.0512 143471.6391 143471.6379 143838.2059 146458.424 145657.2164 144972.7102 144770.7646 114022.3755 46022.72702 0 0 0 0 0 0 0 0 0 0 0 0 
0 0 0 0 0 0 0 0 0 0 0 0 0 0 56105.98236 108662.2355 132223.4129 147334.6938 143226.7161 143593.9137 147889.6352 144609.0099 143471.6149 131824.5474 107525.5138 55792.24773 0 0 0 0 0 0 0 0 0 0 0 0 0 0 
0 0 0 0 0 0 0 0 0 0 0 0 0 0 0 0 0 45895.4138 72728.10353 81456.27936 80225.86129 73129.25137 44470.95014 0 0 0 0 0 0 0 0 0 0 0 0 0 0 0 0 0 
0 0 0 0 0 0 0 0 0 0 0 0 0 0 0 0 0 0 0 0 0 0 0 0 0 0 0 0 0 0 0 0 0 0 0 0 0 0 0 0 
0 0 0 0 0 0 0 0 0 0 0 0 0 0 0 0 0 0 0 0 0 0 0 0 0 0 0 0 0 0 0 0 0 0 0 0 0 0 0 0 
0 0 0 0 0 0 0 0 0 0 0 0 0 0 0 0 0 0 0 0 0 0 0 0 0 0 0 0 0 0 0 0 0 0 0 0 0 0 0 0 
0 0 0 0 0 0 0 0 0 0 0 0 0 0 0 0 0 0 0 0 0 0 0 0 0 0 0 0 0 0 0 0 0 0 0 0 0 0 0 0 
0 0 0 0 0 0 0 0 0 0 0 0 0 0 0 0 0 0 0 0 0 0 0 0 0 0 0 0 0 0 0 0 0 0 0 0 0 0 0 0 
0 0 0 0 0 0 0 0 0 0 0 0 0 0 0 0 0 0 0 0 0 0 0 0 0 0 0 0 0 0 0 0 0 0 0 0 0 0 0 0 
# Events [psd_source/PSD_source.dat] N:
0 0 0 0 0 0 0 0 0 0 0 0 0 0 0 0 0 0 0 0 0 0 0 0 0 0 0 0 0 0 0 0 0 0 0 0 0 0 0 0 
0 0 0 0 0 0 0 0 0 0 0 0 0 0 0 0 0 0 0 0 0 0 0 0 0 0 0 0 0 0 0 0 0 0 0 0 0 0 0 0 
0 0 0 0 0 0 0 0 0 0 0 0 0 0 0 0 0 0 0 0 0 0 0 0 0 0 0 0 0 0 0 0 0 0 0 0 0 0 0 0 
0 0 0 0 0 0 0 0 0 0 0 0 0 0 0 0 0 0 0 0 0 0 0 0 0 0 0 0 0 0 0 0 0 0 0 0 0 0 0 0 
0 0 0 0 0 0 0 0 0 0 0 0 0 0 0 0 0 0 0 0 0 0 0 0 0 0 0 0 0 0 0 0 0 0 0 0 0 0 0 0 
0 0 0 0 0 0 0 0 0 0 0 0 0 0 0 0 0 0 0 0 0 0 0 0 0 0 0 0 0 0 0 0 0 0 0 0 0 0 0 0 
0 0 0 0 0 0 0 0 0 0 0 0 0 0 0 0 0 178 417 555 585 419 176 0 0 0 0 0 0 0 0 0 0 0 0 0 0 0 0 0 
0 0 0 0 0 0 0 0 0 0 0 0 0 0 259 968 1550 1805 1828 1808 1816 1805 1812 1544 970 278 0 0 0 0 0 0 0 0 0 0 0 0 0 0 
0 0 0 0 0 0 0 0 0 0 0 0 170 1174 1691 1890 1775 1792 1843 1780 1798 1847 1759 1809 1785 1766 1068 183 0 0 0 0 0 0 0 0 0 0 0 0 
0 0 0 0 0 0 0 0 0 0 0 549 1648 1757 1792 1854 1813 1722 1831 1797 1835 1772 1777 1740 1799 1829 1783 1631 510 0 0 0 0 0 0 0 0 0 0 0 
0 0 0 0 0 0 0 0 0 0 639 1827 1781 1834 1756 1812 1750 1764 1774 1737 1835 1727 1818 1785 1729 1796 1753 1660 1839 672 0 0 0 0 0 0 0 0 0 0 
0 0 0 0 0 0 0 0 0 489 1723 1875 1799 1770 1871 1872 1750 1760 1768 1727 1710 1789 1750 1772 1799 1841 1806 1712 1759 1725 527 0 0 0 0 0 0 0 0 0 
0 0 0 0 0 0 0 0 157 1661 1857 1774 1745 1772 1773 1798 1810 1864 1732 1819 1813 1754 1818 1750 1770 1783 1794 1761 1845 1780 1656 155 0 0 0 0 0 0 0 0 
0 0 0 0 0 0 0 0 1138 1783 1749 1798 1800 1715 1794 1719 1745 1765 1712 1814 1772 1762 1750 1787 1766 1811 1760 1842 1795 1824 1837 1146 0 0 0 0 0 0 0 0 
0 0 0 0 0 0 0 256 1781 1728 1792 1732 1787 1840 1787 1802 1852 1789 1786 1734 1842 1763 1765 1790 1786 1834 1788 1727 1768 1801 1765 1775 276 0 0 0 0 0 0 0 
0 0 0 0 0 0 0 975 1755 1839 1869 1780 1831 1775 1805 1787 1802 1804 1725 1742 1932 1740 1785 1807 1755 1779 1827 1761 1761 1816 1776 1778 954 0 0 0 0 0 0 0 
0 0 0 0 0 0 0 1573 1775 1809 1788 1813 1791 1765 1794 1776 1828 1836 1787 1799 1703 1797 1812 1827 1767 1857 1799 1824 1795 1792 1802 1827 1566 0 0 0 0 0 0 0 
0 0 0 0 0 0 166 1807 1770 1801 1842 1735 1797 1800 1768 1878 1844 1803 1746 1732 1843 1767 1837 1826 1757 1787 1814 1959 1754 1754 1849 1911 1822 160 0 0 0 0 0 0 
0 0 0 0 0 0 424 1803 1852 1781 1841 1780 1783 1729 1791 1798 1788 1771 1845 1778 1814 1842 1775 1727 1810 1770 1857 1773 1787 1728 1769 1764 1790 426 0 0 0 0 0 0 
0 0 0 0 0 0 587 1830 1813 1777 1774 1753 1859 1750 1774 1795 1748 1746 1757 1725 1824 1758 1825 1771 1763 1771 1817 1812 1752 1848 1717 1785 1797 540 0 0 0 0 0 0 
0 0 0 0 0 0 570 1752 1782 1746 1770 1824 1800 1751 1852 1739 1806 1789 1740 1783 1799 1802 1886 1761 1835 1807 1769 1801 1765 1768 1816 1726 1899 544 0 0 0 0 0 0 
0 0 0 0 0 0 456 1764 1810 1796 1788 1795 1808 1762 1800 1836 1826 1782 1780 1744 1756 1837 1750 1760 1816 1882 1800 1770 1749 1736 1805 1776 1803 431 0 0 0 0 0 0 
0 0 0 0 0 0 170 1748 1801 1780 1866 1744 1800 1758 1854 1835 1828 1745 1798 1744 1840 1761 1780 1816 1810 1836 1792 1712 1779 1796 1848 1752 1814 157 0 0 0 0 0 0 
0 0 0 0 0 0 0 1589 1777 1753 1814 1808 1840 1833 1728 1811 1786 1819 1705 1906 1736 1749 1723 1801 1775 1775 1809 1836 1758 1829 1754 1783 1595 0 0 0 0 0 0 0 
0 0 0 0 0 0 0 973 1724 1770 1752 1782 1847 1776 1775 1731 1781 1804 1779 1786 1773 1805 1826 1827 1775 1871 1810 1865 1763 1847 1845 1750 1019 0 0 0 0 0 0 0 
0 0 0 0 0 0 0 264 1760 1713 1755 1814 1821 1780 1752 1799 1774 1724 1852 1746 1748 1779 1792 1732 1794 1875 1775 1786 1771 1747 1739 1832 264 0 0 0 0 0 0 0 
0 0 0 0 0 0 0 0 1191 1768 1767 1812 1812 1840 1842 1825 1854 1844 1842 1713 1836 1785 1887 1775 1806 1792 1909 1804 1759 1760 1788 1133 0 0 0 0 0 0 0 0 
0 0 0 0 0 0 0 0 142 1622 1753 1822 1761 1741 1730 1750 1797 1816 1795 1799 1809 1779 1741 1726 1798 1765 1856 1706 1722 1832 1622 180 0 0 0 0 0 0 0 0 
0 0 0 0 0 0 0 0 0 488 1694 1746 1819 1845 1879 1807 1804 1766 1752 1794 1814 1772 1746 1778 1820 1792 1757 1771 1863 1738 495 0 0 0 0 0 0 0 0 0 
0 0 0 0 0 0 0 0 0 0 642 1786 1789 1757 1835 1729 1749 1770 1757 1816 1789 1836 1861 1805 1751 1725 1811 1805 1861 647 0 0 0 0 0 0 0 0 0 0 
0 0 0 0 0 0 0 0 0 0 0 490 1657 1841 1743 1760 1815 1838 1833 1728 1801 1763 1876 1816 1809 1771 1780 1652 513 0 0 0 0 0 0 0 0 0 0 0 
0 0 0 0 0 0 0 0 0 0 0 0 142 1150 1793 1790 1825 1801 1812 1759 1759 1768 1833 1813 1796 1791 1111 181 0 0 0 0 0 0 0 0 0 0 0 0 
0 0 0 0 0 0 0 0 0 0 0 0 0 0 269 1009 1494 1855 1753 1762 1869 1787 1759 1485 988 266 0 0 0 0 0 0 0 0 0 0 0 0 0 0 
0 0 0 0 0 0 0 0 0 0 0 0 0 0 0 0 0 180 452 567 550 457 169 0 0 0 0 0 0 0 0 0 0 0 0 0 0 0 0 0 
0 0 0 0 0 0 0 0 0 0 0 0 0 0 0 0 0 0 0 0 0 0 0 0 0 0 0 0 0 0 0 0 0 0 0 0 0 0 0 0 
0 0 0 0 0 0 0 0 0 0 0 0 0 0 0 0 0 0 0 0 0 0 0 0 0 0 0 0 0 0 0 0 0 0 0 0 0 0 0 0 
0 0 0 0 0 0 0 0 0 0 0 0 0 0 0 0 0 0 0 0 0 0 0 0 0 0 0 0 0 0 0 0 0 0 0 0 0 0 0 0 
0 0 0 0 0 0 0 0 0 0 0 0 0 0 0 0 0 0 0 0 0 0 0 0 0 0 0 0 0 0 0 0 0 0 0 0 0 0 0 0 
0 0 0 0 0 0 0 0 0 0 0 0 0 0 0 0 0 0 0 0 0 0 0 0 0 0 0 0 0 0 0 0 0 0 0 0 0 0 0 0 
0 0 0 0 0 0 0 0 0 0 0 0 0 0 0 0 0 0 0 0 0 0 0 0 0 0 0 0 0 0 0 0 0 0 0 0 0 0 0 0 
