# Format: McCode with text headers
# URL: http://www.mccode.org
# Creator: McStas 2.5 - Dec. 12, 2018
# Instrument: ESS_HEIMDAL.instr
# Ncount: 250000
# Trace: no
# Gravitation: no
# Seed: 1565866503
# Directory: TauScan/22
# Nodes: 4
# Param: lmax=4
# Param: lmin=0.5
# Param: T=200
# Param: tau=220
# Param: use_CoFe2O4=1
# Param: use_CoFe=1
# Param: use_magn=1
# Date: Wed Aug 14 15:26:03 2019 (1565789163)
# type: array_2d(40, 40)
# Source: ESS_HEIMDAL (ESS_HEIMDAL.instr)
# component: psd_source
# position: 0 0 0.01
# title: PSD monitor
# Ncount: 1000000
# filename: PSD_source.dat
# statistics: X0=0.001383; dX=5.00417; Y0=0.011739; dY=5.00209;
# signal: Min=0; Max=6.55776e+06; Mean=2.13803e+06;
# values: 3.42084e+09 3.42084e+06 1e+06
# xvar: X 
# yvar: Y 
# xlabel: X position [cm]
# ylabel: Y position [cm]
# zvar: I
# zlabel: Signal per bin
# xylimits: -15 15 -15 15
# variables: I I_err N
# Data [psd_source/PSD_source.dat] I:
0 0 0 0 0 0 0 0 0 0 0 0 0 0 0 0 0 0 0 0 0 0 0 0 0 0 0 0 0 0 0 0 0 0 0 0 0 0 0 0 
0 0 0 0 0 0 0 0 0 0 0 0 0 0 0 0 0 0 0 0 0 0 0 0 0 0 0 0 0 0 0 0 0 0 0 0 0 0 0 0 
0 0 0 0 0 0 0 0 0 0 0 0 0 0 0 0 0 0 0 0 0 0 0 0 0 0 0 0 0 0 0 0 0 0 0 0 0 0 0 0 
0 0 0 0 0 0 0 0 0 0 0 0 0 0 0 0 0 0 0 0 0 0 0 0 0 0 0 0 0 0 0 0 0 0 0 0 0 0 0 0 
0 0 0 0 0 0 0 0 0 0 0 0 0 0 0 0 0 0 0 0 0 0 0 0 0 0 0 0 0 0 0 0 0 0 0 0 0 0 0 0 
0 0 0 0 0 0 0 0 0 0 0 0 0 0 0 0 0 0 0 0 0 0 0 0 0 0 0 0 0 0 0 0 0 0 0 0 0 0 0 0 
0 0 0 0 0 0 0 0 0 0 0 0 0 0 0 0 0 581543.1836 1546220.727 1908829.983 1994351.036 1470962.189 567859.819 0 0 0 0 0 0 0 0 0 0 0 0 0 0 0 0 0 
0 0 0 0 0 0 0 0 0 0 0 0 0 0 889418.9791 3424263.16 5309147.303 6249879.145 6099362.132 6164358.227 5788065.584 6092520.393 6229354.041 5247572.139 3242958.507 906523.2002 0 0 0 0 0 0 0 0 0 0 0 0 0 0 
0 0 0 0 0 0 0 0 0 0 0 0 615751.5839 4094748.271 5760698.607 6352504.761 5996737.262 6335400.911 6249879.948 6116467.12 6102783.818 5935162.439 5986474.976 5883849.574 6191725.149 6027524.327 3793714.128 523388.8839 0 0 0 0 0 0 0 0 0 0 0 0 
0 0 0 0 0 0 0 0 0 0 0 1679633.552 5623864.872 5907795.195 6003579.158 5774382.927 6232776.188 6051471.56 6048050.974 6205409.738 5965950.758 6232776.48 6048050.843 6167780.21 5965950.121 6123308.547 6178041.668 5603339.815 1710421.136 0 0 0 0 0 0 0 0 0 0 0 
0 0 0 0 0 0 0 0 0 0 2298806.005 6167778.893 6164358.573 6232775.858 5918058.667 6113046.99 6277247.71 6041209.732 6410660.921 6106205.946 5832538.395 6071997.446 5918059.349 6150676.578 6106205.32 5904375.239 6270405.113 5866745.156 6297770.876 2206443.27 0 0 0 0 0 0 0 0 0 0 
0 0 0 0 0 0 0 0 0 1730946.15 5935161.666 6116466.752 6003579.497 6041209.156 6164359.898 5935163.705 6314877.61 6277248.498 6147256.629 5829118.126 6157519.142 6273827.755 6085681.241 6229356.529 6191726.969 5983055.163 5979634.016 6000158.621 6424342.591 6167778.85 1583849.952 0 0 0 0 0 0 0 0 0 
0 0 0 0 0 0 0 0 612330.7691 5627285.738 6270404.654 6106204.793 6184884.625 5900955.09 6102785.229 6280669.421 5993318.717 6041210.674 6195148.875 6465395.598 6130152.894 5993319.051 6164361.137 5835959.915 5979635.145 5942005.549 5931742.704 6136992.862 6136992.299 6178041.945 5647810.769 653380.871 0 0 0 0 0 0 0 0 
0 0 0 0 0 0 0 0 3906601.937 6123308.225 6164358.94 6109626.06 6205410.151 6150677.107 6284090.332 6219094.667 5965952.402 6410662.374 6092523.999 6133574.165 6140415.844 6027527.912 5931744.107 5945427.375 5942006.297 6058314.664 6075418.528 6027526.322 6106205.224 6225934.165 6229354.36 3776609.875 0 0 0 0 0 0 0 0 
0 0 0 0 0 0 0 865473.0816 5986474.227 6232775.544 6198567.745 5842800.616 6068576.773 6027527.094 6130152.753 6020686.036 5959111.075 6243041.362 6338825.124 6222516.464 6369612.811 5969373.918 6075419.97 6147257.52 6455133.267 6164361.186 6225936.014 6143835.302 6095943.022 5962529.639 6294350.719 6006999.293 1036515.173 0 0 0 0 0 0 0 
0 0 0 0 0 0 0 3150595.716 6030945.489 5921479.188 6277247.472 6280668.894 6119889.702 5986477.238 6130153.056 6301195.592 6308037.512 6065157.764 5983057.639 6085682.979 5729915.122 6164362.412 6290933.491 6075420.102 6054894.792 5938585.793 6212252.935 6020685.277 6335402.392 6184884.716 6044629.536 5935161.913 3417421.425 0 0 0 0 0 0 0 
0 0 0 0 0 0 0 5114159.338 6075416.71 6195146.829 6123309.768 5904376.299 6003581.288 6065156.905 6000161.224 6260145.713 6311458.635 6095945.582 6263567.115 6116470.854 6126733.353 6089104.008 6065157.97 6041211.912 5959111.369 6027527.957 6136994.613 6140415.042 6092522.732 6027526.169 6188305.174 6345663.226 5295463.954 0 0 0 0 0 0 0 
0 0 0 0 0 0 567859.8045 6106203.715 6130150.371 6229355.537 5818854.893 6027526.907 6126731.857 6089102.996 6198570.388 6034370.127 6198570.928 6130154.208 5979637.155 6157521.167 6061737.514 6150679.4 5989899.583 6078841.378 5815436.096 6147257.7 6085682.155 6130152.679 6208831.605 6068576.476 6133571.872 6037787.601 6225933.21 540493.0622 0 0 0 0 0 0 
0 0 0 0 0 0 1358074.364 6013841.111 6058312.767 6136992.831 6373031.687 6113048.094 6140415.347 6085682.255 5924902.921 5856486.326 5918061.778 6136996.048 6229358.969 6041212.57 6130154.539 6147258.705 6181467.03 6154100.084 6383296.432 6003582.358 6345666.451 6061735.947 6253302.691 5705967.161 6061734.282 6013841.819 6106203.834 1453857.945 0 0 0 0 0 0 
0 0 0 0 0 0 1881463.23 6082258.024 5969370.918 6123309.537 6335402.457 6013843.694 6013844.169 6068578.107 6178045.48 6123312.293 6071999.852 6164362.854 6075421 6102787.835 6078841.908 6078841.85 6331984.278 6017266.344 6154099.894 6034370.015 5921481.802 6178044.689 6113048.172 6301194.007 6256722.426 5753857.815 6284087.735 1949880.073 0 0 0 0 0 0 
0 0 0 0 0 0 2083292.917 6106203.923 5993316.811 6335401.826 6280668.952 6280669.508 6260144.957 6198570.185 6219095.637 6140416.508 6048053.942 5853065.962 5907799.592 6557760.243 6130154.591 6270409.184 6154100.336 6116470.835 6359350.572 6301195.899 6147257.542 6451712.225 6198569.27 6458552.82 6133572.065 6113046.305 5866744.937 1987509.334 0 0 0 0 0 0 
0 0 0 0 0 0 1553062.371 6301191.869 6160938.079 6109626.079 5965951.273 5955689.288 6225936.448 6318299.682 5965953.06 6308037.829 6201991.909 6150679.415 6376455.326 5914641.266 6092525.231 6215675.6 6113050.125 6147258.388 6024107.716 6369612.731 6215674.358 6208832.23 6133573.179 6198568.643 6263564.056 6154096.387 6178041.538 1522274.798 0 0 0 0 0 0 
0 0 0 0 0 0 540493.0655 6366187.792 6143833.727 6191726.188 6167780.933 6075418.702 6308036.579 6041211.141 6102786.762 6126732.943 6106208.127 5818857.32 6178046.17 6174625.389 6362771.879 6099366.737 6208833.651 6007003.614 5952269.849 6113049.266 5976215.135 6068577.491 6249881.735 5842800.77 6010421.529 6174621.297 6000157.618 581543.1728 0 0 0 0 0 0 
0 0 0 0 0 0 0 5247572.178 5952266.378 6106204.952 6082259.647 6116468.62 6253302.854 6390137.082 6277249.611 6000161.516 6140416.398 6119891.518 6099366.543 6342246.628 6212254.52 6133574.989 6143837.442 6345667.076 6184887.127 6065157.251 6232778.265 6212252.754 6178043.841 6253301.824 6058313.133 5979633.116 5073109.215 0 0 0 0 0 0 0 
0 0 0 0 0 0 0 3383213.004 6126729.093 6116467.224 6048050.987 6143835.155 5801751.246 6465395.442 6188307.431 6130153.338 6065157.547 6133574.662 5942007.43 6362771.425 6301196.217 6195149.947 6164362.197 5952269.704 6030948.851 6201990.816 6396978.55 6164360.68 6219093.719 6167780.462 5887270.745 6171200.03 3478996.616 0 0 0 0 0 0 0 
0 0 0 0 0 0 0 851789.7117 6136991.311 6195146.329 6205409.44 6236197.601 6044630.889 6243040.243 6133573.613 6089102.952 6414083.353 6201991.216 6113049.378 6331983.487 5890694.56 6068578.415 6243041.349 6147257.516 6071998.647 6099365.147 6273827.87 6403819.464 6318297.884 6113046.681 6246458.968 6119887.066 899681.4909 0 0 0 0 0 0 0 
0 0 0 0 0 0 0 0 4289736.245 6102783.223 6061733.681 6314876.623 6338823.024 6119889.467 6386715.689 6054894.106 5955689.889 6314878.743 5962531.874 6092524.029 6225936.97 6082261.41 6352508.038 6024106.789 6164361.13 5931743.426 6143835.388 5962530.197 6068575.925 6092521.293 6051470.58 4087906.575 0 0 0 0 0 0 0 0 
0 0 0 0 0 0 0 0 608909.918 5726490.145 6147254.389 6273826.086 6205409.737 6263564.438 5784646.725 5972793.46 5911218.513 6041210.753 6102786.038 6451712.235 6027527.555 6239619.81 6195148.731 6099364.941 6130152.221 6205410.514 6119889.1 5924900.589 6030946.298 6239617.091 5630706.538 578122.3401 0 0 0 0 0 0 0 0 
0 0 0 0 0 0 0 0 0 1669371.014 6071995.318 6140412.763 5979633.521 6109626.019 6048051.207 6174622.684 5996739.122 5815434.549 6099364.72 6256723.529 6222515.208 6191727.473 6154098.132 6284089.984 6195147.775 5976213.55 5976213.163 6034367.062 6157516.844 6099362.026 1693316.896 0 0 0 0 0 0 0 0 0 
0 0 0 0 0 0 0 0 0 0 1984088.506 5904374.035 6006999.835 6024104.417 6044629.863 6208830.601 6157518.215 6130151.635 6273827.22 6024105.658 6102784.985 6085680.78 6034368.048 6037788.69 6051471.871 6331980.738 6249880.103 6335400.724 6071995.348 2230389.158 0 0 0 0 0 0 0 0 0 0 
0 0 0 0 0 0 0 0 0 0 0 1655687.655 5552027.115 6054891.444 6342242.461 6174621.63 6010421.371 6376451.788 6174622.105 5979634.103 6287509.989 6140413.766 6013842.335 6492760.241 6290930.259 6119887.702 6256721.128 5764119.46 1744629.562 0 0 0 0 0 0 0 0 0 0 0 
0 0 0 0 0 0 0 0 0 0 0 0 578122.3171 3957914.594 6095941.203 6239616.882 6280667.336 5870166.24 5976212.572 6099362.962 6126729.776 6236196.683 5952266.502 6345663.315 6154095.782 5873586.388 3981860.501 646539.1888 0 0 0 0 0 0 0 0 0 0 0 0 
0 0 0 0 0 0 0 0 0 0 0 0 0 0 933889.9411 3256641.846 5391247.539 6065153.637 6270404.249 6201987.536 6150674.869 6212249.918 5900953.144 5292043.111 3287429.501 882577.2659 0 0 0 0 0 0 0 0 0 0 0 0 0 0 
0 0 0 0 0 0 0 0 0 0 0 0 0 0 0 0 0 591805.7226 1467541.323 1908829.97 2086713.757 1423070.401 519968.0195 0 0 0 0 0 0 0 0 0 0 0 0 0 0 0 0 0 
0 0 0 0 0 0 0 0 0 0 0 0 0 0 0 0 0 0 0 0 0 0 0 0 0 0 0 0 0 0 0 0 0 0 0 0 0 0 0 0 
0 0 0 0 0 0 0 0 0 0 0 0 0 0 0 0 0 0 0 0 0 0 0 0 0 0 0 0 0 0 0 0 0 0 0 0 0 0 0 0 
0 0 0 0 0 0 0 0 0 0 0 0 0 0 0 0 0 0 0 0 0 0 0 0 0 0 0 0 0 0 0 0 0 0 0 0 0 0 0 0 
0 0 0 0 0 0 0 0 0 0 0 0 0 0 0 0 0 0 0 0 0 0 0 0 0 0 0 0 0 0 0 0 0 0 0 0 0 0 0 0 
0 0 0 0 0 0 0 0 0 0 0 0 0 0 0 0 0 0 0 0 0 0 0 0 0 0 0 0 0 0 0 0 0 0 0 0 0 0 0 0 
0 0 0 0 0 0 0 0 0 0 0 0 0 0 0 0 0 0 0 0 0 0 0 0 0 0 0 0 0 0 0 0 0 0 0 0 0 0 0 0 
# Errors [psd_source/PSD_source.dat] I_err:
0 0 0 0 0 0 0 0 0 0 0 0 0 0 0 0 0 0 0 0 0 0 0 0 0 0 0 0 0 0 0 0 0 0 0 0 0 0 0 0 
0 0 0 0 0 0 0 0 0 0 0 0 0 0 0 0 0 0 0 0 0 0 0 0 0 0 0 0 0 0 0 0 0 0 0 0 0 0 0 0 
0 0 0 0 0 0 0 0 0 0 0 0 0 0 0 0 0 0 0 0 0 0 0 0 0 0 0 0 0 0 0 0 0 0 0 0 0 0 0 0 
0 0 0 0 0 0 0 0 0 0 0 0 0 0 0 0 0 0 0 0 0 0 0 0 0 0 0 0 0 0 0 0 0 0 0 0 0 0 0 0 
0 0 0 0 0 0 0 0 0 0 0 0 0 0 0 0 0 0 0 0 0 0 0 0 0 0 0 0 0 0 0 0 0 0 0 0 0 0 0 0 
0 0 0 0 0 0 0 0 0 0 0 0 0 0 0 0 0 0 0 0 0 0 0 0 0 0 0 0 0 0 0 0 0 0 0 0 0 0 0 0 
0 0 0 0 0 0 0 0 0 0 0 0 0 0 0 0 0 44602.32613 72728.10527 80807.21677 82597.58049 70936.09576 44074.4697 0 0 0 0 0 0 0 0 0 0 0 0 0 0 0 0 0 
0 0 0 0 0 0 0 0 0 0 0 0 0 0 55159.42351 108230.6072 134765.5589 146218.5072 144447.0735 145214.6644 140712.6895 144366.036 145978.2125 133981.7783 105326.3958 55687.27752 0 0 0 0 0 0 0 0 0 0 0 0 0 0 
0 0 0 0 0 0 0 0 0 0 0 0 45895.41329 118353.235 140379.6355 147414.1075 143226.7256 147215.5248 146218.526 144649.4838 144487.5946 142489.5025 143104.1232 141872.2112 145536.6528 143593.9095 113919.699 42313.48337 0 0 0 0 0 0 0 0 0 0 0 0 
0 0 0 0 0 0 0 0 0 0 0 75800.80108 138702.3983 142160.6048 143308.4111 140546.2814 146018.3195 143878.8905 143838.2241 145697.4066 142858.6113 146018.3263 143838.221 145254.9783 142858.5961 144730.3552 145375.7473 138449.0603 76492.3586 0 0 0 0 0 0 0 0 0 0 0 
0 0 0 0 0 0 0 0 0 0 88678.36688 145254.9473 145214.6725 146018.3117 142284.0487 144609.0449 146538.3282 143756.8552 148087.3676 144528.1147 141252.2631 144122.704 142284.0651 145053.4449 144528.0999 142119.4619 146458.4278 141665.8466 146777.6608 86878.61893 0 0 0 0 0 0 0 0 0 0 
0 0 0 0 0 0 0 0 0 76949.94235 142489.4839 144649.4751 143308.4192 143756.8415 145214.7037 142489.5329 146976.9021 146538.3466 145013.1229 141210.848 145134.118 146498.4148 144285.0143 145978.2708 145536.6956 143063.2551 143022.3434 143267.584 148245.2881 145254.9463 73607.74959 0 0 0 0 0 0 0 0 0 
0 0 0 0 0 0 0 0 45767.75052 138744.5769 146458.4171 144528.0874 145456.2509 142078.3025 144487.628 146578.2717 143185.9227 143756.8776 145576.9185 148718.2276 144811.2505 143185.9307 145214.7329 141293.6964 143022.3704 142571.6395 142448.4599 144891.9972 144891.9839 145375.7538 138997.3756 47276.98059 0 0 0 0 0 0 0 0 
0 0 0 0 0 0 0 0 115602.2027 144730.3476 145214.6812 144568.5758 145697.4163 145053.4574 146618.1857 145857.9913 142858.6507 148087.4011 144366.1215 144851.6599 144932.4244 143593.9949 142448.4936 142612.6968 142571.6575 143960.2347 144163.3018 143593.957 144528.0976 145938.1478 145978.22 113662.6004 0 0 0 0 0 0 0 0 
0 0 0 0 0 0 0 54411.82645 143104.1053 146018.3044 145617.059 141376.4698 144082.1043 143593.9754 144811.2472 143512.4724 142776.7215 146138.5446 147255.3428 145898.1231 147612.5203 142899.6181 144163.3361 145013.144 148600.1551 145214.7341 145938.1911 144972.7573 144406.6021 142817.6417 146737.8078 143349.217 59546.24087 0 0 0 0 0 0 0 
0 0 0 0 0 0 0 103815.6585 143634.6587 142325.1576 146538.3227 146578.2594 144689.9694 143104.1773 144811.2543 146817.6092 146897.2985 144041.5328 143063.3143 144285.0555 140004.1093 145214.763 146698.0122 144163.3392 143919.6083 142530.6201 145777.7382 143512.4543 147215.5592 145456.253 143797.526 142489.4899 108122.429 0 0 0 0 0 0 0 
0 0 0 0 0 0 0 132267.6564 144163.2587 145576.8704 144730.3841 142119.4874 143308.4619 144041.5124 143267.6461 146338.6005 146937.1307 144406.6628 146378.5912 144649.5721 144770.8707 144325.6065 144041.5377 143756.9071 142776.7285 143593.996 144892.0385 144932.4055 144366.0914 143593.9534 145496.4641 147334.7067 134591.7804 0 0 0 0 0 0 0 
0 0 0 0 0 0 44074.46858 144528.0619 144811.1909 145978.2476 141086.4709 143593.971 144770.8354 144325.5825 145617.1211 143675.4792 145617.1338 144811.2815 143022.4185 145134.1658 144000.9204 145053.5114 143145.0942 144203.9302 141045.0428 145013.1482 144285.036 144811.2454 145737.5843 144082.0973 144851.6057 143716.1175 145938.1254 42999.31927 0 0 0 0 0 0 
0 0 0 0 0 0 68159.79852 143430.8309 143960.1896 144891.9965 147652.1076 144609.0711 144932.4127 144285.0384 142366.3317 141541.9757 142284.1235 144892.0724 145978.328 143756.9228 144811.2894 145013.1719 145416.096 145093.8395 147770.9935 143308.4875 147334.7815 144000.8831 146258.581 139711.207 144000.8436 143430.8478 144528.0647 70522.46906 0 0 0 0 0 0 
0 0 0 0 0 0 80225.86169 144244.4001 142899.5462 144730.3787 147215.5608 143430.8925 143430.9038 144082.136 145375.837 144730.4438 144122.7611 145214.7734 144163.3605 144487.6897 144203.9428 144203.9414 147175.8723 143471.7235 145093.835 143675.4765 142325.2204 145375.8184 144609.0729 146817.5722 146298.5546 140296.2717 146618.1251 81671.48894 0 0 0 0 0 0 
0 0 0 0 0 0 84419.28918 144528.0668 143185.8772 147215.5461 146578.2608 146578.2738 146338.5828 145617.1163 145858.014 144932.4401 143838.2947 141500.6431 142160.7106 149776.776 144811.2906 146458.5229 145093.8454 144649.5717 147493.5647 146817.6163 145013.1445 148560.7706 145617.0948 148639.4949 144851.6103 144609.0287 141665.8413 82455.78122 0 0 0 0 0 0 
0 0 0 0 0 0 72888.82862 146817.5224 145174.3825 144568.5763 142858.6236 142735.7123 145938.2013 147016.7349 142858.6664 146897.3058 145657.3127 145053.5118 147691.7945 142243.003 144366.1506 145817.9125 144609.1191 145013.1644 143553.2571 147612.5185 145817.8834 145737.599 144851.6366 145617.0801 146378.5198 145093.7523 145375.7442 72162.74615 0 0 0 0 0 0 
0 0 0 0 0 0 42999.31953 147572.7801 144972.7201 145536.6772 145254.9953 144163.306 146897.2767 143756.8888 144487.6643 144770.861 144528.1663 141086.5298 145375.8532 145335.6011 147533.2403 144447.1826 145737.6323 143349.3201 142694.7477 144609.0988 142981.4742 144082.1214 146218.5678 141376.4736 143390.0614 145335.5048 143267.56 44602.3253 0 0 0 0 0 0 
0 0 0 0 0 0 0 133981.7793 142694.6644 144528.0912 144244.4385 144649.5193 146258.5848 147850.1396 146538.3726 143267.6531 144932.4375 144690.0123 144447.178 147295.087 145777.7754 144851.6793 144972.8077 147334.796 145456.3097 144041.5206 146018.3681 145777.734 145375.7984 146258.5607 143960.1983 143022.3219 131735.7464 0 0 0 0 0 0 0 
0 0 0 0 0 0 0 107579.9147 144770.7701 144649.4863 143838.2244 144972.7538 140878.974 148718.2241 145496.5172 144811.261 144041.5276 144851.6716 142571.6846 147533.2297 146817.6237 145576.9437 145214.7579 142694.7442 143634.7388 145657.2871 147929.2622 145214.7222 145857.969 145254.9842 141913.455 145295.2301 109092.1573 0 0 0 0 0 0 0 
0 0 0 0 0 0 0 53979.97966 144891.9606 145576.8587 145697.3996 146058.3982 143797.5582 146138.5184 144851.6468 144325.5815 148126.91 145657.2964 144609.1014 147175.8539 141954.7506 144082.1433 146138.5443 145013.1439 144122.7325 144447.1449 146498.4175 148008.3297 147016.6931 144609.0377 146178.5013 144689.907 55476.73732 0 0 0 0 0 0 0 
0 0 0 0 0 0 0 0 121138.3969 144487.5805 144000.8293 146976.8792 147255.294 144689.9638 147810.5471 143919.5919 142735.7267 146976.9285 142817.6952 144366.1222 145938.2135 144244.4804 147414.1835 143553.2351 145214.7328 142448.4772 144972.7593 142817.655 144082.0842 144366.0573 143878.8672 118254.3184 0 0 0 0 0 0 0 0 
0 0 0 0 0 0 0 0 45639.72793 139962.2098 145013.0701 146498.3759 145697.4066 146378.5287 140671.1498 142940.5265 142201.8167 143756.8795 144487.6471 148560.7708 143593.9864 146098.4846 145576.9151 144447.1401 144811.2346 145697.4249 144689.9551 142366.2757 143634.678 146098.4209 138786.741 44470.94924 0 0 0 0 0 0 0 0 
0 0 0 0 0 0 0 0 0 75568.87508 144122.6535 144932.3517 143022.3316 144568.5749 143838.2297 145335.5374 143226.77 141045.0053 144447.1348 146298.5804 145898.0936 145536.7074 145093.7935 146618.1776 145576.8926 142981.4363 142981.427 143675.4062 145134.0639 144447.071 76108.93458 0 0 0 0 0 0 0 0 0 
0 0 0 0 0 0 0 0 0 0 82384.79102 142119.433 143349.2299 143553.1785 143797.5338 145737.5607 145134.0962 144811.2208 146498.4023 143553.2081 144487.6222 144285.0034 143675.4297 143716.1435 143878.8979 147175.79 146218.5296 147215.5205 144122.6542 87348.78078 0 0 0 0 0 0 0 0 0 0 
0 0 0 0 0 0 0 0 0 0 0 75258.52976 137813.6765 143919.5287 147294.9903 145335.5126 143390.0576 147691.7126 145335.5238 143022.3455 146658.0595 144932.3754 143430.8601 149032.5944 146697.9369 144689.9221 146298.5243 140421.31 77253.4955 0 0 0 0 0 0 0 0 0 0 0 
0 0 0 0 0 0 0 0 0 0 0 0 44470.94747 116358.9354 144406.559 146098.416 146578.2231 141707.1484 142981.4129 144447.0932 144770.7862 146058.3767 142694.6674 147334.7087 145093.7381 141748.4156 116710.3982 47028.80591 0 0 0 0 0 0 0 0 0 0 0 0 
0 0 0 0 0 0 0 0 0 0 0 0 0 0 56521.59048 105548.3685 135803.5636 144041.4348 146458.4076 145657.21 145053.4046 145777.6675 142078.2557 134548.3005 106046.1129 54946.86053 0 0 0 0 0 0 0 0 0 0 0 0 0 0 
0 0 0 0 0 0 0 0 0 0 0 0 0 0 0 0 0 44994.1559 70853.56272 80807.2162 84488.5704 69771.76679 42174.97553 0 0 0 0 0 0 0 0 0 0 0 0 0 0 0 0 0 
0 0 0 0 0 0 0 0 0 0 0 0 0 0 0 0 0 0 0 0 0 0 0 0 0 0 0 0 0 0 0 0 0 0 0 0 0 0 0 0 
0 0 0 0 0 0 0 0 0 0 0 0 0 0 0 0 0 0 0 0 0 0 0 0 0 0 0 0 0 0 0 0 0 0 0 0 0 0 0 0 
0 0 0 0 0 0 0 0 0 0 0 0 0 0 0 0 0 0 0 0 0 0 0 0 0 0 0 0 0 0 0 0 0 0 0 0 0 0 0 0 
0 0 0 0 0 0 0 0 0 0 0 0 0 0 0 0 0 0 0 0 0 0 0 0 0 0 0 0 0 0 0 0 0 0 0 0 0 0 0 0 
0 0 0 0 0 0 0 0 0 0 0 0 0 0 0 0 0 0 0 0 0 0 0 0 0 0 0 0 0 0 0 0 0 0 0 0 0 0 0 0 
0 0 0 0 0 0 0 0 0 0 0 0 0 0 0 0 0 0 0 0 0 0 0 0 0 0 0 0 0 0 0 0 0 0 0 0 0 0 0 0 
# Events [psd_source/PSD_source.dat] N:
0 0 0 0 0 0 0 0 0 0 0 0 0 0 0 0 0 0 0 0 0 0 0 0 0 0 0 0 0 0 0 0 0 0 0 0 0 0 0 0 
0 0 0 0 0 0 0 0 0 0 0 0 0 0 0 0 0 0 0 0 0 0 0 0 0 0 0 0 0 0 0 0 0 0 0 0 0 0 0 0 
0 0 0 0 0 0 0 0 0 0 0 0 0 0 0 0 0 0 0 0 0 0 0 0 0 0 0 0 0 0 0 0 0 0 0 0 0 0 0 0 
0 0 0 0 0 0 0 0 0 0 0 0 0 0 0 0 0 0 0 0 0 0 0 0 0 0 0 0 0 0 0 0 0 0 0 0 0 0 0 0 
0 0 0 0 0 0 0 0 0 0 0 0 0 0 0 0 0 0 0 0 0 0 0 0 0 0 0 0 0 0 0 0 0 0 0 0 0 0 0 0 
0 0 0 0 0 0 0 0 0 0 0 0 0 0 0 0 0 0 0 0 0 0 0 0 0 0 0 0 0 0 0 0 0 0 0 0 0 0 0 0 
0 0 0 0 0 0 0 0 0 0 0 0 0 0 0 0 0 170 452 558 583 430 166 0 0 0 0 0 0 0 0 0 0 0 0 0 0 0 0 0 
0 0 0 0 0 0 0 0 0 0 0 0 0 0 260 1001 1552 1827 1783 1802 1692 1781 1821 1534 948 265 0 0 0 0 0 0 0 0 0 0 0 0 0 0 
0 0 0 0 0 0 0 0 0 0 0 0 180 1197 1684 1857 1753 1852 1827 1788 1784 1735 1750 1720 1810 1762 1109 153 0 0 0 0 0 0 0 0 0 0 0 0 
0 0 0 0 0 0 0 0 0 0 0 491 1644 1727 1755 1688 1822 1769 1768 1814 1744 1822 1768 1803 1744 1790 1806 1638 500 0 0 0 0 0 0 0 0 0 0 0 
0 0 0 0 0 0 0 0 0 0 672 1803 1802 1822 1730 1787 1835 1766 1874 1785 1705 1775 1730 1798 1785 1726 1833 1715 1841 645 0 0 0 0 0 0 0 0 0 0 
0 0 0 0 0 0 0 0 0 506 1735 1788 1755 1766 1802 1735 1846 1835 1797 1704 1800 1834 1779 1821 1810 1749 1748 1754 1878 1803 463 0 0 0 0 0 0 0 0 0 
0 0 0 0 0 0 0 0 179 1645 1833 1785 1808 1725 1784 1836 1752 1766 1811 1890 1792 1752 1802 1706 1748 1737 1734 1794 1794 1806 1651 191 0 0 0 0 0 0 0 0 
0 0 0 0 0 0 0 0 1142 1790 1802 1786 1814 1798 1837 1818 1744 1874 1781 1793 1795 1762 1734 1738 1737 1771 1776 1762 1785 1820 1821 1104 0 0 0 0 0 0 0 0 
0 0 0 0 0 0 0 253 1750 1822 1812 1708 1774 1762 1792 1760 1742 1825 1853 1819 1862 1745 1776 1797 1887 1802 1820 1796 1782 1743 1840 1756 303 0 0 0 0 0 0 0 
0 0 0 0 0 0 0 921 1763 1731 1835 1836 1789 1750 1792 1842 1844 1773 1749 1779 1675 1802 1839 1776 1770 1736 1816 1760 1852 1808 1767 1735 999 0 0 0 0 0 0 0 
0 0 0 0 0 0 0 1495 1776 1811 1790 1726 1755 1773 1754 1830 1845 1782 1831 1788 1791 1780 1773 1766 1742 1762 1794 1795 1781 1762 1809 1855 1548 0 0 0 0 0 0 0 
0 0 0 0 0 0 166 1785 1792 1821 1701 1762 1791 1780 1812 1764 1812 1792 1748 1800 1772 1798 1751 1777 1700 1797 1779 1792 1815 1774 1793 1765 1820 158 0 0 0 0 0 0 
0 0 0 0 0 0 397 1758 1771 1794 1863 1787 1795 1779 1732 1712 1730 1794 1821 1766 1792 1797 1807 1799 1866 1755 1855 1772 1828 1668 1772 1758 1785 425 0 0 0 0 0 0 
0 0 0 0 0 0 550 1778 1745 1790 1852 1758 1758 1774 1806 1790 1775 1802 1776 1784 1777 1777 1851 1759 1799 1764 1731 1806 1787 1842 1829 1682 1837 570 0 0 0 0 0 0 
0 0 0 0 0 0 609 1785 1752 1852 1836 1836 1830 1812 1818 1795 1768 1711 1727 1917 1792 1833 1799 1788 1859 1842 1797 1886 1812 1888 1793 1787 1715 581 0 0 0 0 0 0 
0 0 0 0 0 0 454 1842 1801 1786 1744 1741 1820 1847 1744 1844 1813 1798 1864 1729 1781 1817 1787 1797 1761 1862 1817 1815 1793 1812 1831 1799 1806 445 0 0 0 0 0 0 
0 0 0 0 0 0 158 1861 1796 1810 1803 1776 1844 1766 1784 1791 1785 1701 1806 1805 1860 1783 1815 1756 1740 1787 1747 1774 1827 1708 1757 1805 1754 170 0 0 0 0 0 0 
0 0 0 0 0 0 0 1534 1740 1785 1778 1788 1828 1868 1835 1754 1795 1789 1783 1854 1816 1793 1796 1855 1808 1773 1822 1816 1806 1828 1771 1748 1483 0 0 0 0 0 0 0 
0 0 0 0 0 0 0 989 1791 1788 1768 1796 1696 1890 1809 1792 1773 1793 1737 1860 1842 1811 1802 1740 1763 1813 1870 1802 1818 1803 1721 1804 1017 0 0 0 0 0 0 0 
0 0 0 0 0 0 0 249 1794 1811 1814 1823 1767 1825 1793 1780 1875 1813 1787 1851 1722 1774 1825 1797 1775 1783 1834 1872 1847 1787 1826 1789 263 0 0 0 0 0 0 0 
0 0 0 0 0 0 0 0 1254 1784 1772 1846 1853 1789 1867 1770 1741 1846 1743 1781 1820 1778 1857 1761 1802 1734 1796 1743 1774 1781 1769 1195 0 0 0 0 0 0 0 0 
0 0 0 0 0 0 0 0 178 1674 1797 1834 1814 1831 1691 1746 1728 1766 1784 1886 1762 1824 1811 1783 1792 1814 1789 1732 1763 1824 1646 169 0 0 0 0 0 0 0 0 
0 0 0 0 0 0 0 0 0 488 1775 1795 1748 1786 1768 1805 1753 1700 1783 1829 1819 1810 1799 1837 1811 1747 1747 1764 1800 1783 495 0 0 0 0 0 0 0 0 0 
0 0 0 0 0 0 0 0 0 0 580 1726 1756 1761 1767 1815 1800 1792 1834 1761 1784 1779 1764 1765 1769 1851 1827 1852 1775 652 0 0 0 0 0 0 0 0 0 0 
0 0 0 0 0 0 0 0 0 0 0 484 1623 1770 1854 1805 1757 1864 1805 1748 1838 1795 1758 1898 1839 1789 1829 1685 510 0 0 0 0 0 0 0 0 0 0 0 
0 0 0 0 0 0 0 0 0 0 0 0 169 1157 1782 1824 1836 1716 1747 1783 1791 1823 1740 1855 1799 1717 1164 189 0 0 0 0 0 0 0 0 0 0 0 0 
0 0 0 0 0 0 0 0 0 0 0 0 0 0 273 952 1576 1773 1833 1813 1798 1816 1725 1547 961 258 0 0 0 0 0 0 0 0 0 0 0 0 0 0 
0 0 0 0 0 0 0 0 0 0 0 0 0 0 0 0 0 173 429 558 610 416 152 0 0 0 0 0 0 0 0 0 0 0 0 0 0 0 0 0 
0 0 0 0 0 0 0 0 0 0 0 0 0 0 0 0 0 0 0 0 0 0 0 0 0 0 0 0 0 0 0 0 0 0 0 0 0 0 0 0 
0 0 0 0 0 0 0 0 0 0 0 0 0 0 0 0 0 0 0 0 0 0 0 0 0 0 0 0 0 0 0 0 0 0 0 0 0 0 0 0 
0 0 0 0 0 0 0 0 0 0 0 0 0 0 0 0 0 0 0 0 0 0 0 0 0 0 0 0 0 0 0 0 0 0 0 0 0 0 0 0 
0 0 0 0 0 0 0 0 0 0 0 0 0 0 0 0 0 0 0 0 0 0 0 0 0 0 0 0 0 0 0 0 0 0 0 0 0 0 0 0 
0 0 0 0 0 0 0 0 0 0 0 0 0 0 0 0 0 0 0 0 0 0 0 0 0 0 0 0 0 0 0 0 0 0 0 0 0 0 0 0 
0 0 0 0 0 0 0 0 0 0 0 0 0 0 0 0 0 0 0 0 0 0 0 0 0 0 0 0 0 0 0 0 0 0 0 0 0 0 0 0 
