# Format: McCode with text headers
# URL: http://www.mccode.org
# Creator: McStas 2.4.1 - Jun. 26, 2017
# Instrument: MAGiC_elearning.instr
# Ncount: 2500000
# Trace: no
# Gravitation: no
# Seed: 1563294258
# Directory: MAGiC_HR/33
# Nodes: 40
# Param: spectrum=0
# Param: high_res=1
# Param: coll_set=0.3
# Param: sample_rot=330
# Date: Tue Jul 16 10:43:19 2019 (1563266599)
# type: array_1d(101)
# Source: MAGiC_half_polarized (MAGiC_elearning.instr)
# component: L_out
# position: -0.034 -0.674259 159.42
# title: Wavelength monitor
# Ncount: 100000000
# filename: L_out.txt
# statistics: X0=1.43448; dX=0.352273;
# signal: Min=0; Max=2.41551e+07; Mean=4.30825e+06;
# values: 4.35134e+08 1.12822e+06 291671
# xvar: L
# yvar: (I,I_err)
# xlabel: Wavelength [AA]
# ylabel: Intensity
# xlimits: 0.2 6
# variables: L I I_err N
0.2287128713 0 0 0 
0.2861386139 0 0 0 
0.3435643564 5.820140518e-115 6.720519363e-115 3 
0.400990099 9.704022874e-18 6.689946379e-18 1260 
0.4584158416 794.0693641 281.9490567 5561 
0.5158415842 60554.02699 4281.35831 9603 
0.5732673267 344189.0883 12546.54612 9992 
0.6306930693 995079.5003 25132.86438 10054 
0.6881188119 2297632.329 47246.97451 9835 
0.7455445545 4304652.573 78993.68136 10060 
0.802970297 6850858.95 117324.6747 10172 
0.8603960396 9474424.18 156321.7424 9937 
0.9178217822 12831447.3 198848.2558 10139 
0.9752475248 15793053.31 235537.0841 9933 
1.032673267 18675170.06 265547.0433 10199 
1.09009901 20516435.49 285522.9393 9932 
1.147524752 22814617.72 303589.0257 10286 
1.204950495 23316058.4 305487.4637 10067 
1.262376238 24148956.87 306671.9949 9966 
1.31980198 24155061.09 300528.3226 10013 
1.377227723 23866196.11 290819.2668 10021 
1.434653465 23537231.63 280061.7936 10059 
1.492079208 22947707.83 267253.7952 10019 
1.54950495 21924214.73 251773.7582 10040 
1.606930693 21261053.99 238364.757 10122 
1.664356436 20561297 225414.7938 10257 
1.721782178 18964789.74 207393.5626 9918 
1.779207921 17805920.48 191882.9064 10001 
1.836633663 16924516.91 179105.4581 10068 
1.894059406 15702619.31 165029.397 9981 
1.951485149 14727385.6 152565.8031 10058 
2.008910891 13558074.97 139739.1821 9980 
2.066336634 10834037.6 120450.1683 8345 
2.123762376 5085639.203 76821.97896 4614 
2.181188119 853908.4557 26632.49919 1176 
2.238613861 0 0 0 
2.296039604 0 0 0 
2.353465347 0 0 0 
2.410891089 0 0 0 
2.468316832 0 0 0 
2.525742574 0 0 0 
2.583168317 0 0 0 
2.640594059 0 0 0 
2.698019802 0 0 0 
2.755445545 0 0 0 
2.812871287 0 0 0 
2.87029703 0 0 0 
2.927722772 0 0 0 
2.985148515 0 0 0 
3.042574257 0 0 0 
3.1 0 0 0 
3.157425743 0 0 0 
3.214851485 0 0 0 
3.272277228 0 0 0 
3.32970297 0 0 0 
3.387128713 0 0 0 
3.444554455 0 0 0 
3.501980198 0 0 0 
3.559405941 0 0 0 
3.616831683 0 0 0 
3.674257426 0 0 0 
3.731683168 0 0 0 
3.789108911 0 0 0 
3.846534653 0 0 0 
3.903960396 0 0 0 
3.961386139 0 0 0 
4.018811881 0 0 0 
4.076237624 0 0 0 
4.133663366 0 0 0 
4.191089109 0 0 0 
4.248514851 0 0 0 
4.305940594 0 0 0 
4.363366337 0 0 0 
4.420792079 0 0 0 
4.478217822 0 0 0 
4.535643564 0 0 0 
4.593069307 0 0 0 
4.65049505 0 0 0 
4.707920792 0 0 0 
4.765346535 0 0 0 
4.822772277 0 0 0 
4.88019802 0 0 0 
4.937623762 0 0 0 
4.995049505 0 0 0 
5.052475248 0 0 0 
5.10990099 0 0 0 
5.167326733 0 0 0 
5.224752475 0 0 0 
5.282178218 0 0 0 
5.33960396 0 0 0 
5.397029703 0 0 0 
5.454455446 0 0 0 
5.511881188 0 0 0 
5.569306931 0 0 0 
5.626732673 0 0 0 
5.684158416 0 0 0 
5.741584158 0 0 0 
5.799009901 0 0 0 
5.856435644 0 0 0 
5.913861386 0 0 0 
5.971287129 0 0 0 
