# Format: McCode with text headers
# URL: http://www.mccode.org
# Creator: McStas 2.5 - Dec. 12, 2018
# Instrument: ESS_HEIMDAL.instr
# Ncount: 250000
# Trace: no
# Gravitation: no
# Seed: 1565866387
# Directory: TauScan/17
# Nodes: 4
# Param: lmax=4
# Param: lmin=0.5
# Param: T=200
# Param: tau=170
# Param: use_CoFe2O4=1
# Param: use_CoFe=1
# Param: use_magn=1
# Date: Wed Aug 14 15:25:12 2019 (1565789112)
# type: array_2d(40, 40)
# Source: ESS_HEIMDAL (ESS_HEIMDAL.instr)
# component: psd_source
# position: 0 0 0.01
# title: PSD monitor
# Ncount: 1000000
# filename: PSD_source.dat
# statistics: X0=-0.0078885; dX=5.00368; Y0=-0.007509; dY=5.00459;
# signal: Min=0; Max=6.50644e+06; Mean=2.13803e+06;
# values: 3.42084e+09 3.42084e+06 1e+06
# xvar: X 
# yvar: Y 
# xlabel: X position [cm]
# ylabel: Y position [cm]
# zvar: I
# zlabel: Signal per bin
# xylimits: -15 15 -15 15
# variables: I I_err N
# Data [psd_source/PSD_source.dat] I:
0 0 0 0 0 0 0 0 0 0 0 0 0 0 0 0 0 0 0 0 0 0 0 0 0 0 0 0 0 0 0 0 0 0 0 0 0 0 0 0 
0 0 0 0 0 0 0 0 0 0 0 0 0 0 0 0 0 0 0 0 0 0 0 0 0 0 0 0 0 0 0 0 0 0 0 0 0 0 0 0 
0 0 0 0 0 0 0 0 0 0 0 0 0 0 0 0 0 0 0 0 0 0 0 0 0 0 0 0 0 0 0 0 0 0 0 0 0 0 0 0 
0 0 0 0 0 0 0 0 0 0 0 0 0 0 0 0 0 0 0 0 0 0 0 0 0 0 0 0 0 0 0 0 0 0 0 0 0 0 0 0 
0 0 0 0 0 0 0 0 0 0 0 0 0 0 0 0 0 0 0 0 0 0 0 0 0 0 0 0 0 0 0 0 0 0 0 0 0 0 0 0 
0 0 0 0 0 0 0 0 0 0 0 0 0 0 0 0 0 0 0 0 0 0 0 0 0 0 0 0 0 0 0 0 0 0 0 0 0 0 0 0 
0 0 0 0 0 0 0 0 0 0 0 0 0 0 0 0 0 537072.2322 1566745.746 2055926.169 1901988.267 1491487.212 605489.0745 0 0 0 0 0 0 0 0 0 0 0 0 0 0 0 0 0 
0 0 0 0 0 0 0 0 0 0 0 0 0 0 885998.1468 3349004.61 5391247.52 6297770.942 6222512.545 6075416.356 6362767.058 6048049.569 6102782.877 5203101.21 3328479.513 954414.9546 0 0 0 0 0 0 0 0 0 0 0 0 0 0 
0 0 0 0 0 0 0 0 0 0 0 0 660222.545 3680826.365 6150674.678 6373029.758 6448288.576 6037787.555 6126729.616 6219092.411 6222513.295 6181463.123 6126729.498 5989895.637 6171199.973 5774382.008 3954493.631 615751.5893 0 0 0 0 0 0 0 0 0 0 0 0 
0 0 0 0 0 0 0 0 0 0 0 1659108.462 5603339.837 6290929.569 5928320.643 6215671.678 6078838.23 6304614.053 6160938.715 6407239.559 5969371.587 6345664.214 6164359.491 6266984.542 5924900.033 6249879.737 6472234.137 5569131.457 1669371.044 0 0 0 0 0 0 0 0 0 0 0 
0 0 0 0 0 0 0 0 0 0 2391168.728 5859903.158 6113045.916 6071996.192 6078838.288 6294351.694 6054892.939 6444869.315 5989897.157 6273827.272 6085680.859 6253302.147 5900955.166 5945425.937 6273826.584 5965950.453 6082258.774 6075416.588 5955686.639 2274860.11 0 0 0 0 0 0 0 0 0 0 
0 0 0 0 0 0 0 0 0 1789100.486 6102782.891 6037787.449 6181463.3 6116467.693 6051472.004 6362769.139 6181464.623 6003580.972 6106206.385 6219094.314 6054893.752 6260144.326 6130152.156 6352506.923 6058314.045 6215672.528 5965950.583 6119888.159 5935162.175 5853061.441 1655687.64 0 0 0 0 0 0 0 0 0 
0 0 0 0 0 0 0 0 564438.9554 5579393.954 6113045.895 6260142.755 5959109.017 6113047.44 6321719.241 6089102.18 6208831.893 5935164.629 6174623.777 6007002.482 5928323.087 6048052.568 6007002.288 6119889.941 6239619.259 6092522.679 6318297.996 5736754.201 5962529.343 5965949.674 5805169.48 588384.8629 0 0 0 0 0 0 0 0 
0 0 0 0 0 0 0 0 3841605.928 6109624.858 6304613.517 6225934.7 6044630.498 6089101.9 6164360.804 6133573.583 6030948.411 6270407.726 6119890.685 6061736.406 6058315.591 5866748.214 6273828.613 6222515.752 6280669.842 6219094.343 6116468.684 6164360.05 6030946.643 6054892.032 5839378.299 4077643.988 0 0 0 0 0 0 0 0 
0 0 0 0 0 0 0 851789.7057 5996736.777 6075416.795 6092521.618 6222514.269 6102785.232 6345665.594 6133573.591 6503025.111 6229357.764 6044632.358 6171203.683 6041211.707 6133574.575 6383296.087 6003582.24 6157520.081 6136994.775 5928322.949 6239619.376 6130151.984 6044630.358 6030946.494 6140412.849 5948844.946 790214.5487 0 0 0 0 0 0 0 
0 0 0 0 0 0 0 3222433.454 6044628.854 6054892.055 6243039.046 6133572.619 6123310.582 6082260.882 6068577.843 6270407.977 6136995.326 5979636.616 6017266.03 6085682.971 6054895.416 6065157.867 6133574.619 6249883.188 6331983.205 6013844.348 6256723.904 6082260.449 6205410.349 6058313.531 6246459.242 6212250.169 3492679.977 0 0 0 0 0 0 0 
0 0 0 0 0 0 0 5298884.795 6349084.114 6171200.966 6229355.934 6167781.281 6054893.942 6167782.219 6003582.06 6068578.415 6113049.646 6041212.067 6123312.476 6219096.22 5801753.136 6030949.629 6154099.97 6171203.985 6160941.22 6078840.649 6198569.823 6366190.734 5986476.596 6054892.926 6000158.777 6140412.703 5274938.906 0 0 0 0 0 0 0 
0 0 0 0 0 0 626014.1227 6109624.6 6085679.425 6506443.763 6246460.321 6318298.609 6472237.119 6095944.661 6304616.561 5976215.765 6249883.585 6058316.484 6092525.064 6154100.315 6095945.978 6075420.833 6030949.725 5935165.878 6400400.537 6225937.118 6236199.305 6061735.824 6085681.223 6403819.126 6215672.105 6123308.674 6191724.779 475497.0687 0 0 0 0 0 0 
0 0 0 0 0 0 1546220.681 6362767.053 6109625.433 5955688.145 6287510.584 6126731.476 6048052.555 5952269.334 6020686.57 5873590.548 6195150.213 6102787.588 6266988.273 6099366.929 6222517.349 6048054.186 6438030.387 6205412.756 6455134.187 6205412.198 6095944.789 6133573.652 6277248.61 6403819.252 6154097.041 6013841.801 5972790.983 1594112.489 0 0 0 0 0 0 
0 0 0 0 0 0 1973825.979 6048049.591 6034366.943 6273826.624 6051472.423 6164360.826 6092523.592 6431187.602 6054895.09 6113049.756 5972795.349 5880432.714 5873591.145 6280671.782 6280671.783 6167783.826 6236200.607 6273829.709 5931744.974 6071999.319 6160940.899 6273828.333 6024106.213 6116468.468 5924900.618 6017262.732 6078837.193 2001192.709 0 0 0 0 0 0 
0 0 0 0 0 0 1936196.71 6246458.446 6089100.429 6003580.011 6314877.382 6102785.641 6229357.366 6034369.655 6400400.403 6078841.296 6208833.661 6256725.678 6178046.363 6130154.586 5904378.804 6034370.866 5983058.064 5938586.901 6003582.712 6290933.357 6030948.824 6082261.06 6068577.194 6013843.143 6160938.813 5989895.985 5993316.106 1806204.704 0 0 0 0 0 0 
0 0 0 0 0 0 1494908.058 5989895.191 6154096.413 5911217.194 6150676.816 6215673.419 5825697.658 6089103.123 6311458.385 6010424.36 6071999.774 5969374.628 6150679.55 6369613.704 6164362.975 5959112.224 6150679.413 6109629.1 5952269.992 5856486.036 6010423.696 6000160.726 6335402.945 5965951.278 6184884.662 6048050.256 6058312.052 1600954.155 0 0 0 0 0 0 
0 0 0 0 0 0 588384.8611 5904374.019 5911216.406 6229355.475 6349085.641 6311456.907 6106206.783 6195149.157 6106207.594 6157520.543 5894115.751 6266988.026 6417505.321 6089104.265 6010424.832 6236200.557 6243042.113 6290933.735 6150678.851 6054894.914 6089102.989 6095944.23 5976214.227 6342243.966 6126730.193 6174621.294 5805169.602 554176.4303 0 0 0 0 0 0 
0 0 0 0 0 0 0 5309147.335 5924899.605 6420922.532 6215672.556 6106206.116 6133573.333 6280670.1 6198570.181 6085682.615 6410663.127 6089103.884 5942007.669 6280671.417 5928324.378 5815436.443 6140416.566 6075420.324 6048053.342 5921481.785 6123311.244 6222515.303 6434607.061 6396977.279 6024104.747 6027524.872 5422035.15 0 0 0 0 0 0 0 
0 0 0 0 0 0 0 3301112.774 6082258.145 6133571.433 6277247.483 6167781.061 6109627.194 6198569.585 6007002.64 6331983.232 6106207.677 6085682.818 6092524.584 6308037.902 6013845.287 6000161.83 6263566.748 6037790.787 6290933.046 6178044.869 6178044.502 6020685.241 5859905.118 6222514.012 6082258.806 6184883.401 3321637.869 0 0 0 0 0 0 0 
0 0 0 0 0 0 0 992044.246 6331979.369 6325138.327 6266984.605 6024105.33 5832538.586 6119889.871 6328561.679 6048052.798 6301195.557 6092524.216 6345666.797 5825698.433 6314879.307 6024107.419 6123311.772 6082261.541 5911219.013 6249882.303 5979635.24 6150677.043 5993317.756 6065154.905 6308034.105 6167778.919 872314.7763 0 0 0 0 0 0 0 
0 0 0 0 0 0 0 0 3971597.899 6236195.988 6130150.568 6085680.133 6427764.98 6239619.077 5948847.657 5863326.879 6099365.384 6106207.182 6126732.373 6253303.689 6246462.019 6017265.369 6167782.415 6109627.894 6157519.452 6109627.286 6020684.987 6246460.246 5873587.829 5904374.938 6236196.021 3879235.174 0 0 0 0 0 0 0 0 
0 0 0 0 0 0 0 0 526809.6966 5712806.752 6030945.64 6075417.214 6140413.668 6037788.848 5952268.099 6068577.056 6017264.605 6007002.256 6208832.216 6338824.378 6106206.989 6061735.912 6318299.128 6078839.867 5993318.471 6109626.897 6225935.222 6366189.391 6010421.153 6263562.943 5808590.409 602068.2245 0 0 0 0 0 0 0 0 
0 0 0 0 0 0 0 0 0 1683054.342 5572552.345 6239617.106 5931741.777 5907796.297 6133572.298 5914638.585 6099364.409 5777805.313 5983056.078 6037789.591 6068577.164 6369611.404 6277248.453 5900955.521 5979634.656 6260143.52 6243038.949 6106204.735 6092520.881 5873586.399 1580429.112 0 0 0 0 0 0 0 0 0 
0 0 0 0 0 0 0 0 0 0 2168814.035 5952265.838 6133570.981 6195146.59 6178042.766 6195147.292 6253301.853 6082259.861 6027526.461 6195147.853 6219093.761 6174622.714 5829117.398 6071997.127 6095942.771 6095942.419 6054891.991 6222512.881 6113045.431 2298805.982 0 0 0 0 0 0 0 0 0 0 
0 0 0 0 0 0 0 0 0 0 0 1713841.946 5719648.467 6136991.621 6366188.494 6150675.626 5928321.129 5928321.232 6058313.426 6154097.125 5976213.238 6362768.576 6243038.925 5918058.621 6054892.099 6041208.384 6215671.02 5469926.892 1546220.685 0 0 0 0 0 0 0 0 0 0 0 
0 0 0 0 0 0 0 0 0 0 0 0 574701.511 4046856.404 5955686.628 6034366.341 6222512.997 6191725.611 5760699.399 6044629.458 6270405.042 6294350.952 6065154.352 6147254.343 6219091.818 6068574.415 4091327.423 584964.0201 0 0 0 0 0 0 0 0 0 0 0 0 
0 0 0 0 0 0 0 0 0 0 0 0 0 0 889418.9642 3376371.331 5285201.438 6280666.744 5900953.304 6154095.697 6037787.11 5931740.906 6273825.033 5073109.232 3502942.416 858631.3927 0 0 0 0 0 0 0 0 0 0 0 0 0 0 
0 0 0 0 0 0 0 0 0 0 0 0 0 0 0 0 0 629434.9842 1525695.623 1966984.259 1912250.808 1498328.874 598647.3882 0 0 0 0 0 0 0 0 0 0 0 0 0 0 0 0 0 
0 0 0 0 0 0 0 0 0 0 0 0 0 0 0 0 0 0 0 0 0 0 0 0 0 0 0 0 0 0 0 0 0 0 0 0 0 0 0 0 
0 0 0 0 0 0 0 0 0 0 0 0 0 0 0 0 0 0 0 0 0 0 0 0 0 0 0 0 0 0 0 0 0 0 0 0 0 0 0 0 
0 0 0 0 0 0 0 0 0 0 0 0 0 0 0 0 0 0 0 0 0 0 0 0 0 0 0 0 0 0 0 0 0 0 0 0 0 0 0 0 
0 0 0 0 0 0 0 0 0 0 0 0 0 0 0 0 0 0 0 0 0 0 0 0 0 0 0 0 0 0 0 0 0 0 0 0 0 0 0 0 
0 0 0 0 0 0 0 0 0 0 0 0 0 0 0 0 0 0 0 0 0 0 0 0 0 0 0 0 0 0 0 0 0 0 0 0 0 0 0 0 
0 0 0 0 0 0 0 0 0 0 0 0 0 0 0 0 0 0 0 0 0 0 0 0 0 0 0 0 0 0 0 0 0 0 0 0 0 0 0 0 
# Errors [psd_source/PSD_source.dat] I_err:
0 0 0 0 0 0 0 0 0 0 0 0 0 0 0 0 0 0 0 0 0 0 0 0 0 0 0 0 0 0 0 0 0 0 0 0 0 0 0 0 
0 0 0 0 0 0 0 0 0 0 0 0 0 0 0 0 0 0 0 0 0 0 0 0 0 0 0 0 0 0 0 0 0 0 0 0 0 0 0 0 
0 0 0 0 0 0 0 0 0 0 0 0 0 0 0 0 0 0 0 0 0 0 0 0 0 0 0 0 0 0 0 0 0 0 0 0 0 0 0 0 
0 0 0 0 0 0 0 0 0 0 0 0 0 0 0 0 0 0 0 0 0 0 0 0 0 0 0 0 0 0 0 0 0 0 0 0 0 0 0 0 
0 0 0 0 0 0 0 0 0 0 0 0 0 0 0 0 0 0 0 0 0 0 0 0 0 0 0 0 0 0 0 0 0 0 0 0 0 0 0 0 
0 0 0 0 0 0 0 0 0 0 0 0 0 0 0 0 0 0 0 0 0 0 0 0 0 0 0 0 0 0 0 0 0 0 0 0 0 0 0 0 
0 0 0 0 0 0 0 0 0 0 0 0 0 0 0 0 0 42863.03046 73209.2209 83862.97764 80662.26964 71429.2828 45511.34579 0 0 0 0 0 0 0 0 0 0 0 0 0 0 0 0 0 
0 0 0 0 0 0 0 0 0 0 0 0 0 0 55053.24611 107034.6515 135803.5631 146777.6623 145898.0312 144163.2503 147533.1285 143838.1907 144487.5723 133412.8515 106706.1543 57139.32873 0 0 0 0 0 0 0 0 0 0 0 0 0 0 
0 0 0 0 0 0 0 0 0 0 0 0 47523.85869 112211.9722 145053.4001 147652.0629 148521.3156 143716.1165 144770.7824 145857.9383 145898.0487 145416.0041 144770.7796 143144.9999 145295.2287 140546.2591 116308.6362 45895.4137 0 0 0 0 0 0 0 0 0 0 0 0 
0 0 0 0 0 0 0 0 0 0 0 75336.23448 138449.0608 146697.9208 142407.3496 145817.8205 144203.8556 146857.401 145174.3975 148047.8393 142899.5623 147334.7296 145214.6942 146418.4782 142366.2623 146218.521 148796.8213 138025.7988 75568.87644 0 0 0 0 0 0 0 0 0 0 0 
0 0 0 0 0 0 0 0 0 0 90442.30755 141583.2109 144609.0196 144122.6742 144203.8569 146737.8305 143919.5642 148481.9513 143145.0362 146498.4036 144285.0052 146258.5683 142078.3043 142612.6623 146498.3875 142858.604 144244.4178 144163.2558 142735.6488 88215.29131 0 0 0 0 0 0 0 0 0 0 
0 0 0 0 0 0 0 0 0 78231.90203 144487.5726 143716.1139 145416.0082 144649.4974 143878.901 147533.1767 145416.0394 143308.4544 144528.1251 145857.983 143919.5835 146338.568 144811.2331 147414.1576 143960.22 145817.8404 142858.6071 144689.9329 142489.4961 141500.5338 75258.52907 0 0 0 0 0 0 0 0 0 
0 0 0 0 0 0 0 0 43941.51308 138152.9131 144609.019 146338.5313 142776.6722 144609.0556 147056.4984 144325.5631 145737.591 142489.5551 145335.5632 143349.2931 142407.4083 143838.262 143349.2885 144689.975 146098.4717 144366.0902 147016.6957 140087.6052 142817.6346 142858.5854 140920.4373 44863.9252 0 0 0 0 0 0 0 0 
0 0 0 0 0 0 0 0 114636.5044 144568.5474 146857.3885 145938.1603 143797.5489 144325.5565 145214.7251 144851.6461 143634.7283 146458.4888 144689.9926 144000.894 143960.2567 141665.9204 146498.4349 145898.1064 146578.2816 145857.9837 144649.5208 145214.7073 143634.6863 143919.5426 141335.0416 118105.787 0 0 0 0 0 0 0 0 
0 0 0 0 0 0 0 53979.97929 143226.714 144163.2607 144366.065 145898.0716 144487.628 147334.7616 144851.6463 149150.3829 145978.2998 143797.5931 145295.3161 143756.9022 144851.6696 147770.9855 143308.4847 145134.1401 144892.0424 142407.405 146098.4744 144811.229 143797.5455 143634.6827 144932.3537 142653.6402 51992.30017 0 0 0 0 0 0 0 
0 0 0 0 0 0 0 104992.5554 143797.5098 143919.5432 146138.4904 144851.6234 144730.4034 144244.4678 144082.1297 146458.4947 144892.0554 143022.4056 143471.716 144285.0553 143919.6231 144041.5353 144851.6706 146218.6018 147175.8474 143430.9081 146298.5892 144244.4576 145697.421 143960.2077 146178.5077 145777.6733 109306.4836 0 0 0 0 0 0 0 
0 0 0 0 0 0 0 134635.2461 147374.4152 145295.2521 145978.2569 145255.0035 143919.588 145255.0256 143308.4804 144082.1433 144609.1078 143756.9108 144730.4481 145858.0277 140879.02 143634.7574 145093.8368 145295.3232 145174.4565 144203.9129 145617.1078 147572.8483 143104.1619 143919.5639 143267.5877 144932.3503 134330.6905 0 0 0 0 0 0 0 
0 0 0 0 0 0 46276.29554 144568.5413 144284.9712 149189.5569 146178.533 147016.7099 148796.8899 144406.641 146857.4594 142981.4893 146218.6111 143960.2779 144366.1467 145093.8449 144406.6721 144163.3565 143634.7596 142489.585 147968.8366 145938.217 146058.4381 144000.8802 144285.0139 148008.3219 145817.8305 144730.3583 145536.6441 40331.13498 0 0 0 0 0 0 
0 0 0 0 0 0 72728.10306 147533.1284 144568.561 142735.6849 146658.0734 144770.8264 143838.2617 142694.7353 143512.4852 141748.516 145576.9499 144487.6838 146418.5654 144447.1871 145898.1438 143838.3005 148403.1819 145697.4775 148600.1763 145697.4644 144406.644 144851.6478 146538.3492 148008.3248 145093.7677 143430.8473 142940.4672 73845.83508 0 0 0 0 0 0 
0 0 0 0 0 0 82171.45065 143838.1912 143675.4034 146498.3884 143878.911 145214.7256 144366.1118 148324.2817 143919.6153 144609.1104 142940.5717 141831.0593 141748.5304 146578.3268 146578.3269 145255.0635 146058.4686 146498.4605 142448.5144 144122.7484 145174.449 146498.4283 143553.2213 144649.5157 142366.2764 143471.6374 144203.8309 82739.13549 0 0 0 0 0 0 
0 0 0 0 0 0 81384.41802 146178.4891 144325.5217 143308.4314 146976.8969 144487.6377 145978.2904 143675.468 147968.8335 144203.9283 145737.6325 146298.6307 145375.8577 144811.2905 142119.5477 143675.4968 143063.3245 142530.6467 143308.4959 146698.0091 143634.7382 144244.472 144082.1143 143430.8793 145174.3998 143145.0082 143185.8604 78604.97026 0 0 0 0 0 0 
0 0 0 0 0 0 71511.15037 143144.9892 145093.7529 142201.7849 145053.4505 145817.8613 141169.4159 144325.5855 146937.1249 143390.1289 144122.7592 142899.6351 145053.515 147612.541 145214.7762 142776.749 145053.5117 144568.6478 142694.7511 141541.9687 143390.1131 143267.6342 147215.5721 142858.6238 145456.2518 143838.207 143960.1726 74004.13201 0 0 0 0 0 0 
0 0 0 0 0 0 44863.92506 142119.4326 142201.766 145978.2461 147374.4506 146937.0905 144528.1345 145576.9251 144528.1537 145134.151 141995.9709 146418.5596 148166.4312 144325.6126 143390.1402 146058.4674 146138.5622 146698.0179 145053.4985 143919.6112 144325.5823 144406.6307 142981.4525 147295.0252 144770.7961 145335.5047 140920.4403 43540.21242 0 0 0 0 0 0 
0 0 0 0 0 0 0 134765.5597 142366.2521 148205.832 145817.8411 144528.1187 144851.6402 146578.2876 145617.1162 144285.0469 148087.4185 144325.6035 142571.6904 146578.3183 142407.4394 141045.0513 144932.4415 144163.3445 143838.2804 142325.22 144730.419 145898.0958 148363.6925 147929.2328 143553.1864 143593.9225 136190.7763 0 0 0 0 0 0 0 
0 0 0 0 0 0 0 106266.5802 144244.4029 144851.5954 146538.3229 145254.9983 144568.6027 145617.1022 143349.2969 147175.848 144528.1557 144285.0517 144366.1353 146897.3076 143430.9305 143267.6606 146378.5827 143716.1934 146698.0019 145375.8226 145375.8139 143512.4535 141583.2583 145898.0656 144244.4186 145456.2221 106596.432 0 0 0 0 0 0 0 
0 0 0 0 0 0 0 58254.84399 147175.7582 147096.2402 146418.4797 143553.2003 141252.2678 144689.9734 147136.0704 143838.2675 146817.6083 144366.1266 147334.7896 141169.4347 146976.9417 143553.2501 144730.4315 144244.4835 142201.8287 146218.5811 143022.3727 145053.4558 143185.8998 144041.4649 146897.2191 145254.9479 54626.47024 0 0 0 0 0 0 0 
0 0 0 0 0 0 0 0 116559.899 146058.3604 144811.1956 144284.9881 148284.7875 146098.4674 142653.7052 141624.6005 144447.1505 144528.144 144770.8476 146258.6043 146178.5727 143471.7003 145255.0302 144568.6192 145134.1253 144568.6049 143512.4474 146178.5312 141748.4503 142119.4547 146058.3612 115196.5789 0 0 0 0 0 0 0 0 
0 0 0 0 0 0 0 0 42451.53512 139794.8903 143634.6624 144163.2707 144932.3731 143716.1472 142694.7057 144082.1111 143471.6821 143349.2877 145737.5986 147255.3254 144528.1394 144000.8823 147016.722 144203.8944 143185.9169 144568.5956 145938.1726 147572.8171 143390.0524 146378.4938 140961.9537 45382.59997 0 0 0 0 0 0 0 0 
0 0 0 0 0 0 0 0 0 75877.94969 138068.1846 146098.4213 142448.4377 142160.6313 144851.6158 142242.9385 144447.1274 140587.9438 143063.277 143716.1649 144082.1136 147612.4877 146538.3456 142078.3129 143022.3587 146338.5492 146138.4881 144528.086 144366.0476 141748.4158 73528.21673 0 0 0 0 0 0 0 0 0 
0 0 0 0 0 0 0 0 0 0 86134.60888 142694.6515 144851.5847 145576.8648 145375.7731 145576.8813 146258.5614 144244.4436 143593.9603 145576.8945 145857.97 145335.5382 141210.8304 144122.6964 144406.5962 144406.5878 143919.5417 145898.0391 144609.0081 88678.36597 0 0 0 0 0 0 0 0 0 0 
0 0 0 0 0 0 0 0 0 0 0 76568.81131 139878.5756 144891.9679 147572.7963 145053.4224 142407.3613 142407.3638 143960.2052 145093.7697 142981.4288 147533.1637 146138.4876 142284.0476 143919.5442 143756.8231 145817.805 136790.9261 72728.10329 0 0 0 0 0 0 0 0 0 0 0 
0 0 0 0 0 0 0 0 0 0 0 0 44339.18419 117659.0729 142735.6486 143675.3891 145898.0418 145536.6636 140379.6548 143797.5241 146458.4262 146737.8132 144041.4518 145013.069 145857.9245 144082.0484 118303.787 44733.31665 0 0 0 0 0 0 0 0 0 0 0 0 
0 0 0 0 0 0 0 0 0 0 0 0 0 0 55159.42258 107471.0836 134461.299 146578.2093 142078.2595 145093.7361 143716.1059 142448.4167 146498.3513 131735.7468 109466.9505 54196.33294 0 0 0 0 0 0 0 0 0 0 0 0 0 0 
0 0 0 0 0 0 0 0 0 0 0 0 0 0 0 0 0 46402.56267 72243.78161 82028.91404 80879.59152 71592.92291 45253.48892 0 0 0 0 0 0 0 0 0 0 0 0 0 0 0 0 0 
0 0 0 0 0 0 0 0 0 0 0 0 0 0 0 0 0 0 0 0 0 0 0 0 0 0 0 0 0 0 0 0 0 0 0 0 0 0 0 0 
0 0 0 0 0 0 0 0 0 0 0 0 0 0 0 0 0 0 0 0 0 0 0 0 0 0 0 0 0 0 0 0 0 0 0 0 0 0 0 0 
0 0 0 0 0 0 0 0 0 0 0 0 0 0 0 0 0 0 0 0 0 0 0 0 0 0 0 0 0 0 0 0 0 0 0 0 0 0 0 0 
0 0 0 0 0 0 0 0 0 0 0 0 0 0 0 0 0 0 0 0 0 0 0 0 0 0 0 0 0 0 0 0 0 0 0 0 0 0 0 0 
0 0 0 0 0 0 0 0 0 0 0 0 0 0 0 0 0 0 0 0 0 0 0 0 0 0 0 0 0 0 0 0 0 0 0 0 0 0 0 0 
0 0 0 0 0 0 0 0 0 0 0 0 0 0 0 0 0 0 0 0 0 0 0 0 0 0 0 0 0 0 0 0 0 0 0 0 0 0 0 0 
# Events [psd_source/PSD_source.dat] N:
0 0 0 0 0 0 0 0 0 0 0 0 0 0 0 0 0 0 0 0 0 0 0 0 0 0 0 0 0 0 0 0 0 0 0 0 0 0 0 0 
0 0 0 0 0 0 0 0 0 0 0 0 0 0 0 0 0 0 0 0 0 0 0 0 0 0 0 0 0 0 0 0 0 0 0 0 0 0 0 0 
0 0 0 0 0 0 0 0 0 0 0 0 0 0 0 0 0 0 0 0 0 0 0 0 0 0 0 0 0 0 0 0 0 0 0 0 0 0 0 0 
0 0 0 0 0 0 0 0 0 0 0 0 0 0 0 0 0 0 0 0 0 0 0 0 0 0 0 0 0 0 0 0 0 0 0 0 0 0 0 0 
0 0 0 0 0 0 0 0 0 0 0 0 0 0 0 0 0 0 0 0 0 0 0 0 0 0 0 0 0 0 0 0 0 0 0 0 0 0 0 0 
0 0 0 0 0 0 0 0 0 0 0 0 0 0 0 0 0 0 0 0 0 0 0 0 0 0 0 0 0 0 0 0 0 0 0 0 0 0 0 0 
0 0 0 0 0 0 0 0 0 0 0 0 0 0 0 0 0 157 458 601 556 436 177 0 0 0 0 0 0 0 0 0 0 0 0 0 0 0 0 0 
0 0 0 0 0 0 0 0 0 0 0 0 0 0 259 979 1576 1841 1819 1776 1860 1768 1784 1521 973 279 0 0 0 0 0 0 0 0 0 0 0 0 0 0 
0 0 0 0 0 0 0 0 0 0 0 0 193 1076 1798 1863 1885 1765 1791 1818 1819 1807 1791 1751 1804 1688 1156 180 0 0 0 0 0 0 0 0 0 0 0 0 
0 0 0 0 0 0 0 0 0 0 0 485 1638 1839 1733 1817 1777 1843 1801 1873 1745 1855 1802 1832 1732 1827 1892 1628 488 0 0 0 0 0 0 0 0 0 0 0 
0 0 0 0 0 0 0 0 0 0 699 1713 1787 1775 1777 1840 1770 1884 1751 1834 1779 1828 1725 1738 1834 1744 1778 1776 1741 665 0 0 0 0 0 0 0 0 0 0 
0 0 0 0 0 0 0 0 0 523 1784 1765 1807 1788 1769 1860 1807 1755 1785 1818 1770 1830 1792 1857 1771 1817 1744 1789 1735 1711 484 0 0 0 0 0 0 0 0 0 
0 0 0 0 0 0 0 0 165 1631 1787 1830 1742 1787 1848 1780 1815 1735 1805 1756 1733 1768 1756 1789 1824 1781 1847 1677 1743 1744 1697 172 0 0 0 0 0 0 0 0 
0 0 0 0 0 0 0 0 1123 1786 1843 1820 1767 1780 1802 1793 1763 1833 1789 1772 1771 1715 1834 1819 1836 1818 1788 1802 1763 1770 1707 1192 0 0 0 0 0 0 0 0 
0 0 0 0 0 0 0 249 1753 1776 1781 1819 1784 1855 1793 1901 1821 1767 1804 1766 1793 1866 1755 1800 1794 1733 1824 1792 1767 1763 1795 1739 231 0 0 0 0 0 0 0 
0 0 0 0 0 0 0 942 1767 1770 1825 1793 1790 1778 1774 1833 1794 1748 1759 1779 1770 1773 1793 1827 1851 1758 1829 1778 1814 1771 1826 1816 1021 0 0 0 0 0 0 0 
0 0 0 0 0 0 0 1549 1856 1804 1821 1803 1770 1803 1755 1774 1787 1766 1790 1818 1696 1763 1799 1804 1801 1777 1812 1861 1750 1770 1754 1795 1542 0 0 0 0 0 0 0 
0 0 0 0 0 0 183 1786 1779 1902 1826 1847 1892 1782 1843 1747 1827 1771 1781 1799 1782 1776 1763 1735 1871 1820 1823 1772 1779 1872 1817 1790 1810 139 0 0 0 0 0 0 
0 0 0 0 0 0 452 1860 1786 1741 1838 1791 1768 1740 1760 1717 1811 1784 1832 1783 1819 1768 1882 1814 1887 1814 1782 1793 1835 1872 1799 1758 1746 466 0 0 0 0 0 0 
0 0 0 0 0 0 577 1768 1764 1834 1769 1802 1781 1880 1770 1787 1746 1719 1717 1836 1836 1803 1823 1834 1734 1775 1801 1834 1761 1788 1732 1759 1777 585 0 0 0 0 0 0 
0 0 0 0 0 0 566 1826 1780 1755 1846 1784 1821 1764 1871 1777 1815 1829 1806 1792 1726 1764 1749 1736 1755 1839 1763 1778 1774 1758 1801 1751 1752 528 0 0 0 0 0 0 
0 0 0 0 0 0 437 1751 1799 1728 1798 1817 1703 1780 1845 1757 1775 1745 1798 1862 1802 1742 1798 1786 1740 1712 1757 1754 1852 1744 1808 1768 1771 468 0 0 0 0 0 0 
0 0 0 0 0 0 172 1726 1728 1821 1856 1845 1785 1811 1785 1800 1723 1832 1876 1780 1757 1823 1825 1839 1798 1770 1780 1782 1747 1854 1791 1805 1697 162 0 0 0 0 0 0 
0 0 0 0 0 0 0 1552 1732 1877 1817 1785 1793 1836 1812 1779 1874 1780 1737 1836 1733 1700 1795 1776 1768 1731 1790 1819 1881 1870 1761 1762 1585 0 0 0 0 0 0 0 
0 0 0 0 0 0 0 965 1778 1793 1835 1803 1786 1812 1756 1851 1785 1779 1781 1844 1758 1754 1831 1765 1839 1806 1806 1760 1713 1819 1778 1808 971 0 0 0 0 0 0 0 
0 0 0 0 0 0 0 290 1851 1849 1832 1761 1705 1789 1850 1768 1842 1781 1855 1703 1846 1761 1790 1778 1728 1827 1748 1798 1752 1773 1844 1803 255 0 0 0 0 0 0 0 
0 0 0 0 0 0 0 0 1161 1823 1792 1779 1879 1824 1739 1714 1783 1785 1791 1828 1826 1759 1803 1786 1800 1786 1760 1826 1717 1726 1823 1134 0 0 0 0 0 0 0 0 
0 0 0 0 0 0 0 0 154 1670 1763 1776 1795 1765 1740 1774 1759 1756 1815 1853 1785 1772 1847 1777 1752 1786 1820 1861 1757 1831 1698 176 0 0 0 0 0 0 0 0 
0 0 0 0 0 0 0 0 0 492 1629 1824 1734 1727 1793 1729 1783 1689 1749 1765 1774 1862 1835 1725 1748 1830 1825 1785 1781 1717 462 0 0 0 0 0 0 0 0 0 
0 0 0 0 0 0 0 0 0 0 634 1740 1793 1811 1806 1811 1828 1778 1762 1811 1818 1805 1704 1775 1782 1782 1770 1819 1787 672 0 0 0 0 0 0 0 0 0 0 
0 0 0 0 0 0 0 0 0 0 0 501 1672 1794 1861 1798 1733 1733 1771 1799 1747 1860 1825 1730 1770 1766 1817 1599 452 0 0 0 0 0 0 0 0 0 0 0 
0 0 0 0 0 0 0 0 0 0 0 0 168 1183 1741 1764 1819 1810 1684 1767 1833 1840 1773 1797 1818 1774 1196 171 0 0 0 0 0 0 0 0 0 0 0 0 
0 0 0 0 0 0 0 0 0 0 0 0 0 0 260 987 1545 1836 1725 1799 1765 1734 1834 1483 1024 251 0 0 0 0 0 0 0 0 0 0 0 0 0 0 
0 0 0 0 0 0 0 0 0 0 0 0 0 0 0 0 0 184 446 575 559 438 175 0 0 0 0 0 0 0 0 0 0 0 0 0 0 0 0 0 
0 0 0 0 0 0 0 0 0 0 0 0 0 0 0 0 0 0 0 0 0 0 0 0 0 0 0 0 0 0 0 0 0 0 0 0 0 0 0 0 
0 0 0 0 0 0 0 0 0 0 0 0 0 0 0 0 0 0 0 0 0 0 0 0 0 0 0 0 0 0 0 0 0 0 0 0 0 0 0 0 
0 0 0 0 0 0 0 0 0 0 0 0 0 0 0 0 0 0 0 0 0 0 0 0 0 0 0 0 0 0 0 0 0 0 0 0 0 0 0 0 
0 0 0 0 0 0 0 0 0 0 0 0 0 0 0 0 0 0 0 0 0 0 0 0 0 0 0 0 0 0 0 0 0 0 0 0 0 0 0 0 
0 0 0 0 0 0 0 0 0 0 0 0 0 0 0 0 0 0 0 0 0 0 0 0 0 0 0 0 0 0 0 0 0 0 0 0 0 0 0 0 
0 0 0 0 0 0 0 0 0 0 0 0 0 0 0 0 0 0 0 0 0 0 0 0 0 0 0 0 0 0 0 0 0 0 0 0 0 0 0 0 
