# Format: McCode with text headers
# URL: http://www.mccode.org
# Creator: McStas 2.5 - Dec. 12, 2018
# Instrument: ESS_HEIMDAL.instr
# Ncount: 250000
# Trace: no
# Gravitation: no
# Seed: 1565866635
# Directory: TauScan/29
# Nodes: 4
# Param: lmax=4
# Param: lmin=0.5
# Param: T=200
# Param: tau=290
# Param: use_CoFe2O4=1
# Param: use_CoFe=1
# Param: use_magn=1
# Date: Wed Aug 14 15:27:14 2019 (1565789234)
# type: array_2d(40, 40)
# Source: ESS_HEIMDAL (ESS_HEIMDAL.instr)
# component: psd_source
# position: 0 0 0.01
# title: PSD monitor
# Ncount: 1000000
# filename: PSD_source.dat
# statistics: X0=-0.00393375; dX=5.0012; Y0=0.000115502; dY=5.00559;
# signal: Min=0; Max=6.52697e+06; Mean=2.13803e+06;
# values: 3.42084e+09 3.42084e+06 1e+06
# xvar: X 
# yvar: Y 
# xlabel: X position [cm]
# ylabel: Y position [cm]
# zvar: I
# zlabel: Signal per bin
# xylimits: -15 15 -15 15
# variables: I I_err N
# Data [psd_source/PSD_source.dat] I:
0 0 0 0 0 0 0 0 0 0 0 0 0 0 0 0 0 0 0 0 0 0 0 0 0 0 0 0 0 0 0 0 0 0 0 0 0 0 0 0 
0 0 0 0 0 0 0 0 0 0 0 0 0 0 0 0 0 0 0 0 0 0 0 0 0 0 0 0 0 0 0 0 0 0 0 0 0 0 0 0 
0 0 0 0 0 0 0 0 0 0 0 0 0 0 0 0 0 0 0 0 0 0 0 0 0 0 0 0 0 0 0 0 0 0 0 0 0 0 0 0 
0 0 0 0 0 0 0 0 0 0 0 0 0 0 0 0 0 0 0 0 0 0 0 0 0 0 0 0 0 0 0 0 0 0 0 0 0 0 0 0 
0 0 0 0 0 0 0 0 0 0 0 0 0 0 0 0 0 0 0 0 0 0 0 0 0 0 0 0 0 0 0 0 0 0 0 0 0 0 0 0 
0 0 0 0 0 0 0 0 0 0 0 0 0 0 0 0 0 0 0 0 0 0 0 0 0 0 0 0 0 0 0 0 0 0 0 0 0 0 0 0 
0 0 0 0 0 0 0 0 0 0 0 0 0 0 0 0 0 608909.9162 1436753.737 2028559.453 1847254.768 1539379.012 557597.2731 0 0 0 0 0 0 0 0 0 0 0 0 0 0 0 0 0 
0 0 0 0 0 0 0 0 0 0 0 0 0 0 862052.24 3314796.206 5086792.573 5743594.397 6362767.124 6065153.819 6184883.295 5989895.208 6208828.997 5391247.515 3386633.8 896260.7006 0 0 0 0 0 0 0 0 0 0 0 0 0 0 
0 0 0 0 0 0 0 0 0 0 0 0 547334.7704 3988702.112 6314875.148 6075416.432 6020683.253 6150675.451 6167779.8 6147254.756 5962529.252 6030946.029 6284088.315 6095941.715 6164358.282 6003578.468 3831343.305 653380.8697 0 0 0 0 0 0 0 0 0 0 0 0 
0 0 0 0 0 0 0 0 0 0 0 1659108.516 5596498.138 6400396.505 6058312.643 6065154.563 6147255.108 6113046.829 6270405.738 6099363.567 6195147.297 6109626.052 5788066.693 6376451.465 6215671.639 6239617.245 6260141.936 5740173.522 1707000.277 0 0 0 0 0 0 0 0 0 0 0 
0 0 0 0 0 0 0 0 0 0 2134605.554 6024103.458 6061733.293 6048050.34 6113046.642 6041209.302 6020684.458 6311456.316 6225935.371 6085680.86 6130151.848 6260143.842 6092522.368 5959109.325 5983054.903 6239617.855 6461972.355 6030945.668 5853061.377 2199601.563 0 0 0 0 0 0 0 0 0 0 
0 0 0 0 0 0 0 0 0 1676212.701 5801748.803 6133571.041 6123308.968 6465393.786 6249880.947 5863325.924 6037789.193 6366190.463 6160939.985 6239619.381 6048052.189 6157519.069 6277248.539 6130152.049 5935163.701 5890692.503 6085680.186 6048050.43 6160937.759 6212249.854 1621479.227 0 0 0 0 0 0 0 0 0 
0 0 0 0 0 0 0 0 550755.5914 5647810.762 6068574.885 6143834.089 6068575.978 6130151.598 5914638.802 6181464.846 6208831.908 6219094.668 6109627.766 6085681.861 5849643.595 6386716.138 6198569.539 6092523.245 6003581.019 5918059.582 6099363.975 6034367.543 6092521.373 6410659.183 5788065.314 554176.4598 0 0 0 0 0 0 0 0 
0 0 0 0 0 0 0 0 3793714.107 6355925.529 6140413.094 6325139.165 6342243.881 6225935.665 6013843.664 6116469.297 6386716.222 6256724.358 6201990.985 6024107.119 6092523.989 6109628.172 6355928.803 6092523.637 6171202.761 5887272.537 6082260.149 6160939.103 6058313.455 6150675.605 6284087.889 3862130.933 0 0 0 0 0 0 0 0 
0 0 0 0 0 0 0 933889.9085 5969370.051 6017262.446 6249880.365 6130151.445 6082260.112 5928322.543 6229357.231 6239620.058 5962531.918 6280670.669 6205412.196 5894115.381 5955690.591 6116470.231 6109628.437 5979636.118 6260145.143 6136994.413 6140414.925 5924901.313 5986476.084 6024104.809 5798328.555 6065153.584 1029673.505 0 0 0 0 0 0 0 
0 0 0 0 0 0 0 3294271.127 5996737.092 6260142.671 6201988.936 6174622.73 6024106.124 6277248.985 6359349.641 5907798.472 6109628.539 6007003.371 6424346.596 6338825.529 6048053.71 5965953.382 6195149.853 6331983.449 6058315.633 6184886.552 6102785.972 6290931.938 5928321.992 6119888.675 6277246.836 5928320.224 3502942.505 0 0 0 0 0 0 0 
0 0 0 0 0 0 0 5432297.681 6246458.819 6328559.741 6335402.062 6373031.932 5818855.697 6092523.644 6266987.088 6225937.261 6092524.567 6297775.467 6071999.812 6225937.891 6136995.921 6061737.287 6089103.898 6174624.841 5883852.788 6078840.625 6020685.918 6082260.679 5962530.662 5914638.305 6030946.43 6355925.801 5374143.319 0 0 0 0 0 0 0 
0 0 0 0 0 0 591805.6996 6304612.584 6092521.109 6472235.328 6068576.458 6304615.215 6113048.477 6171203.258 6013844.781 6301196.013 6256725.316 5887274.216 6325142.516 6133575.266 6030949.887 5952270.398 6290933.921 5900957.435 5894115.519 6174624.472 6095944.695 6438028.666 6243040.031 6150676.706 6048050.792 6215671.429 6085678.653 530230.5432 0 0 0 0 0 0 
0 0 0 0 0 0 1467541.307 5938582.583 6160938.069 6065155.139 6048051.515 6222515.121 6345665.989 6154099.163 6195149.661 6318300.385 6506447.113 5969374.621 5870170.25 6290934.265 5955691.412 6489343.199 5897536.879 6201991.904 6044632.794 6280670.776 6458554.303 6188307.175 6249881.854 5969372.138 6243038.996 6024104.336 6201987.44 1522274.79 0 0 0 0 0 0 
0 0 0 0 0 0 1970405.131 6140412.34 6273825.95 6314876.768 6277248.122 6075418.875 6075419.368 5921481.785 6154099.587 6071999.62 6017266.347 6007003.982 6205413.13 6171204.735 6178046.42 6048054.246 6051474.977 6113049.99 5877011.468 6034370.019 6044632.187 6154098.779 6051472.975 5983055.558 6082259.418 5931741.667 6089099.702 2062767.873 0 0 0 0 0 0 
0 0 0 0 0 0 1956721.767 6010420.328 6160938.131 6109626.177 6243039.667 6048052.138 6044631.765 6030948.801 6212253.95 5969374.274 6379875.896 5989899.76 5989899.888 6102787.819 6109629.512 6013845.794 6147258.642 6171204.365 6362771.426 5969373.972 5959111.057 6297774.252 6205410.955 6400398.488 5989896.635 5822274.675 5993316.103 1956721.752 0 0 0 0 0 0 
0 0 0 0 0 0 1402545.311 6164358.166 5976212.552 6266984.889 6071997.428 6147256.54 5870168.661 5832539.769 6171203.744 6349087.991 6260146.26 5931745.338 6095946.033 6225938.193 6222517.348 6157521.222 6243042.224 5952270.212 6260146.008 5924902.928 6136994.935 6089102.695 5983056.04 6082259.953 6048050.922 6085679.531 6314875.258 1512012.259 0 0 0 0 0 0 
0 0 0 0 0 0 578122.3283 6027524.352 6017262.55 6068575.853 6243039.472 6195148.235 6054894.128 6260145.226 6335404.164 6171203.933 6184887.569 6157520.976 6068579.137 6208833.839 6013845.676 6208833.786 6048053.905 6003582.776 6130153.797 6041211.524 6048052.852 6390136.85 5976214.227 5942005.253 5853062.73 5955687.386 5965949.191 578122.3333 0 0 0 0 0 0 
0 0 0 0 0 0 0 5439139.35 5962528.865 6109625.82 5983055.198 6041210.064 5904376.8 6116469.567 6321720.581 6222516.43 6048053.562 6277250.361 5911220.087 6188308.6 6126733.371 5835961.506 6222516.815 5853065.402 5996740.692 6061736.417 6215674.04 5863326.669 6188306.366 6232776.77 6219092.794 5979633.023 5028638.254 0 0 0 0 0 0 0 
0 0 0 0 0 0 0 3184804.154 6116466.606 5942004.235 6212251.429 6174622.738 6174623.222 6157519.412 6095944.604 6188307.712 6205412.212 5948849.055 5907798.998 6191729.182 6068578.767 6222516.718 6201991.55 6095945.159 6147257.59 6075419.564 6123311.036 6092522.95 6195147.805 6157517.982 6414080.537 5897532.627 3342162.938 0 0 0 0 0 0 0 
0 0 0 0 0 0 0 875735.6135 5928319.951 5829116.117 6147255.131 6058313.738 6048051.688 5983056.1 6068577.582 6119890.507 6246461.982 6349087.562 6147257.854 6013844.968 6013844.954 5938586.282 6263566.396 6164361.766 6147257.274 6024106.604 6150677.452 6075418.447 6359348.018 6243038.712 6133571.15 5900953.208 844948.0243 0 0 0 0 0 0 0 
0 0 0 0 0 0 0 0 3892918.557 6013841.295 6126729.703 6054892.6 6345664.711 6239619.012 6400399.075 6181465.366 6160940.533 6123311.402 6000161.178 6030948.82 6136994.982 6061736.4 6236199.252 6181465.563 6249882.207 6106206.51 6280669.145 6308035.431 6188305.397 6034366.955 6396975.612 3814239.133 0 0 0 0 0 0 0 0 
0 0 0 0 0 0 0 0 468655.3814 5764119.394 6154095.983 6373030.537 5942004.776 6390135.695 5976213.992 5935164.157 5989897.913 6526970.634 6215673.925 6058315.152 6154098.792 6225936.479 6249882.242 6000160.448 6331982.103 6154097.853 6393556.518 6253301.514 6181463.314 6136991.783 5712806.777 550755.6078 0 0 0 0 0 0 0 0 
0 0 0 0 0 0 0 0 0 1662529.329 5877007.307 6126729.358 6126729.789 6184884.603 6198568.349 6058314.031 6140414.528 6164360.651 6051472.844 6284090.349 6301194.635 6065156.327 5965951.715 6451711.31 6205410.385 6236197.607 5907796.276 6232775.919 6013841.484 5863323.942 1789100.506 0 0 0 0 0 0 0 0 0 
0 0 0 0 0 0 0 0 0 0 2343276.934 6249879.078 6174621.044 6000158.51 6181463.575 5914638.048 6126730.658 6208831.077 6178043.611 6260143.86 6157518.576 6236197.924 6140414.17 6113047.183 5914638.066 6147255.073 6362767.881 6143833.489 5839378.02 2148288.924 0 0 0 0 0 0 0 0 0 0 
0 0 0 0 0 0 0 0 0 0 0 1491487.21 5510976.969 6095941.53 5757278.434 6246459.298 5948846.243 6441447.844 6253301.505 6225934.825 6051471.839 6089100.984 6020684.009 6130150.822 6154096.504 5924899.693 6058312.203 5928319.785 1669370.979 0 0 0 0 0 0 0 0 0 0 0 
0 0 0 0 0 0 0 0 0 0 0 0 591805.6894 3824501.707 6099362.019 6113045.773 5928320.429 6201988.008 5877008.053 6280667.74 6407238.794 6171200.603 6044629.372 6331979.947 6219091.901 6167778.945 4026331.415 595226.5478 0 0 0 0 0 0 0 0 0 0 0 0 
0 0 0 0 0 0 0 0 0 0 0 0 0 0 957835.8209 3232695.893 5038900.829 5945424.141 6048049.587 6113045.604 6232775.081 6130149.874 5945424.113 5281780.582 3215591.687 773110.333 0 0 0 0 0 0 0 0 0 0 0 0 0 0 
0 0 0 0 0 0 0 0 0 0 0 0 0 0 0 0 0 677326.7697 1659108.515 2120922.22 2100397.162 1450437.12 595226.5404 0 0 0 0 0 0 0 0 0 0 0 0 0 0 0 0 0 
0 0 0 0 0 0 0 0 0 0 0 0 0 0 0 0 0 0 0 0 0 0 0 0 0 0 0 0 0 0 0 0 0 0 0 0 0 0 0 0 
0 0 0 0 0 0 0 0 0 0 0 0 0 0 0 0 0 0 0 0 0 0 0 0 0 0 0 0 0 0 0 0 0 0 0 0 0 0 0 0 
0 0 0 0 0 0 0 0 0 0 0 0 0 0 0 0 0 0 0 0 0 0 0 0 0 0 0 0 0 0 0 0 0 0 0 0 0 0 0 0 
0 0 0 0 0 0 0 0 0 0 0 0 0 0 0 0 0 0 0 0 0 0 0 0 0 0 0 0 0 0 0 0 0 0 0 0 0 0 0 0 
0 0 0 0 0 0 0 0 0 0 0 0 0 0 0 0 0 0 0 0 0 0 0 0 0 0 0 0 0 0 0 0 0 0 0 0 0 0 0 0 
0 0 0 0 0 0 0 0 0 0 0 0 0 0 0 0 0 0 0 0 0 0 0 0 0 0 0 0 0 0 0 0 0 0 0 0 0 0 0 0 
# Errors [psd_source/PSD_source.dat] I_err:
0 0 0 0 0 0 0 0 0 0 0 0 0 0 0 0 0 0 0 0 0 0 0 0 0 0 0 0 0 0 0 0 0 0 0 0 0 0 0 0 
0 0 0 0 0 0 0 0 0 0 0 0 0 0 0 0 0 0 0 0 0 0 0 0 0 0 0 0 0 0 0 0 0 0 0 0 0 0 0 0 
0 0 0 0 0 0 0 0 0 0 0 0 0 0 0 0 0 0 0 0 0 0 0 0 0 0 0 0 0 0 0 0 0 0 0 0 0 0 0 0 
0 0 0 0 0 0 0 0 0 0 0 0 0 0 0 0 0 0 0 0 0 0 0 0 0 0 0 0 0 0 0 0 0 0 0 0 0 0 0 0 
0 0 0 0 0 0 0 0 0 0 0 0 0 0 0 0 0 0 0 0 0 0 0 0 0 0 0 0 0 0 0 0 0 0 0 0 0 0 0 0 
0 0 0 0 0 0 0 0 0 0 0 0 0 0 0 0 0 0 0 0 0 0 0 0 0 0 0 0 0 0 0 0 0 0 0 0 0 0 0 0 
0 0 0 0 0 0 0 0 0 0 0 0 0 0 0 0 0 45639.72779 70106.40386 83302.95241 79493.18836 72567.02256 43674.3891 0 0 0 0 0 0 0 0 0 0 0 0 0 0 0 0 0 
0 0 0 0 0 0 0 0 0 0 0 0 0 0 54304.18677 106486.596 131913.2876 140171.0786 147533.13 144041.4391 145456.2196 143144.9897 145737.5231 135803.563 107634.2877 55371.171 0 0 0 0 0 0 0 0 0 0 0 0 0 0 
0 0 0 0 0 0 0 0 0 0 0 0 43270.61292 116810.6197 146976.8449 144163.2521 143512.4061 145053.4183 145254.9686 145013.0788 142817.6324 143634.6716 146618.1386 144406.5712 145214.6657 143308.3946 114483.2783 47276.98049 0 0 0 0 0 0 0 0 0 0 0 0 
0 0 0 0 0 0 0 0 0 0 0 75336.23694 138364.5114 147968.7434 143960.1866 144041.4568 145013.0871 144609.0411 146458.4424 144447.1075 145576.8814 144568.5757 140712.7165 147691.7051 145817.8196 146098.4245 146338.5122 140129.3291 76415.82722 0 0 0 0 0 0 0 0 0 0 0 
0 0 0 0 0 0 0 0 0 0 85452.61164 143553.1557 144000.8201 143838.209 144609.0367 143756.845 143512.4348 146937.0767 145938.1761 144285.0053 144811.2258 146338.5567 144366.0828 142776.6795 143063.2489 146098.4388 148678.8238 143634.663 141500.5323 86743.8179 0 0 0 0 0 0 0 0 0 0 
0 0 0 0 0 0 0 0 0 75723.57114 140878.9147 144851.5861 144730.3652 148718.186 146218.5494 141624.5774 143716.1554 147572.842 145174.4274 146098.4746 143838.253 145134.1163 146538.3476 144811.2305 142489.5328 141954.701 144284.9893 143838.2112 145174.375 145777.6659 74477.00753 0 0 0 0 0 0 0 0 0 
0 0 0 0 0 0 0 0 43405.62129 138997.3755 144082.0595 144972.7286 144082.0855 144811.2199 142242.9437 145416.0446 145737.5914 145857.9913 144568.6162 144285.029 141459.25 147810.5575 145617.1011 144366.1036 143308.4555 142284.0707 144447.1172 143675.4177 144366.0592 148087.3274 140712.683 43540.21474 0 0 0 0 0 0 0 0 
0 0 0 0 0 0 0 0 113919.6984 147453.7919 144932.3595 147096.2597 147295.0232 145938.183 143430.8918 144649.5353 147810.5595 146298.5998 145657.291 143553.2429 144366.1212 144568.6258 147453.8678 144366.1129 145295.2944 141913.4982 144244.4504 145174.4067 143960.2059 145053.4219 146618.1287 114942.3368 0 0 0 0 0 0 0 0 
0 0 0 0 0 0 0 56521.58851 142899.5255 143471.6306 146218.5357 144811.2163 144244.4496 142407.3953 145978.2873 146098.4904 142817.6963 146578.3009 145697.4643 141995.962 142735.7435 144649.5574 144568.6321 143022.3937 146338.5871 144892.0338 144932.4027 142366.2931 143104.1497 143553.1879 140837.3904 144041.4335 59349.39414 0 0 0 0 0 0 0 
0 0 0 0 0 0 0 106156.4034 143226.7215 146338.5293 145657.2429 145335.5385 143553.2192 146538.358 147493.5431 142160.6837 144568.6345 143349.3143 148245.3806 147255.3522 143838.2892 142858.6741 145576.9415 147175.853 143960.2577 145456.2962 144487.6456 146697.976 142407.382 144689.9451 146538.3078 142407.3396 109466.9533 0 0 0 0 0 0 0 
0 0 0 0 0 0 0 136319.6026 146178.4978 147136.0253 147215.5516 147652.1132 141086.4904 144366.113 146418.5377 145938.2204 144366.1349 146777.7678 144122.7601 145938.2351 144892.0694 144000.9149 144325.6039 145335.5882 141872.2887 144203.9124 143512.4696 144244.463 142817.6662 142242.9318 143634.6812 147453.7982 135587.9678 0 0 0 0 0 0 0 
0 0 0 0 0 0 44994.15416 146857.3668 144366.053 148796.8487 144082.0969 146857.4281 144609.0801 145295.3061 143430.9184 146817.619 146298.6222 141913.5387 147096.3376 144851.6859 143634.7635 142694.7608 146698.0223 142078.359 141995.9654 145335.5795 144406.6418 148403.1422 146138.5134 145053.4479 143838.2198 145817.8146 144284.9529 42589.14211 0 0 0 0 0 0 
0 0 0 0 0 0 70853.56197 142530.543 145174.3823 144041.4705 143838.237 145898.0916 147334.7708 145093.8178 145576.9369 147016.7513 149189.6337 142899.6349 141707.2452 146698.0303 142735.7632 148993.4161 142037.1778 145657.3126 143797.6035 146578.3034 148639.529 145496.5112 146218.5706 142899.5755 146138.4892 143553.1766 145657.2078 72162.74579 0 0 0 0 0 0 
0 0 0 0 0 0 82100.2138 144932.3417 146498.3727 146976.8826 146538.3378 144163.3101 144163.3218 142325.22 145093.8278 144122.7555 143471.7236 143349.3289 145697.4863 145295.3409 145375.8591 143838.3019 143878.9717 144609.1159 141789.7897 143675.4767 143797.5891 145093.8087 143878.9241 143063.2645 144244.4331 142448.435 144325.5044 84002.40161 0 0 0 0 0 0 
0 0 0 0 0 0 81814.64717 143390.0327 145174.3837 144568.5786 146138.5049 143838.2518 143797.579 143634.7376 145777.7621 142899.6266 147731.3997 143145.0984 143145.1015 144487.6893 144568.6575 143430.9426 145013.1704 145295.3321 147533.2298 142899.6194 142776.721 146777.7394 145697.4352 147968.7892 143145.0238 141127.9107 143185.8603 81814.64653 0 0 0 0 0 0 
0 0 0 0 0 0 69266.77572 145214.6629 142981.4124 146418.4863 144122.7035 145013.1208 141707.2068 141252.2964 145295.3175 147374.5052 146338.6132 142448.5232 144406.6734 145938.2422 145898.1438 145134.1671 146138.5648 142694.7564 146338.6073 142366.3319 144892.0461 144325.5754 143063.2761 144244.4458 143838.2229 144284.9738 146976.8474 71919.08902 0 0 0 0 0 0 
0 0 0 0 0 0 44470.94833 143593.9101 143471.6331 144082.0825 146138.5004 145576.9035 143919.5925 146338.5891 147215.6004 145295.322 145456.3201 145134.1612 144082.1605 145737.6367 143430.9398 145737.6355 143838.2938 143308.4975 144811.2718 143756.8979 143838.2688 147850.1342 142981.4525 142571.6324 141500.565 142735.6667 142858.5738 44470.94872 0 0 0 0 0 0 
0 0 0 0 0 0 0 136405.4188 142817.6231 144568.5702 143063.2559 143756.8631 142119.4995 144649.5417 147056.5296 145898.1223 143838.2857 146538.3901 142201.8545 145496.5447 144770.8712 141293.7349 145898.1313 141500.6296 143226.8075 144000.8943 145817.8759 141624.5955 145496.4922 146018.3331 145857.9473 143022.3197 131157.0764 0 0 0 0 0 0 0 
0 0 0 0 0 0 0 104377.7403 144649.4717 142571.608 145777.7029 145335.5387 145335.5501 145134.1244 144406.6396 145496.5238 145697.4647 142653.7387 142160.6963 145536.7476 144082.1517 145898.129 145657.3043 144406.6528 145013.1456 144163.3264 144730.4141 144366.0966 145576.8933 145134.0907 148126.845 142037.0754 106925.2654 0 0 0 0 0 0 0 
0 0 0 0 0 0 0 54733.47584 142407.333 141210.7993 145013.0876 143960.2127 143838.2411 143063.2775 144082.1235 144689.9884 146178.5718 147374.4952 145013.1518 143430.9229 143430.9225 142530.6318 146378.5744 145214.7478 145013.1381 143553.2306 145053.4655 144163.2999 147493.5055 146138.4826 144851.5887 142078.2572 53762.75534 0 0 0 0 0 0 0 
0 0 0 0 0 0 0 0 115399.569 143430.8353 144770.7845 143919.5562 147334.7411 146098.4659 147968.8028 145416.0568 145174.4404 144730.4227 143267.645 143634.7381 144892.0472 144000.8939 146058.4369 145416.0615 146218.5788 144528.1281 146578.2653 146897.25 145496.4694 143675.4037 147929.1943 114227.4506 0 0 0 0 0 0 0 0 
0 0 0 0 0 0 0 0 40039.93139 140421.3084 145093.7428 147652.0809 142571.621 147850.1075 142981.4469 142489.5437 143145.0543 149424.7279 145817.8732 143960.2463 145093.809 145938.202 146218.5797 143267.6276 147175.8217 145093.7869 147889.6761 146258.5534 145416.0086 144891.9717 139794.891 43405.62258 0 0 0 0 0 0 0 0 
0 0 0 0 0 0 0 0 0 75413.86183 141789.6893 144770.7763 144770.7865 145456.2504 145617.0732 143960.2196 144932.3934 145214.7215 143878.921 146618.1861 146817.5869 144041.4987 142858.6342 148560.7495 145697.4218 146058.3984 142160.6308 146018.3132 143430.8398 141624.5296 78231.90293 0 0 0 0 0 0 0 0 0 
0 0 0 0 0 0 0 0 0 0 89532.00943 146218.5056 145335.4988 143267.5813 145416.0147 142242.9256 144770.807 145737.5719 145375.793 146338.5571 145134.1047 146058.4058 144932.3849 144609.0495 142242.926 145013.0862 147533.1476 144972.7145 141335.0348 85726.06072 0 0 0 0 0 0 0 0 0 0 
0 0 0 0 0 0 0 0 0 0 0 71429.28271 137303.2527 144406.5668 140337.9652 146178.509 142653.6713 148442.5256 146258.5532 145938.1633 143878.8971 144325.5348 143512.4241 144811.2016 145093.7551 142366.2542 143960.1762 142407.329 75568.87352 0 0 0 0 0 0 0 0 0 0 0 
0 0 0 0 0 0 0 0 0 0 0 0 44994.15338 114381.018 144447.0708 144609.0162 142407.3445 145657.2211 141789.7073 146578.2325 148047.8216 145295.2436 143797.5221 147175.7716 145857.9264 145254.9485 117360.3209 45124.00814 0 0 0 0 0 0 0 0 0 0 0 0 
0 0 0 0 0 0 0 0 0 0 0 0 0 0 57241.63881 105159.6053 131290.8432 142612.6192 143838.1911 144609.0122 146018.2935 144811.1792 142612.6185 134417.7766 104881.0364 51426.53437 0 0 0 0 0 0 0 0 0 0 0 0 0 0 
0 0 0 0 0 0 0 0 0 0 0 0 0 0 0 0 0 48135.5175 75336.23688 85178.28612 84765.13093 70439.45345 45124.00758 0 0 0 0 0 0 0 0 0 0 0 0 0 0 0 0 0 
0 0 0 0 0 0 0 0 0 0 0 0 0 0 0 0 0 0 0 0 0 0 0 0 0 0 0 0 0 0 0 0 0 0 0 0 0 0 0 0 
0 0 0 0 0 0 0 0 0 0 0 0 0 0 0 0 0 0 0 0 0 0 0 0 0 0 0 0 0 0 0 0 0 0 0 0 0 0 0 0 
0 0 0 0 0 0 0 0 0 0 0 0 0 0 0 0 0 0 0 0 0 0 0 0 0 0 0 0 0 0 0 0 0 0 0 0 0 0 0 0 
0 0 0 0 0 0 0 0 0 0 0 0 0 0 0 0 0 0 0 0 0 0 0 0 0 0 0 0 0 0 0 0 0 0 0 0 0 0 0 0 
0 0 0 0 0 0 0 0 0 0 0 0 0 0 0 0 0 0 0 0 0 0 0 0 0 0 0 0 0 0 0 0 0 0 0 0 0 0 0 0 
0 0 0 0 0 0 0 0 0 0 0 0 0 0 0 0 0 0 0 0 0 0 0 0 0 0 0 0 0 0 0 0 0 0 0 0 0 0 0 0 
# Events [psd_source/PSD_source.dat] N:
0 0 0 0 0 0 0 0 0 0 0 0 0 0 0 0 0 0 0 0 0 0 0 0 0 0 0 0 0 0 0 0 0 0 0 0 0 0 0 0 
0 0 0 0 0 0 0 0 0 0 0 0 0 0 0 0 0 0 0 0 0 0 0 0 0 0 0 0 0 0 0 0 0 0 0 0 0 0 0 0 
0 0 0 0 0 0 0 0 0 0 0 0 0 0 0 0 0 0 0 0 0 0 0 0 0 0 0 0 0 0 0 0 0 0 0 0 0 0 0 0 
0 0 0 0 0 0 0 0 0 0 0 0 0 0 0 0 0 0 0 0 0 0 0 0 0 0 0 0 0 0 0 0 0 0 0 0 0 0 0 0 
0 0 0 0 0 0 0 0 0 0 0 0 0 0 0 0 0 0 0 0 0 0 0 0 0 0 0 0 0 0 0 0 0 0 0 0 0 0 0 0 
0 0 0 0 0 0 0 0 0 0 0 0 0 0 0 0 0 0 0 0 0 0 0 0 0 0 0 0 0 0 0 0 0 0 0 0 0 0 0 0 
0 0 0 0 0 0 0 0 0 0 0 0 0 0 0 0 0 178 420 593 540 450 163 0 0 0 0 0 0 0 0 0 0 0 0 0 0 0 0 0 
0 0 0 0 0 0 0 0 0 0 0 0 0 0 252 969 1487 1679 1860 1773 1808 1751 1815 1576 990 262 0 0 0 0 0 0 0 0 0 0 0 0 0 0 
0 0 0 0 0 0 0 0 0 0 0 0 160 1166 1846 1776 1760 1798 1803 1797 1743 1763 1837 1782 1802 1755 1120 191 0 0 0 0 0 0 0 0 0 0 0 0 
0 0 0 0 0 0 0 0 0 0 0 485 1636 1871 1771 1773 1797 1787 1833 1783 1811 1786 1692 1864 1817 1824 1830 1678 499 0 0 0 0 0 0 0 0 0 0 0 
0 0 0 0 0 0 0 0 0 0 624 1761 1772 1768 1787 1766 1760 1845 1820 1779 1792 1830 1781 1742 1749 1824 1889 1763 1711 643 0 0 0 0 0 0 0 0 0 0 
0 0 0 0 0 0 0 0 0 490 1696 1793 1790 1890 1827 1714 1765 1861 1801 1824 1768 1800 1835 1792 1735 1722 1779 1768 1801 1816 474 0 0 0 0 0 0 0 0 0 
0 0 0 0 0 0 0 0 161 1651 1774 1796 1774 1792 1729 1807 1815 1818 1786 1779 1710 1867 1812 1781 1755 1730 1783 1764 1781 1874 1692 162 0 0 0 0 0 0 0 0 
0 0 0 0 0 0 0 0 1109 1858 1795 1849 1854 1820 1758 1788 1867 1829 1813 1761 1781 1786 1858 1781 1804 1721 1778 1801 1771 1798 1837 1129 0 0 0 0 0 0 0 0 
0 0 0 0 0 0 0 273 1745 1759 1827 1792 1778 1733 1821 1824 1743 1836 1814 1723 1741 1788 1786 1748 1830 1794 1795 1732 1750 1761 1695 1773 301 0 0 0 0 0 0 0 
0 0 0 0 0 0 0 963 1753 1830 1813 1805 1761 1835 1859 1727 1786 1756 1878 1853 1768 1744 1811 1851 1771 1808 1784 1839 1733 1789 1835 1733 1024 0 0 0 0 0 0 0 
0 0 0 0 0 0 0 1588 1826 1850 1852 1863 1701 1781 1832 1820 1781 1841 1775 1820 1794 1772 1780 1805 1720 1777 1760 1778 1743 1729 1763 1858 1571 0 0 0 0 0 0 0 
0 0 0 0 0 0 173 1843 1781 1892 1774 1843 1787 1804 1758 1842 1829 1721 1849 1793 1763 1740 1839 1725 1723 1805 1782 1882 1825 1798 1768 1817 1779 155 0 0 0 0 0 0 
0 0 0 0 0 0 429 1736 1801 1773 1768 1819 1855 1799 1811 1847 1902 1745 1716 1839 1741 1897 1724 1813 1767 1836 1888 1809 1827 1745 1825 1761 1813 445 0 0 0 0 0 0 
0 0 0 0 0 0 576 1795 1834 1846 1835 1776 1776 1731 1799 1775 1759 1756 1814 1804 1806 1768 1769 1787 1718 1764 1767 1799 1769 1749 1778 1734 1780 603 0 0 0 0 0 0 
0 0 0 0 0 0 572 1757 1801 1786 1825 1768 1767 1763 1816 1745 1865 1751 1751 1784 1786 1758 1797 1804 1860 1745 1742 1841 1814 1871 1751 1702 1752 572 0 0 0 0 0 0 
0 0 0 0 0 0 410 1802 1747 1832 1775 1797 1716 1705 1804 1856 1830 1734 1782 1820 1819 1800 1825 1740 1830 1732 1794 1780 1749 1778 1768 1779 1846 442 0 0 0 0 0 0 
0 0 0 0 0 0 169 1762 1759 1774 1825 1811 1770 1830 1852 1804 1808 1800 1774 1815 1758 1815 1768 1755 1792 1766 1768 1868 1747 1737 1711 1741 1744 169 0 0 0 0 0 0 
0 0 0 0 0 0 0 1590 1743 1786 1749 1766 1726 1788 1848 1819 1768 1835 1728 1809 1791 1706 1819 1711 1753 1772 1817 1714 1809 1822 1818 1748 1470 0 0 0 0 0 0 0 
0 0 0 0 0 0 0 931 1788 1737 1816 1805 1805 1800 1782 1809 1814 1739 1727 1810 1774 1819 1813 1782 1797 1776 1790 1781 1811 1800 1875 1724 977 0 0 0 0 0 0 0 
0 0 0 0 0 0 0 256 1733 1704 1797 1771 1768 1749 1774 1789 1826 1856 1797 1758 1758 1736 1831 1802 1797 1761 1798 1776 1859 1825 1793 1725 247 0 0 0 0 0 0 0 
0 0 0 0 0 0 0 0 1138 1758 1791 1770 1855 1824 1871 1807 1801 1790 1754 1763 1794 1772 1823 1807 1827 1785 1836 1844 1809 1764 1870 1115 0 0 0 0 0 0 0 0 
0 0 0 0 0 0 0 0 137 1685 1799 1863 1737 1868 1747 1735 1751 1908 1817 1771 1799 1820 1827 1754 1851 1799 1869 1828 1807 1794 1670 161 0 0 0 0 0 0 0 0 
0 0 0 0 0 0 0 0 0 486 1718 1791 1791 1808 1812 1771 1795 1802 1769 1837 1842 1773 1744 1886 1814 1823 1727 1822 1758 1714 523 0 0 0 0 0 0 0 0 0 
0 0 0 0 0 0 0 0 0 0 685 1827 1805 1754 1807 1729 1791 1815 1806 1830 1800 1823 1795 1787 1729 1797 1860 1796 1707 628 0 0 0 0 0 0 0 0 0 0 
0 0 0 0 0 0 0 0 0 0 0 436 1611 1782 1683 1826 1739 1883 1828 1820 1769 1780 1760 1792 1799 1732 1771 1733 488 0 0 0 0 0 0 0 0 0 0 0 
0 0 0 0 0 0 0 0 0 0 0 0 173 1118 1783 1787 1733 1813 1718 1836 1873 1804 1767 1851 1818 1803 1177 174 0 0 0 0 0 0 0 0 0 0 0 0 
0 0 0 0 0 0 0 0 0 0 0 0 0 0 280 945 1473 1738 1768 1787 1822 1792 1738 1544 940 226 0 0 0 0 0 0 0 0 0 0 0 0 0 0 
0 0 0 0 0 0 0 0 0 0 0 0 0 0 0 0 0 198 485 620 614 424 174 0 0 0 0 0 0 0 0 0 0 0 0 0 0 0 0 0 
0 0 0 0 0 0 0 0 0 0 0 0 0 0 0 0 0 0 0 0 0 0 0 0 0 0 0 0 0 0 0 0 0 0 0 0 0 0 0 0 
0 0 0 0 0 0 0 0 0 0 0 0 0 0 0 0 0 0 0 0 0 0 0 0 0 0 0 0 0 0 0 0 0 0 0 0 0 0 0 0 
0 0 0 0 0 0 0 0 0 0 0 0 0 0 0 0 0 0 0 0 0 0 0 0 0 0 0 0 0 0 0 0 0 0 0 0 0 0 0 0 
0 0 0 0 0 0 0 0 0 0 0 0 0 0 0 0 0 0 0 0 0 0 0 0 0 0 0 0 0 0 0 0 0 0 0 0 0 0 0 0 
0 0 0 0 0 0 0 0 0 0 0 0 0 0 0 0 0 0 0 0 0 0 0 0 0 0 0 0 0 0 0 0 0 0 0 0 0 0 0 0 
0 0 0 0 0 0 0 0 0 0 0 0 0 0 0 0 0 0 0 0 0 0 0 0 0 0 0 0 0 0 0 0 0 0 0 0 0 0 0 0 
