# Format: McCode with text headers
# URL: http://www.mccode.org
# Creator: McStas 2.4.1 - Jun. 26, 2017
# Instrument: MAGiC_elearning.instr
# Ncount: 2500000
# Trace: no
# Gravitation: no
# Seed: 1563293527
# Directory: MAGiC_HR/25
# Nodes: 40
# Param: spectrum=0
# Param: high_res=1
# Param: coll_set=0.3
# Param: sample_rot=250
# Date: Tue Jul 16 10:37:49 2019 (1563266269)
# type: array_1d(101)
# Source: MAGiC_half_polarized (MAGiC_elearning.instr)
# component: L_out
# position: -0.034 -0.674259 159.42
# title: Wavelength monitor
# Ncount: 100000000
# filename: L_out.txt
# statistics: X0=1.43488; dX=0.352918;
# signal: Min=0; Max=2.42046e+07; Mean=4.29295e+06;
# values: 4.33588e+08 1.12545e+06 291272
# xvar: L
# yvar: (I,I_err)
# xlabel: Wavelength [AA]
# ylabel: Intensity
# xlimits: 0.2 6
# variables: L I I_err N
0.2287128713 0 0 0 
0.2861386139 0 0 0 
0.3435643564 9.933415669e-138 1.053597777e-137 8 
0.400990099 3.17625274e-16 2.223887574e-16 1194 
0.4584158416 762.505926 242.8873909 5598 
0.5158415842 52861.29432 3961.933596 9680 
0.5732673267 328725.4388 12275.9071 9933 
0.6306930693 1006171.807 25158.85241 9976 
0.6881188119 2386348.793 48164.79111 10125 
0.7455445545 4182732.406 77772.07588 9985 
0.802970297 6770238.994 116881.4077 10022 
0.8603960396 9700774.455 158258.1063 9952 
0.9178217822 12931999.93 200633.4701 10172 
0.9752475248 16207321.69 238401.1773 10122 
1.032673267 18064226.12 261721.6725 9939 
1.09009901 21055055.82 289404.8811 10097 
1.147524752 22151177.32 299003.5505 10000 
1.204950495 22365073.34 298355.3104 9805 
1.262376238 24048347.56 305301.6238 10094 
1.31980198 23894331.66 298883.9937 9976 
1.377227723 24204557.14 292983.01 10081 
1.434653465 23409146.92 279518.9777 10036 
1.492079208 22758140.91 266337.4062 10025 
1.54950495 21907739.55 251594.0064 10067 
1.606930693 21706444.35 241048.6564 10215 
1.664356436 20022549.63 222107.1261 10013 
1.721782178 18861942.71 206438.2544 9967 
1.779207921 17805176.52 191965.2289 9983 
1.836633663 16822039.3 178589.0721 9996 
1.894059406 15713293.03 165081.5072 9973 
1.951485149 14885553.38 153453.1743 10136 
2.008910891 13506226.58 139622.7334 9918 
2.066336634 10869310.28 120690.2838 8358 
2.123762376 5134538.405 77098.9102 4668 
2.181188119 835274.7221 26396.15604 1158 
2.238613861 0 0 0 
2.296039604 0 0 0 
2.353465347 0 0 0 
2.410891089 0 0 0 
2.468316832 0 0 0 
2.525742574 0 0 0 
2.583168317 0 0 0 
2.640594059 0 0 0 
2.698019802 0 0 0 
2.755445545 0 0 0 
2.812871287 0 0 0 
2.87029703 0 0 0 
2.927722772 0 0 0 
2.985148515 0 0 0 
3.042574257 0 0 0 
3.1 0 0 0 
3.157425743 0 0 0 
3.214851485 0 0 0 
3.272277228 0 0 0 
3.32970297 0 0 0 
3.387128713 0 0 0 
3.444554455 0 0 0 
3.501980198 0 0 0 
3.559405941 0 0 0 
3.616831683 0 0 0 
3.674257426 0 0 0 
3.731683168 0 0 0 
3.789108911 0 0 0 
3.846534653 0 0 0 
3.903960396 0 0 0 
3.961386139 0 0 0 
4.018811881 0 0 0 
4.076237624 0 0 0 
4.133663366 0 0 0 
4.191089109 0 0 0 
4.248514851 0 0 0 
4.305940594 0 0 0 
4.363366337 0 0 0 
4.420792079 0 0 0 
4.478217822 0 0 0 
4.535643564 0 0 0 
4.593069307 0 0 0 
4.65049505 0 0 0 
4.707920792 0 0 0 
4.765346535 0 0 0 
4.822772277 0 0 0 
4.88019802 0 0 0 
4.937623762 0 0 0 
4.995049505 0 0 0 
5.052475248 0 0 0 
5.10990099 0 0 0 
5.167326733 0 0 0 
5.224752475 0 0 0 
5.282178218 0 0 0 
5.33960396 0 0 0 
5.397029703 0 0 0 
5.454455446 0 0 0 
5.511881188 0 0 0 
5.569306931 0 0 0 
5.626732673 0 0 0 
5.684158416 0 0 0 
5.741584158 0 0 0 
5.799009901 0 0 0 
5.856435644 0 0 0 
5.913861386 0 0 0 
5.971287129 0 0 0 
