# Format: McCode with text headers
# URL: http://www.mccode.org
# Creator: McStas 2.5 - Dec. 12, 2018
# Instrument: ESS_HEIMDAL.instr
# Ncount: 25000
# Trace: no
# Gravitation: no
# Seed: 1565850452
# Directory: TemperatureScan/4
# Nodes: 4
# Param: lmax=4
# Param: lmin=0.5
# Param: T=90
# Param: tau=0
# Param: use_CoFe2O4=1
# Param: use_CoFe=1
# Param: use_magn=1
# Date: Wed Aug 14 12:13:21 2019 (1565777601)
# type: array_2d(40, 40)
# Source: ESS_HEIMDAL (ESS_HEIMDAL.instr)
# component: psd_source
# position: 0 0 0.01
# title: PSD monitor
# Ncount: 100000
# filename: PSD_source.dat
# statistics: X0=0.00650999; dX=4.99371; Y0=-0.0101775; dY=5.02357;
# signal: Min=0; Max=7.73111e+06; Mean=2.13803e+06;
# values: 3.42084e+09 1.08177e+07 100000
# xvar: X 
# yvar: Y 
# xlabel: X position [cm]
# ylabel: Y position [cm]
# zvar: I
# zlabel: Signal per bin
# xylimits: -15 15 -15 15
# variables: I I_err N
# Data [psd_source/PSD_source.dat] I:
0 0 0 0 0 0 0 0 0 0 0 0 0 0 0 0 0 0 0 0 0 0 0 0 0 0 0 0 0 0 0 0 0 0 0 0 0 0 0 0 
0 0 0 0 0 0 0 0 0 0 0 0 0 0 0 0 0 0 0 0 0 0 0 0 0 0 0 0 0 0 0 0 0 0 0 0 0 0 0 0 
0 0 0 0 0 0 0 0 0 0 0 0 0 0 0 0 0 0 0 0 0 0 0 0 0 0 0 0 0 0 0 0 0 0 0 0 0 0 0 0 
0 0 0 0 0 0 0 0 0 0 0 0 0 0 0 0 0 0 0 0 0 0 0 0 0 0 0 0 0 0 0 0 0 0 0 0 0 0 0 0 
0 0 0 0 0 0 0 0 0 0 0 0 0 0 0 0 0 0 0 0 0 0 0 0 0 0 0 0 0 0 0 0 0 0 0 0 0 0 0 0 
0 0 0 0 0 0 0 0 0 0 0 0 0 0 0 0 0 0 0 0 0 0 0 0 0 0 0 0 0 0 0 0 0 0 0 0 0 0 0 0 
0 0 0 0 0 0 0 0 0 0 0 0 0 0 0 0 0 547334.7133 1470962.12 1847254.728 2018296.96 1607795.823 513126.4084 0 0 0 0 0 0 0 0 0 0 0 0 0 0 0 0 0 
0 0 0 0 0 0 0 0 0 0 0 0 0 0 752585.3677 3181383.379 5439139.566 6157516.47 5918057.871 6260141.84 6910101.936 6670642.648 6362766.687 6602225.613 3420842.16 1094669.484 0 0 0 0 0 0 0 0 0 0 0 0 0 0 
0 0 0 0 0 0 0 0 0 0 0 0 513126.3894 3455050.764 5199680.599 6089099.869 5747015.843 6636435.084 6157516.887 6294350.864 6328559.347 6294350.919 5918058.025 5507556.72 5610182.094 7389019.772 4549720.395 615751.5792 0 0 0 0 0 0 0 0 0 0 0 0 
0 0 0 0 0 0 0 0 0 0 0 1607795.838 5370722.444 6465392.406 5370723.08 6123308.638 6465393.545 5233890.138 6807478.055 6225934.789 6739061.334 6225934.845 5883850.472 5849641.657 6260142.689 5610182.228 5712807.031 5507556.224 1744629.554 0 0 0 0 0 0 0 0 0 0 0 
0 0 0 0 0 0 0 0 0 0 2120922.255 6225933.117 5815432.628 6020683.394 6157517.664 5781225.226 6875895.13 6739061.769 5610183.553 5986476.238 5918059.511 6157518.594 7012729.388 6602228.086 6568019.263 6396976.585 6704852.048 6875893.983 6602225.805 2223547.57 0 0 0 0 0 0 0 0 0 0 
0 0 0 0 0 0 0 0 0 1744629.639 5849640.717 6396975.973 5712808.033 6704852.801 6089101.338 6704853.589 6225935.583 5507558.573 6944313.097 5781226.104 7012729.888 5712809.505 6910104.782 6089101.704 6739061.987 5747017.068 6773269.771 6739060.774 5678598.833 6602226.036 1676212.708 0 0 0 0 0 0 0 0 0 
0 0 0 0 0 0 0 0 649960.0122 5610181.374 6773268.558 5849641.741 5439140.658 5952267.691 5747017.307 6396977.966 6773271.109 6499603.993 6157519.603 5712809.927 6568021.11 6568020.928 6157519.504 5781226.401 5781226.276 5849642.695 5678600.233 5781225.097 6807477.593 6328558.925 5370722.497 649960.0269 0 0 0 0 0 0 0 0 
0 0 0 0 0 0 0 0 3660301.226 5610181.861 6533810.007 6294351.528 6602227.964 6499603.195 6841687.985 7046938.876 5370725.515 5883852.366 5952269.459 6636438.254 6089103.207 5610184.757 5028641.209 6773271.709 6328561.638 5439141.939 6054893.438 6533810.991 6260143.186 6294351.01 6294350.258 3386633.967 0 0 0 0 0 0 0 0 
0 0 0 0 0 0 0 786793.7433 5883848.955 7081144.598 6807477.86 6054892.887 6260144.043 6191727.555 5918060.469 6431187.339 6739063.713 5575976.74 5062850.096 6841689.484 5815435.995 5747019.091 6841689.235 5918060.867 6499604.253 6294353.273 6465395.124 6123310.24 5952267.655 6328559.874 5404931.689 4857596.243 752585.266 0 0 0 0 0 0 0 
0 0 0 0 0 0 0 3626092.812 6533809.397 6020683.634 5644391.464 6157518.548 6157519.07 6054894.18 5439142.478 5644393.497 6396979.492 6739064.304 5302309.579 5404934.748 6294354.587 6123312.136 5918061.382 6704855.521 5370725.829 5918060.53 6328561.599 5575975.474 5268099.175 6431185.467 7012728.264 5883849.225 2907715.943 0 0 0 0 0 0 0 
0 0 0 0 0 0 0 5644389.879 5610182.05 5712808.037 6191726.695 6157518.794 6294353.007 5678601.476 5849644.082 5336517.71 5883853.112 6670647.535 6157520.971 5678602.71 6875898.412 6704856.012 6020687.014 6670647.265 5952269.666 6602229.866 5575976.119 6294352.938 5815434.382 5952267.646 7046936.744 5336514.658 5507556.205 0 0 0 0 0 0 0 
0 0 0 0 0 0 684168.4718 6225933.224 6294350.823 5952267.218 6875895.642 5268099.557 5849643.439 5712810.096 5404934.449 6431188.182 5918061.61 6431188.583 6431188.65 6636439.445 6328563.424 6054895.723 5815436.487 5678602.517 5815436.062 5131266.876 5302308.751 5952268.747 6020685.246 6636436.451 6294351.531 5541765.404 5644389.935 923627.3763 0 0 0 0 0 0 
0 0 0 0 0 0 1299920.045 5199680.571 6020683.551 7286396.096 6089101.651 6602228.797 6020685.823 5712810.22 5644393.694 5336517.925 7081149.077 6362771.803 6396980.38 5918062.127 5747019.903 5815436.754 6465397.171 5883853.296 5473351.739 6123311.979 6431187.529 5507559.225 6260144.451 6362769.189 6670644.412 6328559.358 6533809.204 2155130.621 0 0 0 0 0 0 
0 0 0 0 0 0 1984088.52 6396975.573 6362767.844 6739061.323 6431186.056 5678601.002 5918060.556 6807480.508 6465396.483 5952270.034 6533813.93 5336518.372 6773273.419 6499605.855 6396980.491 5883853.707 6533814.154 5370726.66 7696900.903 6191728.832 5849644.071 6089102.744 5165474.427 6020684.845 5952267.391 5678599.258 6225933.404 1881463.234 0 0 0 0 0 0 
0 0 0 0 0 0 1744629.544 5952265.973 6602226.842 5849642.03 6739061.977 5712809.436 5849643.651 6225936.95 5439143.023 5815436.249 5815436.515 5986478.938 5883853.699 6396980.483 5781228.395 6054895.914 6260146.52 5918061.81 5233892.592 6020686.641 6157520.053 5541767.618 7012730.07 6362769.173 6089101.126 5781224.606 5952265.979 2052505.317 0 0 0 0 0 0 
0 0 0 0 0 0 1436753.73 6260141.805 5268098.068 5268098.585 6123310.043 7046938.533 5302308.553 6328562.193 6328562.561 6225937.606 5781227.98 6602230.954 6328563.461 6568022.719 6328563.536 5268101.462 6841690.077 5986478.685 5610185.534 5952269.713 6260145.245 6328561.754 6362769.688 6807478.82 5507557.732 5541765.522 6157516.524 1231503.16 0 0 0 0 0 0 
0 0 0 0 0 0 513126.3036 6191724.745 4994430.55 5747016.602 5986476.22 6499603.365 5370725.273 5268100.371 6465396.37 5986478.265 5575977.147 6499605.483 6362771.845 6533814.161 5336518.344 6396980.245 6431188.563 5747019.394 5986478.238 6157520.212 5268100.324 6225936.304 5644392.374 5644391.86 5883850.35 6157517.058 6294350.05 684168.4299 0 0 0 0 0 0 
0 0 0 0 0 0 0 5097055.043 6636434.952 5678599.544 6260143.547 6362769.41 5781226.339 6636437.905 5644393.383 5439143.013 5986478.383 6841689.752 5815436.473 6123312.556 5849644.898 5404935.023 5986478.496 5781227.707 6294354.182 5883852.463 5815435.29 6670645.906 5952268.236 5541766.409 5952266.941 6465392.78 5439139.404 0 0 0 0 0 0 0 
0 0 0 0 0 0 0 3694509.673 6089099.83 6123308.976 6499602.27 5610183.526 6670645.586 6260144.743 6602229.66 6670646.847 5952269.62 6123312.021 6568022.158 6875898.073 6841689.836 5849644.561 5712810.716 6328562.673 5575976.498 6260145.148 5678601.23 5918059.958 5918059.531 5883850.408 6191725.817 5233889.14 3044549.636 0 0 0 0 0 0 0 
0 0 0 0 0 0 0 889418.9625 5849640.49 5918057.959 5986475.582 6294351.884 5575975.227 6910104.74 6191727.943 5952269.203 5747018.583 6089103.246 6157520.404 6739064.059 6123311.843 5370726.035 5781227.426 6157519.938 5302308.785 6020685.642 6054893.77 6978521.103 7252188.016 6465393.417 6431184.464 6089099.547 752585.2777 0 0 0 0 0 0 0 
0 0 0 0 0 0 0 0 3489259.197 6089099.725 5610182.377 5610182.922 5678600.181 5918059.752 6704853.864 5747018.338 6670646.315 7731108.232 5610185.001 5815435.615 6157519.992 6875897.394 5918060.576 6157519.695 6499603.82 6191727.579 5815434.531 6568019.551 5952267.238 6362767.853 6191724.917 3762926.47 0 0 0 0 0 0 0 0 
0 0 0 0 0 0 0 0 581543.1608 5815432.079 6362767.299 6533810.275 6054892.519 6260143.673 5610183.487 5883851.539 6568020.396 6533812.343 6431187.229 6191728.021 5575976.109 5849643.739 6225936.537 5815434.962 6773270.954 5883851.205 6089101.377 6978520.327 7286395.675 6807476.852 5268097.168 376292.6595 0 0 0 0 0 0 0 0 
0 0 0 0 0 0 0 0 0 1847254.741 6499600.465 6328558.977 6499601.799 6739061.224 6328560.309 5747017.339 6362769.309 6020685.188 6089102.17 5883851.685 5199682.801 5302307.904 6670645.707 6773270.65 6020684.81 6362768.803 5952267.301 6157517.553 5918058.078 5302305.783 1676212.68 0 0 0 0 0 0 0 0 0 
0 0 0 0 0 0 0 0 0 0 2155130.77 5268097.386 5473348.391 5849641.402 6328559.612 6123309.657 6396977.167 6602228.002 5541766.749 6123310.213 5918059.565 5678600.388 6225935.381 6978520.565 6089101.262 6841686.257 6739060.383 7046935.865 6431183.798 2394589.543 0 0 0 0 0 0 0 0 0 0 
0 0 0 0 0 0 0 0 0 0 0 1710421.056 5165471.717 6704851.248 6670643.21 5815433.058 5883850.06 6225934.686 6636436.095 6465393.84 6431185.677 5883850.492 5883850.308 6636435.43 5986475.111 5370723.105 5644390.388 5747015.132 1265711.627 0 0 0 0 0 0 0 0 0 0 0 
0 0 0 0 0 0 0 0 0 0 0 0 513126.3422 4173427.642 5507556.364 5678598.728 6089100.021 5541765.547 6636435.382 5986475.146 5781224.486 6910102.645 6191725.761 6773268.54 6294350.089 6739059.451 3762926.264 444709.4335 0 0 0 0 0 0 0 0 0 0 0 0 
0 0 0 0 0 0 0 0 0 0 0 0 0 0 718376.8631 3660301.372 5268097.062 5575973.022 6294350.211 6294350.102 5815432.468 5815432.373 5952265.673 5404930.797 3455050.768 581543.1858 0 0 0 0 0 0 0 0 0 0 0 0 0 0 
0 0 0 0 0 0 0 0 0 0 0 0 0 0 0 0 0 718376.8529 1710421.226 2120922.198 2189338.978 1539378.836 615751.5858 0 0 0 0 0 0 0 0 0 0 0 0 0 0 0 0 0 
0 0 0 0 0 0 0 0 0 0 0 0 0 0 0 0 0 0 0 0 0 0 0 0 0 0 0 0 0 0 0 0 0 0 0 0 0 0 0 0 
0 0 0 0 0 0 0 0 0 0 0 0 0 0 0 0 0 0 0 0 0 0 0 0 0 0 0 0 0 0 0 0 0 0 0 0 0 0 0 0 
0 0 0 0 0 0 0 0 0 0 0 0 0 0 0 0 0 0 0 0 0 0 0 0 0 0 0 0 0 0 0 0 0 0 0 0 0 0 0 0 
0 0 0 0 0 0 0 0 0 0 0 0 0 0 0 0 0 0 0 0 0 0 0 0 0 0 0 0 0 0 0 0 0 0 0 0 0 0 0 0 
0 0 0 0 0 0 0 0 0 0 0 0 0 0 0 0 0 0 0 0 0 0 0 0 0 0 0 0 0 0 0 0 0 0 0 0 0 0 0 0 
0 0 0 0 0 0 0 0 0 0 0 0 0 0 0 0 0 0 0 0 0 0 0 0 0 0 0 0 0 0 0 0 0 0 0 0 0 0 0 0 
# Errors [psd_source/PSD_source.dat] I_err:
0 0 0 0 0 0 0 0 0 0 0 0 0 0 0 0 0 0 0 0 0 0 0 0 0 0 0 0 0 0 0 0 0 0 0 0 0 0 0 0 
0 0 0 0 0 0 0 0 0 0 0 0 0 0 0 0 0 0 0 0 0 0 0 0 0 0 0 0 0 0 0 0 0 0 0 0 0 0 0 0 
0 0 0 0 0 0 0 0 0 0 0 0 0 0 0 0 0 0 0 0 0 0 0 0 0 0 0 0 0 0 0 0 0 0 0 0 0 0 0 0 
0 0 0 0 0 0 0 0 0 0 0 0 0 0 0 0 0 0 0 0 0 0 0 0 0 0 0 0 0 0 0 0 0 0 0 0 0 0 0 0 
0 0 0 0 0 0 0 0 0 0 0 0 0 0 0 0 0 0 0 0 0 0 0 0 0 0 0 0 0 0 0 0 0 0 0 0 0 0 0 0 
0 0 0 0 0 0 0 0 0 0 0 0 0 0 0 0 0 0 0 0 0 0 0 0 0 0 0 0 0 0 0 0 0 0 0 0 0 0 0 0 
0 0 0 0 0 0 0 0 0 0 0 0 0 0 0 0 0 136833.6783 224319.6204 251379.5282 262759.8832 234521.1241 132488.669 0 0 0 0 0 0 0 0 0 0 0 0 0 0 0 0 0 
0 0 0 0 0 0 0 0 0 0 0 0 0 0 160451.7395 329894.0887 431351.8258 458954.18 449941.608 462763.0008 486193.0756 477694.642 466540.6891 475238.5986 342084.216 193512.0539 0 0 0 0 0 0 0 0 0 0 0 0 0 0 
0 0 0 0 0 0 0 0 0 0 0 0 132488.6641 343790.4005 421749.7881 456397.3309 443391.8984 476468.2712 458954.2111 464025.702 465284.9369 464025.7061 449941.6198 434056.2764 438081.6212 502759.115 394510.7913 145134.0391 0 0 0 0 0 0 0 0 0 0 0 0 
0 0 0 0 0 0 0 0 0 0 0 234521.1263 428630.3142 470288.0968 428630.365 457677.576 470288.1796 423134.9387 482569.3247 461496.9908 480138.2398 461496.995 448639.3926 447333.2778 462763.0635 438081.6317 442070.2803 434056.2373 244297.0019 0 0 0 0 0 0 0 0 0 0 0 
0 0 0 0 0 0 0 0 0 0 269357.3957 461496.8668 446023.3221 453826.0864 458954.269 444709.6328 484988.2485 480138.2707 438081.7352 452535.0673 449941.7327 458954.3383 489790.2661 475238.7766 474005.9612 467793.2574 478918.0034 484988.1676 475238.6125 275797.1326 0 0 0 0 0 0 0 0 0 0 
0 0 0 0 0 0 0 0 0 244297.0137 447333.206 467793.2127 442070.3579 478918.0572 456397.4411 478918.1135 461497.0497 434056.4225 487395.23 444709.7003 489790.301 442070.4718 486193.2758 456397.4684 480138.2863 443391.993 481355.3224 480138.1999 440744.747 475238.629 239458.9583 0 0 0 0 0 0 0 0 0 
0 0 0 0 0 0 0 0 149111.0532 438081.565 481355.2362 447333.2843 431351.9124 451240.2491 443392.0114 467793.3585 481355.4175 471530.8332 458954.4135 442070.5045 474006.0945 474006.0814 458954.4061 444709.7232 444709.7136 447333.3572 440744.8556 444709.6229 482569.2919 465284.9058 428630.3185 149111.0566 0 0 0 0 0 0 0 0 
0 0 0 0 0 0 0 0 353854.6756 438081.6031 472769.8997 464025.751 475238.7679 471530.7753 483780.3969 490983.4964 428630.5593 448639.5369 451240.3832 476468.4989 456397.5811 438081.8292 414755.3366 481355.4602 465285.1053 431352.0139 455113.6603 472769.9709 462763.1002 464025.7128 464025.6574 340369.5203 0 0 0 0 0 0 0 0 
0 0 0 0 0 0 0 164057.8364 448639.2768 492173.5722 482569.3109 455113.6189 462763.1636 460227.4846 449941.8056 469042.5432 480138.4092 436744.205 416163.7143 483780.5029 446023.5803 443392.149 483780.4853 449941.8359 471530.8521 464025.8797 470288.2945 457677.6957 451240.2464 465284.9756 429993.2776 407640.4213 160451.7178 0 0 0 0 0 0 0 
0 0 0 0 0 0 0 352197.2684 472769.8556 453826.1044 439415.2795 458954.3349 458954.3738 455113.716 431352.0567 439415.4378 467793.47 480138.4513 425891.7542 429993.5209 464025.9765 457677.8374 449941.875 478918.2515 428630.5844 449941.8102 465285.1024 436744.1059 424515.5292 469042.4067 489790.1876 448639.2974 315386.0754 0 0 0 0 0 0 0 
0 0 0 0 0 0 0 439415.1561 438081.6178 442070.3582 460227.4208 458954.3532 464025.86 440744.9521 447333.4633 427263.3643 448639.5938 477694.9919 458954.5155 440745.0479 484988.48 478918.2865 453826.3592 477694.9726 451240.3989 475238.9047 436744.1564 464025.8549 446023.4566 451240.2457 490983.3479 427263.12 434056.2358 0 0 0 0 0 0 0 
0 0 0 0 0 0 152984.7211 461496.8748 464025.699 451240.2133 484988.2846 424515.56 447333.4142 442070.5175 429993.4971 469042.6048 449941.8924 469042.634 469042.6388 476468.5844 465285.2366 455113.832 446023.618 440745.0329 446023.5854 418966.186 425891.6877 451240.3292 453826.2259 476468.3694 464025.7512 435402.2108 439415.1605 177752.1714 0 0 0 0 0 0 
0 0 0 0 0 0 210874.8771 421749.7859 453826.0982 499255.634 456397.4645 475238.8278 453826.2695 442070.5271 439415.4532 427263.3815 492173.8836 466541.0642 467793.535 449941.9316 443392.2117 446023.6386 470288.4434 448639.6078 432706.4482 457677.8257 469042.5571 434056.4739 462763.1938 466540.8725 477694.7683 465284.9377 472769.8416 271520.9365 0 0 0 0 0 0 
0 0 0 0 0 0 260523.586 467793.1834 466540.774 480138.2389 469042.4497 440744.9153 449941.8122 482569.4986 470288.3934 451240.4268 472770.1835 427263.4173 481355.5817 471530.9683 467793.5431 448639.6392 472770.1998 428630.6507 513126.7269 460227.5796 447333.4625 456397.5464 420360.3473 453826.1957 451240.2264 440744.78 461496.8881 253696.4507 0 0 0 0 0 0 
0 0 0 0 0 0 244297.0005 451240.1189 475238.6871 447333.3064 480138.2856 442070.4665 447333.4303 461497.1509 431352.0999 446023.5998 446023.6202 452535.2714 448639.6385 467793.5425 444709.8765 455113.8464 462763.3467 449941.9076 423135.1371 453826.3311 458954.447 435402.3848 489790.3137 466540.8714 456397.4251 444709.5851 451240.1194 264977.297 0 0 0 0 0 0 
0 0 0 0 0 0 221695.9136 462762.9981 424515.44 424515.4817 457677.681 490983.4726 425891.6717 465285.1461 465285.1732 461497.1996 444709.8446 475238.9831 465285.2393 474006.2106 465285.2449 424515.7135 483780.5448 452535.2523 438081.8898 451240.4024 462763.2525 465285.1138 466540.9092 482569.3789 434056.3561 435402.22 458954.184 205250.5266 0 0 0 0 0 0 
0 0 0 0 0 0 132488.6419 460227.2758 413342.0134 443391.957 452535.0659 471530.7877 428630.5401 424515.6256 470288.3851 452535.2206 436744.2369 471530.9413 466541.0673 472770.2003 427263.415 467793.5251 469042.6325 443392.1724 452535.2185 458954.4589 424515.6218 461497.1031 439415.3504 439415.3103 448639.3832 458954.2238 464025.642 152984.7117 0 0 0 0 0 0 
0 0 0 0 0 0 0 417567.0192 476468.2618 440744.8022 462763.1269 466540.8888 444709.7184 476468.4738 439415.4289 431352.0991 452535.2294 483780.5219 446023.617 457677.8688 447333.5257 429993.5428 452535.238 444709.8236 464025.9466 448639.5444 446023.5262 477694.8753 451240.2905 435402.2897 451240.1923 470288.124 431351.8129 0 0 0 0 0 0 0 
0 0 0 0 0 0 0 355504.359 456397.328 457677.6013 471530.7082 438081.733 477694.8524 462763.2154 475238.89 477694.9427 451240.3954 457677.8289 474006.1701 484988.4561 483780.5278 447333.4999 442070.5655 465285.1814 436744.1861 462763.2453 440744.933 449941.7668 449941.7343 448639.3876 460227.3555 423134.8579 322721.616 0 0 0 0 0 0 0 
0 0 0 0 0 0 0 174429.4094 447333.1887 449941.6147 452535.0177 464025.7772 436744.0866 486193.2729 460227.5135 451240.3638 443392.1099 456397.5841 458954.4732 480138.4339 457677.8156 428630.6008 444709.802 458954.4385 425891.6904 453826.2558 455113.6852 488594.2059 498082.3179 470288.1703 469042.3335 456397.3068 160451.7203 0 0 0 0 0 0 0 
0 0 0 0 0 0 0 0 345488.1421 456397.3201 438081.6434 438081.6859 440744.8516 449941.7511 478918.1331 443392.0909 477694.9046 514265.6699 438081.8482 446023.5511 458954.4425 484988.4082 449941.8137 458954.4204 471530.8206 460227.4865 446023.4681 474005.9819 451240.2148 466540.7746 460227.2886 358780.9615 0 0 0 0 0 0 0 0 
0 0 0 0 0 0 0 0 141044.934 446023.28 466540.7339 472769.9191 455113.5912 462763.1362 438081.73 448639.4739 474006.043 472770.0687 469042.5353 460227.5193 436744.1556 447333.4371 461497.1204 446023.5011 481355.4065 448639.4484 456397.444 488594.1515 499255.6052 482569.2394 424515.3675 113456.5057 0 0 0 0 0 0 0 0 
0 0 0 0 0 0 0 0 0 251379.53 471530.5772 465284.9097 471530.6741 480138.2319 465285.0076 443392.0138 466540.8813 453826.2216 456397.5034 448639.485 421749.9667 425891.6197 477694.861 481355.3848 453826.1931 466540.8442 451240.2195 458954.2607 449941.6238 425891.4493 239458.9543 0 0 0 0 0 0 0 0 0 
0 0 0 0 0 0 0 0 0 0 271520.9553 424515.385 432706.1836 447333.2584 465284.9564 457677.6521 467793.3 475238.7706 435402.3165 457677.6937 449941.7368 440744.8677 461497.0347 488594.1682 456397.4353 483780.2747 480138.172 490983.2867 469042.285 286208.1929 0 0 0 0 0 0 0 0 0 0 
0 0 0 0 0 0 0 0 0 0 0 241890.0655 420360.1267 478917.9463 477694.6822 446023.3551 448639.3611 461496.9832 476468.3438 470288.2011 469042.4221 448639.394 448639.38 476468.2961 452534.9821 428630.367 439415.1957 443391.8436 208081.7097 0 0 0 0 0 0 0 0 0 0 0 
0 0 0 0 0 0 0 0 0 0 0 0 132488.6519 377844.3852 434056.2483 440744.7388 456397.3423 435402.222 476468.2927 452534.9848 444709.5759 486193.1255 460227.3513 481355.2349 464025.6449 480138.1056 358780.9418 123340.205 0 0 0 0 0 0 0 0 0 0 0 0 
0 0 0 0 0 0 0 0 0 0 0 0 0 0 156762.6835 353854.6897 424515.3589 436743.9138 464025.6539 464025.6459 446023.3098 446023.3025 451240.0961 429993.2066 343790.4008 141044.94 0 0 0 0 0 0 0 0 0 0 0 0 0 0 
0 0 0 0 0 0 0 0 0 0 0 0 0 0 0 0 0 156762.6812 241890.0895 269357.3885 273667.3722 229477.048 145134.0406 0 0 0 0 0 0 0 0 0 0 0 0 0 0 0 0 0 
0 0 0 0 0 0 0 0 0 0 0 0 0 0 0 0 0 0 0 0 0 0 0 0 0 0 0 0 0 0 0 0 0 0 0 0 0 0 0 0 
0 0 0 0 0 0 0 0 0 0 0 0 0 0 0 0 0 0 0 0 0 0 0 0 0 0 0 0 0 0 0 0 0 0 0 0 0 0 0 0 
0 0 0 0 0 0 0 0 0 0 0 0 0 0 0 0 0 0 0 0 0 0 0 0 0 0 0 0 0 0 0 0 0 0 0 0 0 0 0 0 
0 0 0 0 0 0 0 0 0 0 0 0 0 0 0 0 0 0 0 0 0 0 0 0 0 0 0 0 0 0 0 0 0 0 0 0 0 0 0 0 
0 0 0 0 0 0 0 0 0 0 0 0 0 0 0 0 0 0 0 0 0 0 0 0 0 0 0 0 0 0 0 0 0 0 0 0 0 0 0 0 
0 0 0 0 0 0 0 0 0 0 0 0 0 0 0 0 0 0 0 0 0 0 0 0 0 0 0 0 0 0 0 0 0 0 0 0 0 0 0 0 
# Events [psd_source/PSD_source.dat] N:
0 0 0 0 0 0 0 0 0 0 0 0 0 0 0 0 0 0 0 0 0 0 0 0 0 0 0 0 0 0 0 0 0 0 0 0 0 0 0 0 
0 0 0 0 0 0 0 0 0 0 0 0 0 0 0 0 0 0 0 0 0 0 0 0 0 0 0 0 0 0 0 0 0 0 0 0 0 0 0 0 
0 0 0 0 0 0 0 0 0 0 0 0 0 0 0 0 0 0 0 0 0 0 0 0 0 0 0 0 0 0 0 0 0 0 0 0 0 0 0 0 
0 0 0 0 0 0 0 0 0 0 0 0 0 0 0 0 0 0 0 0 0 0 0 0 0 0 0 0 0 0 0 0 0 0 0 0 0 0 0 0 
0 0 0 0 0 0 0 0 0 0 0 0 0 0 0 0 0 0 0 0 0 0 0 0 0 0 0 0 0 0 0 0 0 0 0 0 0 0 0 0 
0 0 0 0 0 0 0 0 0 0 0 0 0 0 0 0 0 0 0 0 0 0 0 0 0 0 0 0 0 0 0 0 0 0 0 0 0 0 0 0 
0 0 0 0 0 0 0 0 0 0 0 0 0 0 0 0 0 16 43 54 59 47 15 0 0 0 0 0 0 0 0 0 0 0 0 0 0 0 0 0 
0 0 0 0 0 0 0 0 0 0 0 0 0 0 22 93 159 180 173 183 202 195 186 193 100 32 0 0 0 0 0 0 0 0 0 0 0 0 0 0 
0 0 0 0 0 0 0 0 0 0 0 0 15 101 152 178 168 194 180 184 185 184 173 161 164 216 133 18 0 0 0 0 0 0 0 0 0 0 0 0 
0 0 0 0 0 0 0 0 0 0 0 47 157 189 157 179 189 153 199 182 197 182 172 171 183 164 167 161 51 0 0 0 0 0 0 0 0 0 0 0 
0 0 0 0 0 0 0 0 0 0 62 182 170 176 180 169 201 197 164 175 173 180 205 193 192 187 196 201 193 65 0 0 0 0 0 0 0 0 0 0 
0 0 0 0 0 0 0 0 0 51 171 187 167 196 178 196 182 161 203 169 205 167 202 178 197 168 198 197 166 193 49 0 0 0 0 0 0 0 0 0 
0 0 0 0 0 0 0 0 19 164 198 171 159 174 168 187 198 190 180 167 192 192 180 169 169 171 166 169 199 185 157 19 0 0 0 0 0 0 0 0 
0 0 0 0 0 0 0 0 107 164 191 184 193 190 200 206 157 172 174 194 178 164 147 198 185 159 177 191 183 184 184 99 0 0 0 0 0 0 0 0 
0 0 0 0 0 0 0 23 172 207 199 177 183 181 173 188 197 163 148 200 170 168 200 173 190 184 189 179 174 185 158 142 22 0 0 0 0 0 0 0 
0 0 0 0 0 0 0 106 191 176 165 180 180 177 159 165 187 197 155 158 184 179 173 196 157 173 185 163 154 188 205 172 85 0 0 0 0 0 0 0 
0 0 0 0 0 0 0 165 164 167 181 180 184 166 171 156 172 195 180 166 201 196 176 195 174 193 163 184 170 174 206 156 161 0 0 0 0 0 0 0 
0 0 0 0 0 0 20 182 184 174 201 154 171 167 158 188 173 188 188 194 185 177 170 166 170 150 155 174 176 194 184 162 165 27 0 0 0 0 0 0 
0 0 0 0 0 0 38 152 176 213 178 193 176 167 165 156 207 186 187 173 168 170 189 172 160 179 188 161 183 186 195 185 191 63 0 0 0 0 0 0 
0 0 0 0 0 0 58 187 186 197 188 166 173 199 189 174 191 156 198 190 187 172 191 157 225 181 171 178 151 176 174 166 182 55 0 0 0 0 0 0 
0 0 0 0 0 0 51 174 193 171 197 167 171 182 159 170 170 175 172 187 169 177 183 173 153 176 180 162 205 186 178 169 174 60 0 0 0 0 0 0 
0 0 0 0 0 0 42 183 154 154 179 206 155 185 185 182 169 193 185 192 185 154 200 175 164 174 183 185 186 199 161 162 180 36 0 0 0 0 0 0 
0 0 0 0 0 0 15 181 146 168 175 190 157 154 189 175 163 190 186 191 156 187 188 168 175 180 154 182 165 165 172 180 184 20 0 0 0 0 0 0 
0 0 0 0 0 0 0 149 194 166 183 186 169 194 165 159 175 200 170 179 171 158 175 169 184 172 170 195 174 162 174 189 159 0 0 0 0 0 0 0 
0 0 0 0 0 0 0 108 178 179 190 164 195 183 193 195 174 179 192 201 200 171 167 185 163 183 166 173 173 172 181 153 89 0 0 0 0 0 0 0 
0 0 0 0 0 0 0 26 171 173 175 184 163 202 181 174 168 178 180 197 179 157 169 180 155 176 177 204 212 189 188 178 22 0 0 0 0 0 0 0 
0 0 0 0 0 0 0 0 102 178 164 164 166 173 196 168 195 226 164 170 180 201 173 180 190 181 170 192 174 186 181 110 0 0 0 0 0 0 0 0 
0 0 0 0 0 0 0 0 17 170 186 191 177 183 164 172 192 191 188 181 163 171 182 170 198 172 178 204 213 199 154 11 0 0 0 0 0 0 0 0 
0 0 0 0 0 0 0 0 0 54 190 185 190 197 185 168 186 176 178 172 152 155 195 198 176 186 174 180 173 155 49 0 0 0 0 0 0 0 0 0 
0 0 0 0 0 0 0 0 0 0 63 154 160 171 185 179 187 193 162 179 173 166 182 204 178 200 197 206 188 70 0 0 0 0 0 0 0 0 0 0 
0 0 0 0 0 0 0 0 0 0 0 50 151 196 195 170 172 182 194 189 188 172 172 194 175 157 165 168 37 0 0 0 0 0 0 0 0 0 0 0 
0 0 0 0 0 0 0 0 0 0 0 0 15 122 161 166 178 162 194 175 169 202 181 198 184 197 110 13 0 0 0 0 0 0 0 0 0 0 0 0 
0 0 0 0 0 0 0 0 0 0 0 0 0 0 21 107 154 163 184 184 170 170 174 158 101 17 0 0 0 0 0 0 0 0 0 0 0 0 0 0 
0 0 0 0 0 0 0 0 0 0 0 0 0 0 0 0 0 21 50 62 64 45 18 0 0 0 0 0 0 0 0 0 0 0 0 0 0 0 0 0 
0 0 0 0 0 0 0 0 0 0 0 0 0 0 0 0 0 0 0 0 0 0 0 0 0 0 0 0 0 0 0 0 0 0 0 0 0 0 0 0 
0 0 0 0 0 0 0 0 0 0 0 0 0 0 0 0 0 0 0 0 0 0 0 0 0 0 0 0 0 0 0 0 0 0 0 0 0 0 0 0 
0 0 0 0 0 0 0 0 0 0 0 0 0 0 0 0 0 0 0 0 0 0 0 0 0 0 0 0 0 0 0 0 0 0 0 0 0 0 0 0 
0 0 0 0 0 0 0 0 0 0 0 0 0 0 0 0 0 0 0 0 0 0 0 0 0 0 0 0 0 0 0 0 0 0 0 0 0 0 0 0 
0 0 0 0 0 0 0 0 0 0 0 0 0 0 0 0 0 0 0 0 0 0 0 0 0 0 0 0 0 0 0 0 0 0 0 0 0 0 0 0 
0 0 0 0 0 0 0 0 0 0 0 0 0 0 0 0 0 0 0 0 0 0 0 0 0 0 0 0 0 0 0 0 0 0 0 0 0 0 0 0 
