# Format: McCode with text headers
# URL: http://www.mccode.org
# Creator: McStas 2.4.1 - Jun. 26, 2017
# Instrument: MAGiC_elearning.instr
# Ncount: 2500000
# Trace: no
# Gravitation: no
# Seed: 1563291332
# Directory: MAGiC_HR/1
# Nodes: 40
# Param: spectrum=0
# Param: high_res=1
# Param: coll_set=0.3
# Param: sample_rot=10
# Date: Tue Jul 16 10:21:15 2019 (1563265275)
# type: array_1d(101)
# Source: MAGiC_half_polarized (MAGiC_elearning.instr)
# component: L_out
# position: -0.034 -0.674259 159.42
# title: Wavelength monitor
# Ncount: 100000000
# filename: L_out.txt
# statistics: X0=1.43566; dX=0.353132;
# signal: Min=0; Max=2.38706e+07; Mean=4.2811e+06;
# values: 4.32391e+08 1.12317e+06 291520
# xvar: L
# yvar: (I,I_err)
# xlabel: Wavelength [AA]
# ylabel: Intensity
# xlimits: 0.2 6
# variables: L I I_err N
0.2287128713 0 0 0 
0.2861386139 0 0 0 
0.3435643564 2.383819064e-115 2.512765924e-115 9 
0.400990099 5.665062063e-17 5.587528715e-17 1280 
0.4584158416 970.5864937 228.217977 5643 
0.5158415842 50947.96767 3785.479691 9876 
0.5732673267 337376.0389 12451.44973 10040 
0.6306930693 1042457.999 25775.02889 10097 
0.6881188119 2383764.223 48310.8895 10100 
0.7455445545 4474817.095 81039.56165 10215 
0.802970297 6778899.806 116585.6978 9965 
0.8603960396 9762498.865 158850.9062 10150 
0.9178217822 12606329.7 197514.0038 10026 
0.9752475248 15336243.04 231717.6686 9864 
1.032673267 18578801.42 265403.3542 10220 
1.09009901 20411804.54 284238.3797 10011 
1.147524752 22019167.24 297867.1909 10003 
1.204950495 23088543.3 303759.6601 9984 
1.262376238 23465373.42 301389.4056 9930 
1.31980198 23870583.15 298352.0093 9843 
1.377227723 23707697.64 290190.1356 9989 
1.434653465 23510299.25 280504.5208 10010 
1.492079208 22920340 267505.2113 9984 
1.54950495 21961991.22 252028.7141 10036 
1.606930693 21087897.98 237411.7077 10038 
1.664356436 20047973.64 222506.7152 10008 
1.721782178 19253445.29 208726.0648 10122 
1.779207921 17969296.73 193256.1594 9988 
1.836633663 16969889.86 179312.8619 10101 
1.894059406 15539547.07 164097.9231 9872 
1.951485149 14980805.33 153976.4808 10206 
2.008910891 13527022.14 139713.4588 9933 
2.066336634 10950270.18 121339.4533 8386 
2.123762376 4959532.188 75847.10035 4500 
2.181188119 796389.2 25778.23553 1091 
2.238613861 0 0 0 
2.296039604 0 0 0 
2.353465347 0 0 0 
2.410891089 0 0 0 
2.468316832 0 0 0 
2.525742574 0 0 0 
2.583168317 0 0 0 
2.640594059 0 0 0 
2.698019802 0 0 0 
2.755445545 0 0 0 
2.812871287 0 0 0 
2.87029703 0 0 0 
2.927722772 0 0 0 
2.985148515 0 0 0 
3.042574257 0 0 0 
3.1 0 0 0 
3.157425743 0 0 0 
3.214851485 0 0 0 
3.272277228 0 0 0 
3.32970297 0 0 0 
3.387128713 0 0 0 
3.444554455 0 0 0 
3.501980198 0 0 0 
3.559405941 0 0 0 
3.616831683 0 0 0 
3.674257426 0 0 0 
3.731683168 0 0 0 
3.789108911 0 0 0 
3.846534653 0 0 0 
3.903960396 0 0 0 
3.961386139 0 0 0 
4.018811881 0 0 0 
4.076237624 0 0 0 
4.133663366 0 0 0 
4.191089109 0 0 0 
4.248514851 0 0 0 
4.305940594 0 0 0 
4.363366337 0 0 0 
4.420792079 0 0 0 
4.478217822 0 0 0 
4.535643564 0 0 0 
4.593069307 0 0 0 
4.65049505 0 0 0 
4.707920792 0 0 0 
4.765346535 0 0 0 
4.822772277 0 0 0 
4.88019802 0 0 0 
4.937623762 0 0 0 
4.995049505 0 0 0 
5.052475248 0 0 0 
5.10990099 0 0 0 
5.167326733 0 0 0 
5.224752475 0 0 0 
5.282178218 0 0 0 
5.33960396 0 0 0 
5.397029703 0 0 0 
5.454455446 0 0 0 
5.511881188 0 0 0 
5.569306931 0 0 0 
5.626732673 0 0 0 
5.684158416 0 0 0 
5.741584158 0 0 0 
5.799009901 0 0 0 
5.856435644 0 0 0 
5.913861386 0 0 0 
5.971287129 0 0 0 
