# Format: McCode with text headers
# URL: http://www.mccode.org
# Creator: McStas 2.5 - Dec. 12, 2018
# Instrument: ESS_HEIMDAL.instr
# Ncount: 25000
# Trace: no
# Gravitation: no
# Seed: 1565850412
# Directory: TemperatureScan/0
# Nodes: 4
# Param: lmax=4
# Param: lmin=0.5
# Param: T=10
# Param: tau=0
# Param: use_CoFe2O4=1
# Param: use_CoFe=1
# Param: use_magn=1
# Date: Wed Aug 14 12:13:12 2019 (1565777592)
# type: array_2d(40, 40)
# Source: ESS_HEIMDAL (ESS_HEIMDAL.instr)
# component: psd_source
# position: 0 0 0.01
# title: PSD monitor
# Ncount: 100000
# filename: PSD_source.dat
# statistics: X0=0.000472503; dX=5.01144; Y0=-0.0186075; dY=4.9986;
# signal: Min=0; Max=7.62848e+06; Mean=2.13803e+06;
# values: 3.42084e+09 1.08177e+07 100000
# xvar: X 
# yvar: Y 
# xlabel: X position [cm]
# ylabel: Y position [cm]
# zvar: I
# zlabel: Signal per bin
# xylimits: -15 15 -15 15
# variables: I I_err N
# Data [psd_source/PSD_source.dat] I:
0 0 0 0 0 0 0 0 0 0 0 0 0 0 0 0 0 0 0 0 0 0 0 0 0 0 0 0 0 0 0 0 0 0 0 0 0 0 0 0 
0 0 0 0 0 0 0 0 0 0 0 0 0 0 0 0 0 0 0 0 0 0 0 0 0 0 0 0 0 0 0 0 0 0 0 0 0 0 0 0 
0 0 0 0 0 0 0 0 0 0 0 0 0 0 0 0 0 0 0 0 0 0 0 0 0 0 0 0 0 0 0 0 0 0 0 0 0 0 0 0 
0 0 0 0 0 0 0 0 0 0 0 0 0 0 0 0 0 0 0 0 0 0 0 0 0 0 0 0 0 0 0 0 0 0 0 0 0 0 0 0 
0 0 0 0 0 0 0 0 0 0 0 0 0 0 0 0 0 0 0 0 0 0 0 0 0 0 0 0 0 0 0 0 0 0 0 0 0 0 0 0 
0 0 0 0 0 0 0 0 0 0 0 0 0 0 0 0 0 0 0 0 0 0 0 0 0 0 0 0 0 0 0 0 0 0 0 0 0 0 0 0 
0 0 0 0 0 0 0 0 0 0 0 0 0 0 0 0 0 786793.7108 1744629.411 2086713.703 2428798.05 1505170.567 307875.7904 0 0 0 0 0 0 0 0 0 0 0 0 0 0 0 0 0 
0 0 0 0 0 0 0 0 0 0 0 0 0 0 855210.5559 2976133.031 5404930.877 6260141.716 5404930.924 6670642.785 6396975.558 5918057.611 6328558.439 5097055.386 4378678.11 1231503.211 0 0 0 0 0 0 0 0 0 0 0 0 0 0 
0 0 0 0 0 0 0 0 0 0 0 0 615751.4995 4412886.739 6089099.254 6020683.005 6362767.554 6123308.579 6499601.408 5712807.86 5610182.476 6294350.827 5849641.282 6054891.57 5575973.532 6191725.083 3489259.195 649959.9454 0 0 0 0 0 0 0 0 0 0 0 0 
0 0 0 0 0 0 0 0 0 0 0 1539378.968 5131263.767 5678598.786 5883849.625 5918058.231 5541765.871 5678599.864 5952267.384 6157517.9 6294351.678 6225934.714 6225934.604 6362768.232 5849641.516 5815433.065 5610181.746 5644389.844 2018296.893 0 0 0 0 0 0 0 0 0 0 0 
0 0 0 0 0 0 0 0 0 0 2326172.691 6260141.549 6533809.534 5747016.274 6260143.066 6670644.477 6225935.369 6054893.164 5028640.198 5781225.599 7012729.369 6089101.647 6636436.395 6807478.511 5747016.814 6157517.581 5610182.331 5439139.972 6225933.152 2291964.326 0 0 0 0 0 0 0 0 0 0 
0 0 0 0 0 0 0 0 0 1915671.806 5507556.489 5575973.561 5747016.368 5952267.032 5849642.428 6396977.504 6157518.821 5781225.874 5439141.782 5952268.508 6499603.459 5712809.32 6020685.305 6773270.462 6225935.443 6465394.119 5268098.732 6328559.544 6533809.506 6089099.565 1915671.652 0 0 0 0 0 0 0 0 0 
0 0 0 0 0 0 0 0 478917.9337 5918057.281 5097055.568 6191725.881 6396976.921 7286396.775 6054893.446 5849643.049 6396978.286 6499603.902 6533812.372 6123311.238 6875897.119 6123311.239 7525857.151 6020685.553 6362769.604 6465394.572 6875895.252 6260143.211 5097056.039 5849641.11 5610181.472 444709.4863 0 0 0 0 0 0 0 0 
0 0 0 0 0 0 0 0 4378678.217 6841685.04 6089100.463 6362768.267 6294352.134 6260144.119 6944313.278 6157519.353 6978522.251 6225936.791 5781227.123 6396979.12 6020686.387 5849643.937 5883852.451 6225936.658 6054894.129 6431186.883 6739062.215 6123309.945 5439140.731 5028639.032 6499600.946 3386633.837 0 0 0 0 0 0 0 0 
0 0 0 0 0 0 0 855210.5727 6054891.128 6020683.313 6944311.609 6020684.362 6225935.551 5986476.884 5473350.629 5918060.655 5883852.532 5370725.851 6260145.701 6396979.458 6602230.311 5678602.09 6568021.616 6396979.238 6054894.483 6944313.663 5918060.137 5918059.716 6704853.214 5781224.962 5883849.622 6636434.379 855210.5241 0 0 0 0 0 0 0 
0 0 0 0 0 0 0 3318217.057 6260141.866 5883849.993 5644391.484 5336516.031 5268099.568 7252189.573 6020686.042 5131266.687 6841689.346 6294354.252 5644393.891 6294354.448 5712810.995 5883853.136 5268100.886 5952269.754 6260145.418 6568021.069 5849643.42 6568020.295 5575975.118 6157517.986 5952266.804 6944310.466 3112966.509 0 0 0 0 0 0 0 
0 0 0 0 0 0 0 5918057.238 6773268.657 6704852.568 5678600.167 5952268.157 6602228.944 6875896.987 6396979.236 5918061.162 6944314.918 6157520.761 6260146.291 5473351.953 7115357.615 5678602.577 5610185.558 6499605.111 5952269.711 5815435.611 6328561.858 5952268.618 5541766.897 6089101.318 6670644.073 6328559.151 5439139.388 0 0 0 0 0 0 0 
0 0 0 0 0 0 889418.9572 5815432.057 5883849.648 5883850.304 5370724.423 6704853.954 6602229.131 6328562.058 6191728.617 6670647.245 6225937.666 5815436.483 5097059.123 6260146.547 7115357.848 6602230.949 6328563.237 5473351.798 6465396.656 6362770.883 5062849.641 6294353.23 6568020.176 6568019.665 6191726.277 6020683.351 6396975.412 649959.9985 0 0 0 0 0 0 
0 0 0 0 0 0 1847254.786 7115352.358 5986475.122 5883850.44 6465394.433 6089102.225 6328561.795 6157519.967 5918061.262 5849644.677 6191729.364 6294354.926 6739064.918 6054895.954 5986479.03 6054895.827 6225938.002 6260146.302 7628483.971 6568021.711 6328562.271 6602229.261 6602228.767 6328560.723 6054892.585 6157517.223 6294350.211 1299920.036 0 0 0 0 0 0 
0 0 0 0 0 0 1710421.136 5747015.426 5849641.432 6123309.485 5781225.778 6157519.135 6157519.614 6328562.261 6431188.037 5507560.208 6089104.071 6362771.871 5644394.504 6533814.333 6020687.56 6670648.078 5644394.398 6123312.528 6191729.153 6260145.747 6089103.162 6191728.048 5302308.144 5918059.545 6328560.131 6431184.721 6020682.836 1676212.686 0 0 0 0 0 0 
0 0 0 0 0 0 2565631.684 5849640.72 6123308.871 6362768.593 5712808.886 6123310.664 6191728.058 6568021.391 6499604.892 6020686.956 6020687.17 5644394.412 6396980.456 6260146.716 5986479.091 6020687.487 6294354.957 5849644.95 6670647.458 6328562.687 5952269.395 6910105.388 6362769.758 6157518.582 5815433.636 6089100.382 5849640.751 2155130.592 0 0 0 0 0 0 
0 0 0 0 0 0 1676212.707 5815432.218 6123308.815 5644391.426 6465394.417 6875896.279 6123311.09 6670646.64 6568021.701 5883853.063 6944315.192 5849645.057 6362771.959 6602231.113 6225938.2 6602231.087 6054895.738 6294354.708 6260146.014 6123311.905 6157520.011 6054894.203 5883851.546 6020684.753 6328560.03 5644390.789 6191724.901 1436753.748 0 0 0 0 0 0 
0 0 0 0 0 0 649960.0368 5610181.521 6807477.21 5918058.776 5918059.353 6123310.526 5918060.423 6396978.975 6465396.199 6328562.797 5507560.278 5678602.737 5541768.984 5131267.619 5131267.615 5575977.451 6636439.284 6020686.994 6670647.302 6328562.451 5781226.941 6328561.652 6089102.093 6294352.211 6739061.088 6465393.035 5575973.199 547334.7506 0 0 0 0 0 0 
0 0 0 0 0 0 0 4891804.555 6875893.808 6294351.366 7012729.033 6807479.125 5815434.852 6089102.773 6157520.07 5781227.429 5781227.635 6362771.488 5644394.163 5815436.547 5952270.295 6260146.289 5781227.895 6773272.687 6362771.026 6465396.12 5233891.754 5918060.193 6328561.013 5952267.691 6670644.055 5268097.825 5507556.143 0 0 0 0 0 0 0 
0 0 0 0 0 0 0 3284008.554 6020682.937 6054892.013 6123309.498 5507558.168 6294352.802 6089102.575 6499604.296 5404934.303 5986478.097 5918061.388 5849644.607 5815436.21 6225937.625 5849644.685 4754974.27 6157520.381 6739063.555 6328562.057 6431186.892 5336516.547 6191726.912 6362768.494 5952266.749 6431184.054 3215591.78 0 0 0 0 0 0 0 
0 0 0 0 0 0 0 786793.6884 5986474.27 5781224.233 6362768.228 6157518.348 5541766.912 6704854.05 5781226.667 5815435.294 5302308.929 5781227.317 5097058.563 5370726.257 6225937.383 5883852.958 6431187.884 5747018.797 6499604.259 6739063.086 5336516.521 5952268.033 6157518.189 5781224.9 4891805.178 7046935.418 1026252.676 0 0 0 0 0 0 0 
0 0 0 0 0 0 0 0 4344469.652 5747015.48 6054892.04 6533810.564 6670644.86 5370724.786 5575975.689 6465395.489 5370725.485 6191728.352 6191728.398 6123311.625 5918061.167 6431187.621 6704854.898 6294353.322 6807479.686 5336516.607 5918059.739 5302307.525 6670644.359 5439140.428 5747015.517 4002385.431 0 0 0 0 0 0 0 0 
0 0 0 0 0 0 0 0 171042.1001 5644390.016 6978519.098 6294351.239 5473349.319 6602227.933 6431186.28 5781226.334 5404933.373 6465395.49 6089102.68 6636437.914 5439142.36 6807479.984 6020685.776 5336516.597 6054893.615 6123310.268 6225935.284 6875894.98 6499601.707 5644390.538 6431183.8 513126.3193 0 0 0 0 0 0 0 0 
0 0 0 0 0 0 0 0 0 1847254.841 5404931.026 7149561.346 6875894.26 5883850.529 6533811.043 5541766.559 6191727.195 5678600.718 5439141.846 6670645.679 5952268.411 6260144.499 5439141.772 6020684.984 6054893.22 6123309.773 5781225.006 7115353.546 7046936.134 6396975.255 1710421.2 0 0 0 0 0 0 0 0 0 
0 0 0 0 0 0 0 0 0 0 2223547.504 5507556.115 6054891.621 5747016.132 6089100.879 5404932.55 5918059.214 5747017.222 5986476.448 6089101.838 6431186.171 6260143.748 5918059.353 6294351.827 6328560.053 5678599.415 5199681.265 6294350.647 6431183.367 2291964.295 0 0 0 0 0 0 0 0 0 0 
0 0 0 0 0 0 0 0 0 0 0 1813046.456 5918057.209 5233889.341 6875894.203 6978519.807 6636435.769 5678599.787 5575974.82 6533810.493 6944311.755 6260143.292 5541766.037 5644391.012 6328559.405 5883849.829 6739059.928 5165471.816 1299920.058 0 0 0 0 0 0 0 0 0 0 0 
0 0 0 0 0 0 0 0 0 0 0 0 307875.8174 3489259.114 5439139.414 6191725.146 5747015.643 6773268.936 6533810.04 6294351.028 5849641.616 5644391.011 5849641.348 5849641.148 6191725.096 6157516.215 3455050.732 752585.278 0 0 0 0 0 0 0 0 0 0 0 0 
0 0 0 0 0 0 0 0 0 0 0 0 0 0 752585.261 3249800.289 4926012.897 6054891.24 5712806.941 5986474.23 6875893.742 6260141.739 6089099.565 5747014.883 3284008.552 718376.8377 0 0 0 0 0 0 0 0 0 0 0 0 0 0 
0 0 0 0 0 0 0 0 0 0 0 0 0 0 0 0 0 718376.8882 1436753.565 2155130.55 1847254.87 1710421.096 821002.0468 0 0 0 0 0 0 0 0 0 0 0 0 0 0 0 0 0 
0 0 0 0 0 0 0 0 0 0 0 0 0 0 0 0 0 0 0 0 0 0 0 0 0 0 0 0 0 0 0 0 0 0 0 0 0 0 0 0 
0 0 0 0 0 0 0 0 0 0 0 0 0 0 0 0 0 0 0 0 0 0 0 0 0 0 0 0 0 0 0 0 0 0 0 0 0 0 0 0 
0 0 0 0 0 0 0 0 0 0 0 0 0 0 0 0 0 0 0 0 0 0 0 0 0 0 0 0 0 0 0 0 0 0 0 0 0 0 0 0 
0 0 0 0 0 0 0 0 0 0 0 0 0 0 0 0 0 0 0 0 0 0 0 0 0 0 0 0 0 0 0 0 0 0 0 0 0 0 0 0 
0 0 0 0 0 0 0 0 0 0 0 0 0 0 0 0 0 0 0 0 0 0 0 0 0 0 0 0 0 0 0 0 0 0 0 0 0 0 0 0 
0 0 0 0 0 0 0 0 0 0 0 0 0 0 0 0 0 0 0 0 0 0 0 0 0 0 0 0 0 0 0 0 0 0 0 0 0 0 0 0 
# Errors [psd_source/PSD_source.dat] I_err:
0 0 0 0 0 0 0 0 0 0 0 0 0 0 0 0 0 0 0 0 0 0 0 0 0 0 0 0 0 0 0 0 0 0 0 0 0 0 0 0 
0 0 0 0 0 0 0 0 0 0 0 0 0 0 0 0 0 0 0 0 0 0 0 0 0 0 0 0 0 0 0 0 0 0 0 0 0 0 0 0 
0 0 0 0 0 0 0 0 0 0 0 0 0 0 0 0 0 0 0 0 0 0 0 0 0 0 0 0 0 0 0 0 0 0 0 0 0 0 0 0 
0 0 0 0 0 0 0 0 0 0 0 0 0 0 0 0 0 0 0 0 0 0 0 0 0 0 0 0 0 0 0 0 0 0 0 0 0 0 0 0 
0 0 0 0 0 0 0 0 0 0 0 0 0 0 0 0 0 0 0 0 0 0 0 0 0 0 0 0 0 0 0 0 0 0 0 0 0 0 0 0 
0 0 0 0 0 0 0 0 0 0 0 0 0 0 0 0 0 0 0 0 0 0 0 0 0 0 0 0 0 0 0 0 0 0 0 0 0 0 0 0 
0 0 0 0 0 0 0 0 0 0 0 0 0 0 0 0 0 164057.8296 244296.9819 267176.3118 288245.2977 226913.0007 102625.2635 0 0 0 0 0 0 0 0 0 0 0 0 0 0 0 0 0 
0 0 0 0 0 0 0 0 0 0 0 0 0 0 171042.1112 319074.9528 429993.213 462762.9916 429993.2167 477694.6518 467793.1824 449941.5883 465284.8701 417567.0473 387024.123 205250.5352 0 0 0 0 0 0 0 0 0 0 0 0 0 0 
0 0 0 0 0 0 0 0 0 0 0 0 145134.0203 388533.0129 456397.2848 453826.057 466540.7527 457677.5716 471530.6457 442070.3445 438081.651 464025.6993 447333.2492 455113.5198 436743.9538 460227.3009 345488.1418 149111.0379 0 0 0 0 0 0 0 0 0 0 0 0 
0 0 0 0 0 0 0 0 0 0 0 229477.0677 418965.9322 440744.7433 448639.3279 449941.6354 435402.2474 440744.827 451240.2258 458954.2866 464025.7621 461496.9852 461496.9771 466540.8024 447333.2671 446023.3556 438081.5941 439415.1534 262759.8745 0 0 0 0 0 0 0 0 0 0 0 
0 0 0 0 0 0 0 0 0 0 282089.8737 462762.9792 472769.8655 443391.9317 462763.0914 477694.7729 461497.0338 455113.6397 414755.2532 444709.6615 489790.2648 456397.4642 476468.3654 482569.357 443391.9734 458954.2628 438081.6397 431351.858 461496.8695 280008.0082 0 0 0 0 0 0 0 0 0 0 
0 0 0 0 0 0 0 0 0 255992.413 434056.2582 436743.956 443391.939 451240.1992 447333.3368 467793.3246 458954.3552 444709.6827 431352.0015 451240.3111 471530.7945 442070.4575 453826.2304 481355.3715 461497.0393 470288.2214 424515.4935 465284.9513 472769.8634 456397.3081 255992.3924 0 0 0 0 0 0 0 0 0 
0 0 0 0 0 0 0 0 127996.2017 449941.5632 417567.0622 460227.3603 467793.282 499255.6805 455113.6609 447333.3844 467793.3818 471530.8266 472770.0708 457677.7703 484988.3888 457677.7704 507393.1856 453826.2491 466540.903 470288.2544 484988.2571 462763.1021 417567.1008 447333.2361 438081.5727 123340.2197 0 0 0 0 0 0 0 0 
0 0 0 0 0 0 0 0 387024.1325 483780.1887 456397.3754 466540.8049 464025.7957 462763.1692 487395.2428 458954.3949 488594.2862 461497.1392 444709.7787 467793.4428 453826.312 447333.4522 448639.5434 461497.1294 455113.7122 469042.51 480138.3025 457677.6737 431351.9182 414755.157 471530.6122 340369.5073 0 0 0 0 0 0 0 0 
0 0 0 0 0 0 0 171042.1145 455113.4866 453826.0803 487395.1256 453826.1593 461497.0473 452535.1161 432706.3605 449941.8197 448639.5496 428630.5862 462763.2861 467793.4675 475238.9368 440744.9997 474006.131 467793.4514 455113.7388 487395.2698 449941.7804 449941.7483 478918.0867 444709.6125 448639.3277 476468.2206 171042.1048 0 0 0 0 0 0 0 
0 0 0 0 0 0 0 336913.8964 462763.0027 448639.356 439415.2811 427263.2299 424515.5608 498082.4248 453826.2859 418966.1706 483780.4931 464025.9518 439415.4685 464025.9663 442070.5871 448639.5957 424515.667 451240.4056 462763.2652 474006.0915 447333.4127 474006.0356 436744.078 458954.293 451240.1819 487395.0454 326327.5589 0 0 0 0 0 0 0 
0 0 0 0 0 0 0 449941.5599 481355.2433 478918.0406 440744.8505 451240.2845 475238.8384 484988.3795 467793.4513 449941.8582 487395.3579 458954.4998 462763.3297 432706.4652 493361.2831 440745.0375 438081.8918 471530.9143 451240.4023 446023.5508 465285.1215 451240.3194 435402.328 456397.4395 477694.744 465284.9225 431351.8117 0 0 0 0 0 0 0 
0 0 0 0 0 0 174429.4084 446023.2783 448639.3297 448639.3797 428630.4722 478918.1396 475238.8518 465285.1362 460227.5636 477694.9712 461497.204 446023.6178 417567.3535 462763.3487 493361.2993 475238.9827 465285.2229 432706.4529 470288.4059 466540.9968 416163.6769 464025.8765 474006.0271 474005.9902 460227.3897 453826.0831 467793.1717 149111.05 0 0 0 0 0 0 
0 0 0 0 0 0 251379.5362 493360.9187 452534.9829 448639.3901 470288.2442 456397.5076 465285.1169 458954.4407 449941.8659 447333.5088 460227.6191 464026.0015 480138.4951 455113.8494 452535.2784 455113.8399 461497.229 462763.3305 510841.0707 474006.1379 465285.1519 475238.8612 475238.8256 465285.038 455113.5961 458954.2361 464025.6539 210874.8756 0 0 0 0 0 0 
0 0 0 0 0 0 241890.0768 443391.8663 447333.2607 457677.6393 444709.6752 458954.3786 458954.4143 465285.1511 469042.5941 434056.5513 456397.6459 466541.0692 439415.5162 472770.2127 453826.4004 477695.0308 439415.5079 457677.8667 460227.6035 462763.2895 456397.5777 460227.5213 425891.6389 449941.7353 465284.9945 469042.3523 453826.0443 239458.9552 0 0 0 0 0 0 
0 0 0 0 0 0 296253.6287 447333.2062 457677.5934 466540.8289 442070.4239 457677.7274 460227.5221 474006.1148 471530.8984 453826.3548 453826.371 439415.509 467793.5406 462763.3612 452535.2829 453826.3949 464026.0038 447333.5297 477694.9864 465285.1824 451240.3783 486193.3185 466540.9143 458954.3374 446023.3994 456397.3694 447333.2086 271520.9328 0 0 0 0 0 0 
0 0 0 0 0 0 239458.9581 446023.2907 457677.5892 439415.2766 470288.2431 484988.3295 457677.7592 477694.9278 474006.1371 448639.5901 487395.3771 447333.5379 466541.0757 475238.9945 461497.2436 475238.9927 455113.8331 464025.9854 462763.3093 457677.8202 458954.4439 455113.7178 448639.4744 453826.1888 465284.9871 439415.2269 460227.2874 221695.9163 0 0 0 0 0 0 
0 0 0 0 0 0 149111.0588 438081.5765 482569.2647 449941.6768 449941.7207 457677.7171 449941.8021 467793.4322 470288.3727 465285.1905 434056.5568 440745.05 435402.492 418966.2467 418966.2463 436744.2607 476468.5728 453826.3577 477694.9753 465285.1651 444709.7647 465285.1063 456397.4976 464025.8014 480138.2222 470288.1425 436743.9277 136833.6877 0 0 0 0 0 0 
0 0 0 0 0 0 0 409073.2473 484988.1552 464025.739 489790.2413 482569.4005 446023.4926 456397.5486 458954.4483 444709.8022 444709.8181 466541.0411 439415.4896 446023.6227 451240.4465 462763.3296 444709.8381 481355.5297 466541.0073 470288.367 423135.0693 449941.7846 465285.0594 451240.2492 477694.7427 424515.4204 434056.2309 0 0 0 0 0 0 0 
0 0 0 0 0 0 0 335172.7195 453826.0519 455113.5531 457677.6403 434056.3905 464025.8449 456397.5338 471530.8552 429993.4855 452535.2078 449941.8755 447333.5035 446023.5968 461497.201 447333.5094 403311.6537 458954.4715 480138.398 465285.1361 469042.5107 427263.2713 460227.4369 466540.8216 451240.1777 469042.3037 331662.9681 0 0 0 0 0 0 0 
0 0 0 0 0 0 0 164057.8249 452534.9185 444709.5564 466540.8021 458954.32 435402.3293 478918.1464 444709.7436 446023.5266 425891.702 444709.7936 417567.3075 428630.6186 461497.1831 448639.5821 469042.583 443392.1263 471530.8525 480138.3646 427263.2691 451240.275 458954.3081 444709.6077 409073.2995 490983.2556 187367.2469 0 0 0 0 0 0 0 
0 0 0 0 0 0 0 0 385509.3426 443391.8704 455113.5552 472769.94 477694.8004 428630.5012 436744.1227 470288.321 428630.5569 460227.5439 460227.5473 457677.7992 449941.8587 469042.5638 478918.207 464025.8833 482569.4403 427263.276 449941.7501 425891.5892 477694.7645 431351.8942 443391.8733 370020.664 0 0 0 0 0 0 0 0 
0 0 0 0 0 0 0 0 76492.35259 439415.1668 488594.0654 464025.7297 432706.257 475238.7656 469042.466 444709.718 429993.4115 470288.3211 456397.5416 476468.4744 431352.0474 482569.4614 453826.2659 427263.2752 455113.6735 457677.6978 461497.0275 484988.2379 471530.6674 439415.2074 469042.2852 132488.6459 0 0 0 0 0 0 0 0 
0 0 0 0 0 0 0 0 0 251379.5436 429993.2248 494545.4993 484988.1871 448639.3969 472769.9746 435402.3015 460227.4579 440744.8933 431352.0066 477694.859 451240.3037 462763.1973 431352.0007 453826.2062 455113.6439 457677.6608 444709.6159 493361.001 490983.3054 467793.1602 241890.0858 0 0 0 0 0 0 0 0 0 
0 0 0 0 0 0 0 0 0 0 275797.1245 434056.2287 455113.5237 443391.9208 456397.4066 429993.346 449941.7101 443392.0049 452535.0832 456397.4785 469042.458 462763.1418 449941.7207 464025.773 465284.9888 440744.7921 421749.8421 464025.6861 469042.2536 280008.0044 0 0 0 0 0 0 0 0 0 0 
0 0 0 0 0 0 0 0 0 0 0 249041.0836 449941.5577 423134.8742 484988.1831 488594.1151 476468.3204 440744.821 436744.0547 472769.9349 487395.1358 462763.108 435402.2605 439415.2443 465284.9411 448639.3435 480138.1395 420360.1348 210874.8791 0 0 0 0 0 0 0 0 0 0 0 
0 0 0 0 0 0 0 0 0 0 0 0 102625.2725 345488.1339 431351.8137 460227.3056 443391.883 481355.263 472769.9021 464025.7141 447333.2747 439415.2442 447333.2542 447333.239 460227.3019 458954.161 343790.3972 160451.7204 0 0 0 0 0 0 0 0 0 0 0 0 
0 0 0 0 0 0 0 0 0 0 0 0 0 0 160451.7168 333422.4745 410501.0747 455113.4951 442070.2734 452534.9155 484988.1506 462762.9933 456397.3082 443391.8244 335172.7193 156762.6779 0 0 0 0 0 0 0 0 0 0 0 0 0 0 
0 0 0 0 0 0 0 0 0 0 0 0 0 0 0 0 0 156762.6889 221695.8881 271520.9276 251379.5476 241890.0712 167586.341 0 0 0 0 0 0 0 0 0 0 0 0 0 0 0 0 0 
0 0 0 0 0 0 0 0 0 0 0 0 0 0 0 0 0 0 0 0 0 0 0 0 0 0 0 0 0 0 0 0 0 0 0 0 0 0 0 0 
0 0 0 0 0 0 0 0 0 0 0 0 0 0 0 0 0 0 0 0 0 0 0 0 0 0 0 0 0 0 0 0 0 0 0 0 0 0 0 0 
0 0 0 0 0 0 0 0 0 0 0 0 0 0 0 0 0 0 0 0 0 0 0 0 0 0 0 0 0 0 0 0 0 0 0 0 0 0 0 0 
0 0 0 0 0 0 0 0 0 0 0 0 0 0 0 0 0 0 0 0 0 0 0 0 0 0 0 0 0 0 0 0 0 0 0 0 0 0 0 0 
0 0 0 0 0 0 0 0 0 0 0 0 0 0 0 0 0 0 0 0 0 0 0 0 0 0 0 0 0 0 0 0 0 0 0 0 0 0 0 0 
0 0 0 0 0 0 0 0 0 0 0 0 0 0 0 0 0 0 0 0 0 0 0 0 0 0 0 0 0 0 0 0 0 0 0 0 0 0 0 0 
# Events [psd_source/PSD_source.dat] N:
0 0 0 0 0 0 0 0 0 0 0 0 0 0 0 0 0 0 0 0 0 0 0 0 0 0 0 0 0 0 0 0 0 0 0 0 0 0 0 0 
0 0 0 0 0 0 0 0 0 0 0 0 0 0 0 0 0 0 0 0 0 0 0 0 0 0 0 0 0 0 0 0 0 0 0 0 0 0 0 0 
0 0 0 0 0 0 0 0 0 0 0 0 0 0 0 0 0 0 0 0 0 0 0 0 0 0 0 0 0 0 0 0 0 0 0 0 0 0 0 0 
0 0 0 0 0 0 0 0 0 0 0 0 0 0 0 0 0 0 0 0 0 0 0 0 0 0 0 0 0 0 0 0 0 0 0 0 0 0 0 0 
0 0 0 0 0 0 0 0 0 0 0 0 0 0 0 0 0 0 0 0 0 0 0 0 0 0 0 0 0 0 0 0 0 0 0 0 0 0 0 0 
0 0 0 0 0 0 0 0 0 0 0 0 0 0 0 0 0 0 0 0 0 0 0 0 0 0 0 0 0 0 0 0 0 0 0 0 0 0 0 0 
0 0 0 0 0 0 0 0 0 0 0 0 0 0 0 0 0 23 51 61 71 44 9 0 0 0 0 0 0 0 0 0 0 0 0 0 0 0 0 0 
0 0 0 0 0 0 0 0 0 0 0 0 0 0 25 87 158 183 158 195 187 173 185 149 128 36 0 0 0 0 0 0 0 0 0 0 0 0 0 0 
0 0 0 0 0 0 0 0 0 0 0 0 18 129 178 176 186 179 190 167 164 184 171 177 163 181 102 19 0 0 0 0 0 0 0 0 0 0 0 0 
0 0 0 0 0 0 0 0 0 0 0 45 150 166 172 173 162 166 174 180 184 182 182 186 171 170 164 165 59 0 0 0 0 0 0 0 0 0 0 0 
0 0 0 0 0 0 0 0 0 0 68 183 191 168 183 195 182 177 147 169 205 178 194 199 168 180 164 159 182 67 0 0 0 0 0 0 0 0 0 0 
0 0 0 0 0 0 0 0 0 56 161 163 168 174 171 187 180 169 159 174 190 167 176 198 182 189 154 185 191 178 56 0 0 0 0 0 0 0 0 0 
0 0 0 0 0 0 0 0 14 173 149 181 187 213 177 171 187 190 191 179 201 179 220 176 186 189 201 183 149 171 164 13 0 0 0 0 0 0 0 0 
0 0 0 0 0 0 0 0 128 200 178 186 184 183 203 180 204 182 169 187 176 171 172 182 177 188 197 179 159 147 190 99 0 0 0 0 0 0 0 0 
0 0 0 0 0 0 0 25 177 176 203 176 182 175 160 173 172 157 183 187 193 166 192 187 177 203 173 173 196 169 172 194 25 0 0 0 0 0 0 0 
0 0 0 0 0 0 0 97 183 172 165 156 154 212 176 150 200 184 165 184 167 172 154 174 183 192 171 192 163 180 174 203 91 0 0 0 0 0 0 0 
0 0 0 0 0 0 0 173 198 196 166 174 193 201 187 173 203 180 183 160 208 166 164 190 174 170 185 174 162 178 195 185 159 0 0 0 0 0 0 0 
0 0 0 0 0 0 26 170 172 172 157 196 193 185 181 195 182 170 149 183 208 193 185 160 189 186 148 184 192 192 181 176 187 19 0 0 0 0 0 0 
0 0 0 0 0 0 54 208 175 172 189 178 185 180 173 171 181 184 197 177 175 177 182 183 223 192 185 193 193 185 177 180 184 38 0 0 0 0 0 0 
0 0 0 0 0 0 50 168 171 179 169 180 180 185 188 161 178 186 165 191 176 195 165 179 181 183 178 181 155 173 185 188 176 49 0 0 0 0 0 0 
0 0 0 0 0 0 75 171 179 186 167 179 181 192 190 176 176 165 187 183 175 176 184 171 195 185 174 202 186 180 170 178 171 63 0 0 0 0 0 0 
0 0 0 0 0 0 49 170 179 165 189 201 179 195 192 172 203 171 186 193 182 193 177 184 183 179 180 177 172 176 185 165 181 42 0 0 0 0 0 0 
0 0 0 0 0 0 19 164 199 173 173 179 173 187 189 185 161 166 162 150 150 163 194 176 195 185 169 185 178 184 197 189 163 16 0 0 0 0 0 0 
0 0 0 0 0 0 0 143 201 184 205 199 170 178 180 169 169 186 165 170 174 183 169 198 186 189 153 173 185 174 195 154 161 0 0 0 0 0 0 0 
0 0 0 0 0 0 0 96 176 177 179 161 184 178 190 158 175 173 171 170 182 171 139 180 197 185 188 156 181 186 174 188 94 0 0 0 0 0 0 0 
0 0 0 0 0 0 0 23 175 169 186 180 162 196 169 170 155 169 149 157 182 172 188 168 190 197 156 174 180 169 143 206 30 0 0 0 0 0 0 0 
0 0 0 0 0 0 0 0 127 168 177 191 195 157 163 189 157 181 181 179 173 188 196 184 199 156 173 155 195 159 168 117 0 0 0 0 0 0 0 0 
0 0 0 0 0 0 0 0 5 165 204 184 160 193 188 169 158 189 178 194 159 199 176 156 177 179 182 201 190 165 188 15 0 0 0 0 0 0 0 0 
0 0 0 0 0 0 0 0 0 54 158 209 201 172 191 162 181 166 159 195 174 183 159 176 177 179 169 208 206 187 50 0 0 0 0 0 0 0 0 0 
0 0 0 0 0 0 0 0 0 0 65 161 177 168 178 158 173 168 175 178 188 183 173 184 185 166 152 184 188 67 0 0 0 0 0 0 0 0 0 0 
0 0 0 0 0 0 0 0 0 0 0 53 173 153 201 204 194 166 163 191 203 183 162 165 185 172 197 151 38 0 0 0 0 0 0 0 0 0 0 0 
0 0 0 0 0 0 0 0 0 0 0 0 9 102 159 181 168 198 191 184 171 165 171 171 181 180 101 22 0 0 0 0 0 0 0 0 0 0 0 0 
0 0 0 0 0 0 0 0 0 0 0 0 0 0 22 95 144 177 167 175 201 183 178 168 96 21 0 0 0 0 0 0 0 0 0 0 0 0 0 0 
0 0 0 0 0 0 0 0 0 0 0 0 0 0 0 0 0 21 42 63 54 50 24 0 0 0 0 0 0 0 0 0 0 0 0 0 0 0 0 0 
0 0 0 0 0 0 0 0 0 0 0 0 0 0 0 0 0 0 0 0 0 0 0 0 0 0 0 0 0 0 0 0 0 0 0 0 0 0 0 0 
0 0 0 0 0 0 0 0 0 0 0 0 0 0 0 0 0 0 0 0 0 0 0 0 0 0 0 0 0 0 0 0 0 0 0 0 0 0 0 0 
0 0 0 0 0 0 0 0 0 0 0 0 0 0 0 0 0 0 0 0 0 0 0 0 0 0 0 0 0 0 0 0 0 0 0 0 0 0 0 0 
0 0 0 0 0 0 0 0 0 0 0 0 0 0 0 0 0 0 0 0 0 0 0 0 0 0 0 0 0 0 0 0 0 0 0 0 0 0 0 0 
0 0 0 0 0 0 0 0 0 0 0 0 0 0 0 0 0 0 0 0 0 0 0 0 0 0 0 0 0 0 0 0 0 0 0 0 0 0 0 0 
0 0 0 0 0 0 0 0 0 0 0 0 0 0 0 0 0 0 0 0 0 0 0 0 0 0 0 0 0 0 0 0 0 0 0 0 0 0 0 0 
