# Format: McCode with text headers
# URL: http://www.mccode.org
# Creator: McStas 2.4.1 - Jun. 26, 2017
# Instrument: MAGiC_elearning.instr
# Ncount: 2500000
# Trace: no
# Gravitation: no
# Seed: 1563293439
# Directory: MAGiC_HR/24
# Nodes: 40
# Param: spectrum=0
# Param: high_res=1
# Param: coll_set=0.3
# Param: sample_rot=240
# Date: Tue Jul 16 10:37:08 2019 (1563266228)
# type: array_1d(101)
# Source: MAGiC_half_polarized (MAGiC_elearning.instr)
# component: L_out
# position: -0.034 -0.674259 159.42
# title: Wavelength monitor
# Ncount: 100000000
# filename: L_out.txt
# statistics: X0=1.43469; dX=0.353354;
# signal: Min=0; Max=2.40601e+07; Mean=4.2991e+06;
# values: 4.34209e+08 1.12539e+06 292116
# xvar: L
# yvar: (I,I_err)
# xlabel: Wavelength [AA]
# ylabel: Intensity
# xlimits: 0.2 6
# variables: L I I_err N
0.2287128713 0 0 0 
0.2861386139 0 0 0 
0.3435643564 1.69532346e-152 1.857133803e-152 5 
0.400990099 2.409485102e-17 1.486349934e-17 1237 
0.4584158416 677.2367427 196.9437335 5496 
0.5158415842 55469.91241 3958.279113 9712 
0.5732673267 339427.9757 12533.37613 9779 
0.6306930693 997768.3398 24976.25972 9973 
0.6881188119 2489789.196 49388.85226 10211 
0.7455445545 4273779.769 78853.87648 10143 
0.802970297 6796079.624 116698.0276 10149 
0.8603960396 9529401.528 156455.2648 9945 
0.9178217822 12920722.07 198977.7748 10085 
0.9752475248 15625296.68 233977.1874 10006 
1.032673267 18798671.9 267248.7542 10266 
1.09009901 20838090.44 287214.2591 10145 
1.147524752 22100652.75 298115.1721 9979 
1.204950495 23454037.5 305494.4593 10133 
1.262376238 24060126.9 305329.702 10143 
1.31980198 23852897.93 298287.6389 9975 
1.377227723 24032637.34 291502.4885 10130 
1.434653465 23387132.59 279164.9304 10002 
1.492079208 22879387.09 266912.7467 10009 
1.54950495 21750764.28 251031.4482 9951 
1.606930693 21056479.21 237135.4287 10085 
1.664356436 19948016.15 221539.4104 10033 
1.721782178 18852010.97 206350.3383 9947 
1.779207921 18085800.91 193581.7726 10125 
1.836633663 16790602.06 178613.4488 9903 
1.894059406 15759289.74 165207.3822 10032 
1.951485149 14842425.36 153107.0732 10141 
2.008910891 13666500.77 140397.8078 10050 
2.066336634 10962143.45 121170.1712 8438 
2.123762376 5259728.441 78139.24937 4770 
2.181188119 803080.0077 25851.72253 1118 
2.238613861 0 0 0 
2.296039604 0 0 0 
2.353465347 0 0 0 
2.410891089 0 0 0 
2.468316832 0 0 0 
2.525742574 0 0 0 
2.583168317 0 0 0 
2.640594059 0 0 0 
2.698019802 0 0 0 
2.755445545 0 0 0 
2.812871287 0 0 0 
2.87029703 0 0 0 
2.927722772 0 0 0 
2.985148515 0 0 0 
3.042574257 0 0 0 
3.1 0 0 0 
3.157425743 0 0 0 
3.214851485 0 0 0 
3.272277228 0 0 0 
3.32970297 0 0 0 
3.387128713 0 0 0 
3.444554455 0 0 0 
3.501980198 0 0 0 
3.559405941 0 0 0 
3.616831683 0 0 0 
3.674257426 0 0 0 
3.731683168 0 0 0 
3.789108911 0 0 0 
3.846534653 0 0 0 
3.903960396 0 0 0 
3.961386139 0 0 0 
4.018811881 0 0 0 
4.076237624 0 0 0 
4.133663366 0 0 0 
4.191089109 0 0 0 
4.248514851 0 0 0 
4.305940594 0 0 0 
4.363366337 0 0 0 
4.420792079 0 0 0 
4.478217822 0 0 0 
4.535643564 0 0 0 
4.593069307 0 0 0 
4.65049505 0 0 0 
4.707920792 0 0 0 
4.765346535 0 0 0 
4.822772277 0 0 0 
4.88019802 0 0 0 
4.937623762 0 0 0 
4.995049505 0 0 0 
5.052475248 0 0 0 
5.10990099 0 0 0 
5.167326733 0 0 0 
5.224752475 0 0 0 
5.282178218 0 0 0 
5.33960396 0 0 0 
5.397029703 0 0 0 
5.454455446 0 0 0 
5.511881188 0 0 0 
5.569306931 0 0 0 
5.626732673 0 0 0 
5.684158416 0 0 0 
5.741584158 0 0 0 
5.799009901 0 0 0 
5.856435644 0 0 0 
5.913861386 0 0 0 
5.971287129 0 0 0 
