# Format: McCode with text headers
# URL: http://www.mccode.org
# Creator: McStas 2.5 - Dec. 12, 2018
# Instrument: ESS_HEIMDAL.instr
# Ncount: 250000
# Trace: no
# Gravitation: no
# Seed: 1565866199
# Directory: TauScan/4
# Nodes: 4
# Param: lmax=4
# Param: lmin=0.5
# Param: T=200
# Param: tau=40
# Param: use_CoFe2O4=1
# Param: use_CoFe=1
# Param: use_magn=1
# Date: Wed Aug 14 15:23:13 2019 (1565788993)
# type: array_2d(40, 40)
# Source: ESS_HEIMDAL (ESS_HEIMDAL.instr)
# component: psd_source
# position: 0 0 0.01
# title: PSD monitor
# Ncount: 1000000
# filename: PSD_source.dat
# statistics: X0=0.00468; dX=5.00049; Y0=0.0023085; dY=5.00391;
# signal: Min=0; Max=6.74933e+06; Mean=2.13803e+06;
# values: 3.42084e+09 3.42084e+06 1e+06
# xvar: X 
# yvar: Y 
# xlabel: X position [cm]
# ylabel: Y position [cm]
# zvar: I
# zlabel: Signal per bin
# xylimits: -15 15 -15 15
# variables: I I_err N
# Data [psd_source/PSD_source.dat] I:
0 0 0 0 0 0 0 0 0 0 0 0 0 0 0 0 0 0 0 0 0 0 0 0 0 0 0 0 0 0 0 0 0 0 0 0 0 0 0 0 
0 0 0 0 0 0 0 0 0 0 0 0 0 0 0 0 0 0 0 0 0 0 0 0 0 0 0 0 0 0 0 0 0 0 0 0 0 0 0 0 
0 0 0 0 0 0 0 0 0 0 0 0 0 0 0 0 0 0 0 0 0 0 0 0 0 0 0 0 0 0 0 0 0 0 0 0 0 0 0 0 
0 0 0 0 0 0 0 0 0 0 0 0 0 0 0 0 0 0 0 0 0 0 0 0 0 0 0 0 0 0 0 0 0 0 0 0 0 0 0 0 
0 0 0 0 0 0 0 0 0 0 0 0 0 0 0 0 0 0 0 0 0 0 0 0 0 0 0 0 0 0 0 0 0 0 0 0 0 0 0 0 
0 0 0 0 0 0 0 0 0 0 0 0 0 0 0 0 0 0 0 0 0 0 0 0 0 0 0 0 0 0 0 0 0 0 0 0 0 0 0 0 
0 0 0 0 0 0 0 0 0 0 0 0 0 0 0 0 0 567859.7988 1409387.03 2042242.802 1867779.872 1488066.351 554176.4391 0 0 0 0 0 0 0 0 0 0 0 0 0 0 0 0 0 
0 0 0 0 0 0 0 0 0 0 0 0 0 0 889418.9629 3277166.952 5398089.281 6205408.113 6068574.628 6314875.314 6116466.503 6379871.231 6106203.662 5189417.845 3147174.877 974940.0491 0 0 0 0 0 0 0 0 0 0 0 0 0 0 
0 0 0 0 0 0 0 0 0 0 0 0 499442.947 3848447.627 6048049.39 5976212.09 5846220.276 6318296.696 6113046.279 6236196.711 6000158.532 6037787.659 6150675.359 6420921.831 6318296.26 6092520.323 4197373.577 557597.2634 0 0 0 0 0 0 0 0 0 0 0 0 
0 0 0 0 0 0 0 0 0 0 0 1717262.798 5507556.199 6085678.955 6136991.993 6099363.047 6061733.98 6219092.936 6188305.538 6191726.465 6068575.948 6034367.538 6205409.614 5976212.896 6284088.579 5808591.06 6010420.49 5610181.442 1782258.77 0 0 0 0 0 0 0 0 0 0 0 
0 0 0 0 0 0 0 0 0 0 2370643.725 5965949.195 6126729.249 5890691.58 6061734.051 6195147.199 6041209.506 6181464.249 6109626.744 6126730.964 6140414.409 6068576.63 5911217.645 6284089.398 5962529.882 6136992.697 6071996.187 6003578.954 6085678.691 2161972.265 0 0 0 0 0 0 0 0 0 0 
0 0 0 0 0 0 0 0 0 1737787.854 6280666.69 6249879.648 6174621.606 6212251.332 6030947.021 6027526.526 6373031.903 5812013.722 6113048.071 5918060.009 5989897.772 6239619.39 5702546.778 6304615.052 5928321.965 6191726.623 5938583.9 6253300.982 6157516.899 6048049.413 1686475.242 0 0 0 0 0 0 0 0 0 
0 0 0 0 0 0 0 0 581543.1614 5510977.076 6294350.549 6147254.902 6048050.909 5959109.461 6130151.972 6130152.297 6044631.335 6143836.039 6266986.539 6061735.972 6167782.191 6136994.467 6000160.627 6123310.79 5849643.078 5989897.355 6266985.335 6263564.039 5976212.729 6284088.049 5835957.145 636276.6516 0 0 0 0 0 0 0 0 
0 0 0 0 0 0 0 0 3988702.081 6136991.626 5979633.464 6123309.419 6071997.279 6188306.314 6089102.268 6089102.551 6513287.528 6030948.665 6321720.535 6188307.643 6020686.281 6263566.161 6065157.07 6130152.939 6342245.074 5948847.671 6092522.744 5996738.704 6181463.789 6256721.728 6164358.376 3865551.765 0 0 0 0 0 0 0 0 
0 0 0 0 0 0 0 964677.4944 5993315.934 6058312.604 6024104.798 6167780.766 6041210.004 6044631.321 5883851.962 6188307.438 6256724.517 6184886.997 5952269.649 5948848.9 6424346.307 6034369.97 6048053.217 6749326.131 6003581.833 6061735.88 5945426.821 6314877.51 5976213.525 6113046.726 6338821.723 6198566.477 844948.0325 0 0 0 0 0 0 0 
0 0 0 0 0 0 0 3195066.712 6085678.979 6024104.487 6243039.047 6147256.005 5897534.868 6195148.73 6054894.454 6102786.588 6102786.847 6280670.955 6386717.277 6472238.461 6167783.28 6253304.342 5996740.816 6277249.926 6099365.772 6075419.564 5989898.088 6082260.475 5931742.803 6075417.692 6236196.763 6188304.255 3253220.996 0 0 0 0 0 0 0 
0 0 0 0 0 0 0 5315988.986 6113045.943 6071996.504 6266985.217 5935163.939 6010422.958 6338824.454 6020686.269 6407242.034 6352508.781 6239621.067 5996741.188 6208833.643 6054895.63 5894115.869 6051474.594 5880432.221 6249883.16 6130153.266 6201990.68 6150677.583 5883851.273 6191726.654 6284088.8 6041208.251 5079950.91 0 0 0 0 0 0 0 
0 0 0 0 0 0 537072.2234 5818852.976 6147254.573 6133571.891 6068576.441 6321719.451 6017264.831 6075419.625 6048053.216 5976215.777 6058316.284 5842803.239 6201992.094 6229358.905 6030949.903 6468818.006 6438030.271 6225937.714 6095945.335 6249883.044 6003581.864 5996739.766 5870168.051 6266985.38 6071996.696 6007000.02 5962528.338 581543.1711 0 0 0 0 0 0 
0 0 0 0 0 0 1549641.532 6054891.213 6246459.147 5952267.298 6095943.344 5976214.352 6284090.795 6044632.142 6243041.481 5880432.25 6362771.617 5959112.103 5962533.062 6140417.078 6188308.907 6072000.093 6195150.408 6154100.082 6140416.457 6205412.185 6178045.072 6431187.102 6024106.158 6263564.655 6260143.194 6198567.335 6150674.802 1351232.682 0 0 0 0 0 0 
0 0 0 0 0 0 1963563.448 6130149.819 6263563.42 6126730.367 6362769.204 5931743.44 5890693.78 6054894.716 6030949.178 6136995.67 6027528.878 6010424.826 6195150.587 6099366.981 5890695.432 6557760.168 6229358.918 6058316.471 6191729.192 6164362.126 6191728.502 6479078.986 6051472.965 6174622.803 6130151.214 6167779.823 6263562.666 1830150.6 0 0 0 0 0 0 
0 0 0 0 0 0 1929355.02 5952265.979 6007000.195 6239618.197 6451711.136 6095943.946 6390137.046 6253303.707 5866748.635 6092524.692 6331984.075 6184887.929 6007004.106 5931745.573 6297776.001 6266988.337 6034370.74 6287513.094 6010424.414 6308037.594 6373033.255 5918060.521 6157519.12 6201989.559 6222513.987 6256721.747 6308033.614 1843833.969 0 0 0 0 0 0 
0 0 0 0 0 0 1423070.358 6024103.614 6434605.481 6140413.682 5986476.344 6215673.42 6027527.485 6249882.802 6205412.185 6078841.243 5877011.633 5921482.797 6061737.56 5853066.074 6331984.398 6379876.161 6037791.535 6113049.946 6270408.55 6188307.955 6496183.598 5993319.042 6017264.472 6174622.744 6167780.425 6000158.459 5914636.68 1477803.845 0 0 0 0 0 0 
0 0 0 0 0 0 605489.0685 6246458.274 6205408.91 6051471.647 6157518.396 6171202.314 6164361.12 5832539.665 6126732.639 6219095.753 6116470.673 6308038.162 6349088.437 6290934.114 5962533.007 6109629.265 6373034.197 6225937.7 6085682.795 6239620.506 5955690.037 6352507.561 6024106.052 6191726.828 6184884.541 6150675.428 6157516.378 639697.4939 0 0 0 0 0 0 
0 0 0 0 0 0 0 5367301.669 6191725.358 6041208.91 6010421.949 6126731.161 6027527.206 6260145.009 5955690.266 6280670.789 6171204.002 6147258.269 6174625.175 5976216.189 6136995.935 5859907.418 5695706.751 6075420.345 6113049.371 6089103.188 6010423.37 6102785.756 6229356.475 6403818.95 5942004.47 6164358.617 5329672.387 0 0 0 0 0 0 0 
0 0 0 0 0 0 0 3372950.473 5907795.175 6113046.393 6065155.232 6201989.474 6280669.367 5986477.246 6133573.922 6198570.232 6126732.735 6140416.35 6106208.006 6154099.9 6243041.875 6075420.392 5935165.646 6075420.114 6068578.182 6355928.75 6195148.714 6041210.286 5911217.8 6191726.416 5890691.587 6037787.155 3198487.542 0 0 0 0 0 0 0 
0 0 0 0 0 0 0 899681.5174 5753856.935 6089100.139 5791487.424 6085680.492 6328560.917 5931743.48 6280669.91 5890693.953 6048053.02 6287512.339 6044632.482 6010424.088 6373033.671 6249883.19 5996740.548 6020686.284 6109627.986 6085681.791 6071998.071 6318298.352 6048051.218 6311455.556 6000158.301 6024103.484 961256.6536 0 0 0 0 0 0 0 
0 0 0 0 0 0 0 0 3803976.622 6260141.962 5993316.831 6335401.688 6297772.923 6338823.479 6044631.269 5877010.226 5989898.313 6290932.817 6208832.661 6068578.052 6157520.05 6048053.023 6109628.056 6020685.906 6174623.649 6376453.199 5986476.578 6130151.639 6236197.249 6246459.217 6178041.701 3667142.983 0 0 0 0 0 0 0 0 
0 0 0 0 0 0 0 0 608909.9176 5487031.17 5962528.766 6266984.396 6160938.733 6130151.539 6164360.392 6167781.586 6311457.278 6184886.226 6048052.592 6154098.838 6215674.004 6287511.64 6178044.548 6123310.831 6284090.245 6184885.428 6041209.634 5972792.388 6277246.886 6191725.259 5531502.107 619172.4376 0 0 0 0 0 0 0 0 
0 0 0 0 0 0 0 0 0 1611216.674 5952265.842 6051470.738 6099363.041 5863325.332 6160938.999 6263564.701 6249881.598 6143835.597 6130152.357 6174623.377 6195148.336 6246460.995 6054893.603 6369611.077 6092522.499 6068576.296 6102784.304 6007000.343 6212250.384 5610181.519 1785679.653 0 0 0 0 0 0 0 0 0 
0 0 0 0 0 0 0 0 0 0 2353539.488 6071995.35 6325138.111 6010421.048 6205409.457 6106205.297 6078838.845 6222514.393 5935163.707 6061734.998 6000159.792 6126730.889 6078838.979 6171201.567 6277247.488 6116467.537 5969370.923 6071995.784 5938582.456 2151709.801 0 0 0 0 0 0 0 0 0 0 
0 0 0 0 0 0 0 0 0 0 0 1696737.75 5770961.12 6003578.762 6133571.043 6280667.674 6208830.213 6075417.528 6386714.304 6294351.683 6075417.766 5818854.465 6157517.767 6236196.933 6256721.768 6071995.974 6225933.567 5753856.887 1686475.206 0 0 0 0 0 0 0 0 0 0 0 
0 0 0 0 0 0 0 0 0 0 0 0 485759.5966 3817660.01 6003578.439 5993316.229 5890691.162 6249879.94 6027525.092 6061733.681 5900954.05 6181463.218 6290930.022 5969370.637 6219091.852 6003578.427 4043435.578 561018.1132 0 0 0 0 0 0 0 0 0 0 0 0 
0 0 0 0 0 0 0 0 0 0 0 0 0 0 1060461.082 3318217.065 5432297.66 6095941.16 6191724.936 6201987.45 6150674.907 6188304.085 6013841.061 5333093.254 3478996.641 865473.0728 0 0 0 0 0 0 0 0 0 0 0 0 0 0 
0 0 0 0 0 0 0 0 0 0 0 0 0 0 0 0 0 458392.8712 1518853.937 2138026.437 1946459.227 1597533.291 540493.0661 0 0 0 0 0 0 0 0 0 0 0 0 0 0 0 0 0 
0 0 0 0 0 0 0 0 0 0 0 0 0 0 0 0 0 0 0 0 0 0 0 0 0 0 0 0 0 0 0 0 0 0 0 0 0 0 0 0 
0 0 0 0 0 0 0 0 0 0 0 0 0 0 0 0 0 0 0 0 0 0 0 0 0 0 0 0 0 0 0 0 0 0 0 0 0 0 0 0 
0 0 0 0 0 0 0 0 0 0 0 0 0 0 0 0 0 0 0 0 0 0 0 0 0 0 0 0 0 0 0 0 0 0 0 0 0 0 0 0 
0 0 0 0 0 0 0 0 0 0 0 0 0 0 0 0 0 0 0 0 0 0 0 0 0 0 0 0 0 0 0 0 0 0 0 0 0 0 0 0 
0 0 0 0 0 0 0 0 0 0 0 0 0 0 0 0 0 0 0 0 0 0 0 0 0 0 0 0 0 0 0 0 0 0 0 0 0 0 0 0 
0 0 0 0 0 0 0 0 0 0 0 0 0 0 0 0 0 0 0 0 0 0 0 0 0 0 0 0 0 0 0 0 0 0 0 0 0 0 0 0 
# Errors [psd_source/PSD_source.dat] I_err:
0 0 0 0 0 0 0 0 0 0 0 0 0 0 0 0 0 0 0 0 0 0 0 0 0 0 0 0 0 0 0 0 0 0 0 0 0 0 0 0 
0 0 0 0 0 0 0 0 0 0 0 0 0 0 0 0 0 0 0 0 0 0 0 0 0 0 0 0 0 0 0 0 0 0 0 0 0 0 0 0 
0 0 0 0 0 0 0 0 0 0 0 0 0 0 0 0 0 0 0 0 0 0 0 0 0 0 0 0 0 0 0 0 0 0 0 0 0 0 0 0 
0 0 0 0 0 0 0 0 0 0 0 0 0 0 0 0 0 0 0 0 0 0 0 0 0 0 0 0 0 0 0 0 0 0 0 0 0 0 0 0 
0 0 0 0 0 0 0 0 0 0 0 0 0 0 0 0 0 0 0 0 0 0 0 0 0 0 0 0 0 0 0 0 0 0 0 0 0 0 0 0 
0 0 0 0 0 0 0 0 0 0 0 0 0 0 0 0 0 0 0 0 0 0 0 0 0 0 0 0 0 0 0 0 0 0 0 0 0 0 0 0 
0 0 0 0 0 0 0 0 0 0 0 0 0 0 0 0 0 44074.46813 69435.51523 83583.43369 79933.59939 71347.32053 43540.21312 0 0 0 0 0 0 0 0 0 0 0 0 0 0 0 0 0 
0 0 0 0 0 0 0 0 0 0 0 0 0 0 55159.4225 105880.4582 135889.7075 145697.3685 144082.0534 146976.8487 144649.4692 147731.2917 144528.0607 133237.3083 103759.283 57750.4644 0 0 0 0 0 0 0 0 0 0 0 0 0 0 
0 0 0 0 0 0 0 0 0 0 0 0 41334.1924 114738.54 143838.1865 142981.4014 141417.8217 147016.6654 144609.0281 146058.3774 143267.5818 143716.1189 145053.4161 148205.8159 147016.6553 144366.0344 119827.1811 43674.38834 0 0 0 0 0 0 0 0 0 0 0 0 
0 0 0 0 0 0 0 0 0 0 0 76645.18966 137260.6336 144284.9601 144891.9767 144447.0952 144000.8364 145857.9507 145496.4727 145536.6837 144082.0847 143675.4176 145697.4037 142981.4206 146618.1448 140961.9695 143390.0366 138533.5563 78082.17437 0 0 0 0 0 0 0 0 0 0 0 
0 0 0 0 0 0 0 0 0 0 90053.30848 142858.5739 144770.7738 141954.6788 144000.8381 145576.8791 143756.8498 145416.0306 144568.592 144770.8143 144932.3906 144082.1009 142201.7958 146618.1639 142817.6475 144891.9933 144122.6741 143308.4062 144284.9538 85998.63918 0 0 0 0 0 0 0 0 0 0 
0 0 0 0 0 0 0 0 0 77101.86821 146578.208 146218.519 145335.5121 145777.7006 143634.6952 143593.9619 147652.1125 141003.5158 144609.0705 142284.0809 143145.0509 146098.4748 139669.3322 146857.4243 142407.3814 145536.6874 142530.5746 146258.541 145134.0651 143838.187 75955.0249 0 0 0 0 0 0 0 0 0 
0 0 0 0 0 0 0 0 44602.32443 137303.2554 146737.8038 145013.0822 143838.2226 142776.6828 144811.2287 144811.2364 143797.5688 144972.7746 146418.5249 144000.8837 145255.025 144892.0351 143267.6319 144730.4083 141459.2375 143145.041 146418.4968 146378.5194 142981.4167 146618.1324 141293.6293 46654.06766 0 0 0 0 0 0 0 0 
0 0 0 0 0 0 0 0 116810.6188 144891.968 143022.3302 144730.3759 144122.7 145496.4909 144325.5652 144325.5719 149268.0222 143634.7344 147056.5285 145496.5222 143512.4783 146378.569 144041.5163 144811.2516 147295.0509 142653.7056 144366.0917 143226.76 145416.0198 146298.5383 145214.6679 114993.2297 0 0 0 0 0 0 0 0 
0 0 0 0 0 0 0 57445.70882 143185.8562 143960.1857 143553.1876 145254.9914 143756.8617 143797.5684 141872.2688 145496.5174 146298.6035 145456.3067 142694.7429 142653.735 148245.3739 143675.4755 143838.2775 151948.6589 143308.4749 144000.8815 142612.6835 146976.8998 142981.4357 144609.0387 147255.2637 145617.0292 53762.75586 0 0 0 0 0 0 0 
0 0 0 0 0 0 0 104545.7765 144284.9607 143553.1802 146138.4904 145013.1082 142037.1294 145576.9151 143919.6002 144487.6601 144487.6663 146578.3076 147810.5839 148796.9207 145255.0506 146258.6196 143226.8104 146538.38 144447.1597 144163.3264 143145.0585 144244.4582 142448.4623 144163.282 146058.3786 145496.4425 105492.9187 0 0 0 0 0 0 0 
0 0 0 0 0 0 0 134852.3643 144609.0202 144122.6816 146418.494 142489.5385 143390.0955 147255.3272 143512.478 148047.8965 147414.2008 146098.514 143226.8193 145737.6321 143919.6282 141995.9738 143878.9626 141831.0474 146218.6011 144811.2593 145657.2839 145053.4686 141872.2521 145536.6882 146618.15 143756.82 131824.5473 0 0 0 0 0 0 0 
0 0 0 0 0 0 42863.02975 141086.4245 145013.0744 144851.6062 144082.0964 147056.5033 143471.6874 144163.3279 143838.2774 142981.4896 143960.2732 141376.5333 145657.3171 145978.3265 143634.7639 148757.6019 148403.1792 145938.231 144406.6569 146218.5984 143308.4757 143226.7854 141707.1921 146418.4978 144122.6861 143349.2343 142817.6105 44602.32517 0 0 0 0 0 0 
0 0 0 0 0 0 72808.51048 143919.5232 146178.5055 142694.6865 144406.6098 142981.4555 146618.1965 143797.588 146138.5474 141831.0481 147533.2342 142776.7461 142817.7236 144932.4536 145496.5519 144122.7668 145576.9545 145093.8394 144932.4389 145697.4641 145375.8274 148324.2702 143553.22 146378.5338 146338.5416 145617.0493 145053.403 67987.89471 0 0 0 0 0 0 
0 0 0 0 0 0 81957.55481 144811.1779 146378.5049 144770.8002 147533.1782 142448.4776 141954.7318 143919.6065 143634.7466 144892.0635 143594.0179 143390.1401 145576.9587 144447.1884 141954.7716 149776.7743 145978.3268 143960.2776 145536.7478 145214.7562 145536.7316 148875.5185 143878.9239 145335.5403 144811.2108 145254.9692 146378.4873 79124.31032 0 0 0 0 0 0 
0 0 0 0 0 0 81240.50183 142694.6549 143349.2385 146098.4468 148560.7455 144406.624 147850.1387 146258.6047 141665.9306 144366.1379 147175.8676 145456.3286 143349.3318 142448.5288 146777.7802 146418.5669 143675.4938 146658.132 143390.1302 146897.3004 147652.1439 142284.0933 145134.1175 145657.2575 145898.065 146298.5388 146897.2077 79419.55132 0 0 0 0 0 0 
0 0 0 0 0 0 69771.76464 143553.1594 148363.656 144932.3734 143104.1559 145817.8613 143593.9847 146218.5928 145697.4641 144203.927 141789.7937 142325.2443 144000.9214 141500.6458 147175.8751 147731.4058 143716.2112 144609.1149 146458.5081 145496.5295 149071.9074 143185.9305 143471.6789 145335.5389 145254.9833 143267.5801 142242.8927 71100.87064 0 0 0 0 0 0 
0 0 0 0 0 0 45511.34533 146178.4851 145697.3872 143878.8926 145134.1004 145295.2839 145214.7325 141252.2939 144770.8539 145858.0167 144649.5678 146897.3136 147374.5156 146698.0267 142817.7223 144568.6517 147652.1657 145938.2307 144285.0512 146098.5009 142735.7303 147414.1724 143553.2175 145536.6923 145456.2489 145053.4178 145134.0529 46779.31371 0 0 0 0 0 0 
0 0 0 0 0 0 0 135501.6344 145536.6577 143756.8357 143390.0714 144770.8189 143593.9781 146338.584 142735.7357 146578.3037 145295.3236 145013.1616 145335.5961 142981.4994 144892.0697 141583.3139 139585.5629 144163.345 144609.1013 144325.587 143390.1053 144487.6404 145978.2696 148008.3178 142571.6136 145214.6736 135025.8088 0 0 0 0 0 0 0 
0 0 0 0 0 0 0 107416.626 142160.6043 144609.0308 144041.4727 145657.2555 146578.2705 143104.1775 144851.6541 145617.1174 144770.8561 144932.4364 144528.1635 145093.8352 146138.5566 144163.3461 142489.5795 144163.3395 144082.1378 147453.8666 145576.9147 143756.8684 142201.7995 145536.6826 141954.679 143716.1069 104601.7278 0 0 0 0 0 0 0 
0 0 0 0 0 0 0 55476.73896 140296.2502 144325.5148 140754.2894 144284.9965 147136.0526 142448.4786 146578.2831 141954.736 143838.2728 146658.1144 143797.5961 143390.1224 147652.1535 146218.6018 143226.804 143512.4783 144568.6214 144285.0274 144122.7188 147016.704 143838.2299 146937.059 143267.5763 143553.1563 57343.76435 0 0 0 0 0 0 0 
0 0 0 0 0 0 0 0 114073.6783 146338.5128 143185.8777 147215.5429 146777.7085 147255.3045 143797.5672 141789.7597 143145.0639 146697.9965 145737.6091 144082.1347 145134.1394 143838.2729 144568.6231 143512.4693 145335.5602 147691.7452 143104.1615 144811.2208 146058.39 146178.5071 145375.748 112003.2051 0 0 0 0 0 0 0 0 
0 0 0 0 0 0 0 0 45639.7279 137004.6304 142817.6208 146418.4748 145174.3979 144811.2185 145214.7154 145255.0107 146937.0991 145456.2885 143838.2626 145093.8101 145817.875 146658.0981 145375.815 144730.4092 146618.1837 145456.2698 143756.8529 142940.5008 146538.309 145536.6554 137558.703 46022.72484 0 0 0 0 0 0 0 0 
0 0 0 0 0 0 0 0 0 74240.94546 142694.6516 143878.871 144447.095 141624.5632 145174.4042 146378.5348 146218.5646 144972.7642 144811.2378 145335.5537 145576.9058 146178.5487 143919.58 147612.4801 144366.0859 144082.093 144487.6061 143349.242 145777.6784 138533.5582 78157.07516 0 0 0 0 0 0 0 0 0 
0 0 0 0 0 0 0 0 0 0 89727.85178 144122.6542 147096.2351 143390.0499 145697.4 144528.0993 144203.8701 145898.0745 142489.5329 144000.8606 143267.6119 144770.8125 144203.8733 145295.2663 146538.3231 144649.4937 142899.5464 144122.6645 142530.54 85794.28818 0 0 0 0 0 0 0 0 0 0 
0 0 0 0 0 0 0 0 0 0 0 76185.77402 140504.6208 143308.4016 144851.5861 146578.231 145737.5516 144163.2781 147810.5151 146737.8302 144163.2838 141086.4606 145134.0856 146058.3826 146298.5393 144122.669 145938.1338 140296.2491 75955.02325 0 0 0 0 0 0 0 0 0 0 0 
0 0 0 0 0 0 0 0 0 0 0 0 40764.03981 114278.6632 143308.3939 143185.8633 141954.6687 146218.5258 143593.9277 144000.8293 142078.2775 145416.0063 146697.9313 142899.5395 145857.9252 143308.3936 117609.3338 43808.15462 0 0 0 0 0 0 0 0 0 0 0 0 
0 0 0 0 0 0 0 0 0 0 0 0 0 0 60230.14212 106541.5291 136319.6021 144406.558 145536.6478 145657.208 145053.4055 145496.4385 143430.8297 135069.1355 109092.158 54411.8259 0 0 0 0 0 0 0 0 0 0 0 0 0 0 
0 0 0 0 0 0 0 0 0 0 0 0 0 0 0 0 0 39599.1128 72081.61795 85521.05747 81599.81567 73925.02448 42999.31958 0 0 0 0 0 0 0 0 0 0 0 0 0 0 0 0 0 
0 0 0 0 0 0 0 0 0 0 0 0 0 0 0 0 0 0 0 0 0 0 0 0 0 0 0 0 0 0 0 0 0 0 0 0 0 0 0 0 
0 0 0 0 0 0 0 0 0 0 0 0 0 0 0 0 0 0 0 0 0 0 0 0 0 0 0 0 0 0 0 0 0 0 0 0 0 0 0 0 
0 0 0 0 0 0 0 0 0 0 0 0 0 0 0 0 0 0 0 0 0 0 0 0 0 0 0 0 0 0 0 0 0 0 0 0 0 0 0 0 
0 0 0 0 0 0 0 0 0 0 0 0 0 0 0 0 0 0 0 0 0 0 0 0 0 0 0 0 0 0 0 0 0 0 0 0 0 0 0 0 
0 0 0 0 0 0 0 0 0 0 0 0 0 0 0 0 0 0 0 0 0 0 0 0 0 0 0 0 0 0 0 0 0 0 0 0 0 0 0 0 
0 0 0 0 0 0 0 0 0 0 0 0 0 0 0 0 0 0 0 0 0 0 0 0 0 0 0 0 0 0 0 0 0 0 0 0 0 0 0 0 
# Events [psd_source/PSD_source.dat] N:
0 0 0 0 0 0 0 0 0 0 0 0 0 0 0 0 0 0 0 0 0 0 0 0 0 0 0 0 0 0 0 0 0 0 0 0 0 0 0 0 
0 0 0 0 0 0 0 0 0 0 0 0 0 0 0 0 0 0 0 0 0 0 0 0 0 0 0 0 0 0 0 0 0 0 0 0 0 0 0 0 
0 0 0 0 0 0 0 0 0 0 0 0 0 0 0 0 0 0 0 0 0 0 0 0 0 0 0 0 0 0 0 0 0 0 0 0 0 0 0 0 
0 0 0 0 0 0 0 0 0 0 0 0 0 0 0 0 0 0 0 0 0 0 0 0 0 0 0 0 0 0 0 0 0 0 0 0 0 0 0 0 
0 0 0 0 0 0 0 0 0 0 0 0 0 0 0 0 0 0 0 0 0 0 0 0 0 0 0 0 0 0 0 0 0 0 0 0 0 0 0 0 
0 0 0 0 0 0 0 0 0 0 0 0 0 0 0 0 0 0 0 0 0 0 0 0 0 0 0 0 0 0 0 0 0 0 0 0 0 0 0 0 
0 0 0 0 0 0 0 0 0 0 0 0 0 0 0 0 0 166 412 597 546 435 162 0 0 0 0 0 0 0 0 0 0 0 0 0 0 0 0 0 
0 0 0 0 0 0 0 0 0 0 0 0 0 0 260 958 1578 1814 1774 1846 1788 1865 1785 1517 920 285 0 0 0 0 0 0 0 0 0 0 0 0 0 0 
0 0 0 0 0 0 0 0 0 0 0 0 146 1125 1768 1747 1709 1847 1787 1823 1754 1765 1798 1877 1847 1781 1227 163 0 0 0 0 0 0 0 0 0 0 0 0 
0 0 0 0 0 0 0 0 0 0 0 502 1610 1779 1794 1783 1772 1818 1809 1810 1774 1764 1814 1747 1837 1698 1757 1640 521 0 0 0 0 0 0 0 0 0 0 0 
0 0 0 0 0 0 0 0 0 0 693 1744 1791 1722 1772 1811 1766 1807 1786 1791 1795 1774 1728 1837 1743 1794 1775 1755 1779 632 0 0 0 0 0 0 0 0 0 0 
0 0 0 0 0 0 0 0 0 508 1836 1827 1805 1816 1763 1762 1863 1699 1787 1730 1751 1824 1667 1843 1733 1810 1736 1828 1800 1768 493 0 0 0 0 0 0 0 0 0 
0 0 0 0 0 0 0 0 170 1611 1840 1797 1768 1742 1792 1792 1767 1796 1832 1772 1803 1794 1754 1790 1710 1751 1832 1831 1747 1837 1706 186 0 0 0 0 0 0 0 0 
0 0 0 0 0 0 0 0 1166 1794 1748 1790 1775 1809 1780 1780 1904 1763 1848 1809 1760 1831 1773 1792 1854 1739 1781 1753 1807 1829 1802 1130 0 0 0 0 0 0 0 0 
0 0 0 0 0 0 0 282 1752 1771 1761 1803 1766 1767 1720 1809 1829 1808 1740 1739 1878 1764 1768 1973 1755 1772 1738 1846 1747 1787 1853 1812 247 0 0 0 0 0 0 0 
0 0 0 0 0 0 0 934 1779 1761 1825 1797 1724 1811 1770 1784 1784 1836 1867 1892 1803 1828 1753 1835 1783 1776 1751 1778 1734 1776 1823 1809 951 0 0 0 0 0 0 0 
0 0 0 0 0 0 0 1554 1787 1775 1832 1735 1757 1853 1760 1873 1857 1824 1753 1815 1770 1723 1769 1719 1827 1792 1813 1798 1720 1810 1837 1766 1485 0 0 0 0 0 0 0 
0 0 0 0 0 0 157 1701 1797 1793 1774 1848 1759 1776 1768 1747 1771 1708 1813 1821 1763 1891 1882 1820 1782 1827 1755 1753 1716 1832 1775 1756 1743 170 0 0 0 0 0 0 
0 0 0 0 0 0 453 1770 1826 1740 1782 1747 1837 1767 1825 1719 1860 1742 1743 1795 1809 1775 1811 1799 1795 1814 1806 1880 1761 1831 1830 1812 1798 395 0 0 0 0 0 0 
0 0 0 0 0 0 574 1792 1831 1791 1860 1734 1722 1770 1763 1794 1762 1757 1811 1783 1722 1917 1821 1771 1810 1802 1810 1894 1769 1805 1792 1803 1831 535 0 0 0 0 0 0 
0 0 0 0 0 0 564 1740 1756 1824 1886 1782 1868 1828 1715 1781 1851 1808 1756 1734 1841 1832 1764 1838 1757 1844 1863 1730 1800 1813 1819 1829 1844 539 0 0 0 0 0 0 
0 0 0 0 0 0 416 1761 1881 1795 1750 1817 1762 1827 1814 1777 1718 1731 1772 1711 1851 1865 1765 1787 1833 1809 1899 1752 1759 1805 1803 1754 1729 432 0 0 0 0 0 0 
0 0 0 0 0 0 177 1826 1814 1769 1800 1804 1802 1705 1791 1818 1788 1844 1856 1839 1743 1786 1863 1820 1779 1824 1741 1857 1761 1810 1808 1798 1800 187 0 0 0 0 0 0 
0 0 0 0 0 0 0 1569 1810 1766 1757 1791 1762 1830 1741 1836 1804 1797 1805 1747 1794 1713 1665 1776 1787 1780 1757 1784 1821 1872 1737 1802 1558 0 0 0 0 0 0 0 
0 0 0 0 0 0 0 986 1727 1787 1773 1813 1836 1750 1793 1812 1791 1795 1785 1799 1825 1776 1735 1776 1774 1858 1811 1766 1728 1810 1722 1765 935 0 0 0 0 0 0 0 
0 0 0 0 0 0 0 263 1682 1780 1693 1779 1850 1734 1836 1722 1768 1838 1767 1757 1863 1827 1753 1760 1786 1779 1775 1847 1768 1845 1754 1761 281 0 0 0 0 0 0 0 
0 0 0 0 0 0 0 0 1112 1830 1752 1852 1841 1853 1767 1718 1751 1839 1815 1774 1800 1768 1786 1760 1805 1864 1750 1792 1823 1826 1806 1072 0 0 0 0 0 0 0 0 
0 0 0 0 0 0 0 0 178 1604 1743 1832 1801 1792 1802 1803 1845 1808 1768 1799 1817 1838 1806 1790 1837 1808 1766 1746 1835 1810 1617 181 0 0 0 0 0 0 0 0 
0 0 0 0 0 0 0 0 0 471 1740 1769 1783 1714 1801 1831 1827 1796 1792 1805 1811 1826 1770 1862 1781 1774 1784 1756 1816 1640 522 0 0 0 0 0 0 0 0 0 
0 0 0 0 0 0 0 0 0 0 688 1775 1849 1757 1814 1785 1777 1819 1735 1772 1754 1791 1777 1804 1835 1788 1745 1775 1736 629 0 0 0 0 0 0 0 0 0 0 
0 0 0 0 0 0 0 0 0 0 0 496 1687 1755 1793 1836 1815 1776 1867 1840 1776 1701 1800 1823 1829 1775 1820 1682 493 0 0 0 0 0 0 0 0 0 0 0 
0 0 0 0 0 0 0 0 0 0 0 0 142 1116 1755 1752 1722 1827 1762 1772 1725 1807 1839 1745 1818 1755 1182 164 0 0 0 0 0 0 0 0 0 0 0 0 
0 0 0 0 0 0 0 0 0 0 0 0 0 0 310 970 1588 1782 1810 1813 1798 1809 1758 1559 1017 253 0 0 0 0 0 0 0 0 0 0 0 0 0 0 
0 0 0 0 0 0 0 0 0 0 0 0 0 0 0 0 0 134 444 625 569 467 158 0 0 0 0 0 0 0 0 0 0 0 0 0 0 0 0 0 
0 0 0 0 0 0 0 0 0 0 0 0 0 0 0 0 0 0 0 0 0 0 0 0 0 0 0 0 0 0 0 0 0 0 0 0 0 0 0 0 
0 0 0 0 0 0 0 0 0 0 0 0 0 0 0 0 0 0 0 0 0 0 0 0 0 0 0 0 0 0 0 0 0 0 0 0 0 0 0 0 
0 0 0 0 0 0 0 0 0 0 0 0 0 0 0 0 0 0 0 0 0 0 0 0 0 0 0 0 0 0 0 0 0 0 0 0 0 0 0 0 
0 0 0 0 0 0 0 0 0 0 0 0 0 0 0 0 0 0 0 0 0 0 0 0 0 0 0 0 0 0 0 0 0 0 0 0 0 0 0 0 
0 0 0 0 0 0 0 0 0 0 0 0 0 0 0 0 0 0 0 0 0 0 0 0 0 0 0 0 0 0 0 0 0 0 0 0 0 0 0 0 
0 0 0 0 0 0 0 0 0 0 0 0 0 0 0 0 0 0 0 0 0 0 0 0 0 0 0 0 0 0 0 0 0 0 0 0 0 0 0 0 
