# Format: McCode with text headers
# URL: http://www.mccode.org
# Creator: McStas 2.5 - Dec. 12, 2018
# Instrument: ESS_HEIMDAL.instr
# Ncount: 250000
# Trace: no
# Gravitation: no
# Seed: 1565866532
# Directory: TauScan/23
# Nodes: 4
# Param: lmax=4
# Param: lmin=0.5
# Param: T=200
# Param: tau=230
# Param: use_CoFe2O4=1
# Param: use_CoFe=1
# Param: use_magn=1
# Date: Wed Aug 14 15:26:13 2019 (1565789173)
# type: array_2d(40, 40)
# Source: ESS_HEIMDAL (ESS_HEIMDAL.instr)
# component: psd_source
# position: 0 0 0.01
# title: PSD monitor
# Ncount: 1000000
# filename: PSD_source.dat
# statistics: X0=0.000885001; dX=5.00075; Y0=0.000958501; dY=5.00761;
# signal: Min=0; Max=6.59539e+06; Mean=2.13803e+06;
# values: 3.42084e+09 3.42084e+06 1e+06
# xvar: X 
# yvar: Y 
# xlabel: X position [cm]
# ylabel: Y position [cm]
# zvar: I
# zlabel: Signal per bin
# xylimits: -15 15 -15 15
# variables: I I_err N
# Data [psd_source/PSD_source.dat] I:
0 0 0 0 0 0 0 0 0 0 0 0 0 0 0 0 0 0 0 0 0 0 0 0 0 0 0 0 0 0 0 0 0 0 0 0 0 0 0 0 
0 0 0 0 0 0 0 0 0 0 0 0 0 0 0 0 0 0 0 0 0 0 0 0 0 0 0 0 0 0 0 0 0 0 0 0 0 0 0 0 
0 0 0 0 0 0 0 0 0 0 0 0 0 0 0 0 0 0 0 0 0 0 0 0 0 0 0 0 0 0 0 0 0 0 0 0 0 0 0 0 
0 0 0 0 0 0 0 0 0 0 0 0 0 0 0 0 0 0 0 0 0 0 0 0 0 0 0 0 0 0 0 0 0 0 0 0 0 0 0 0 
0 0 0 0 0 0 0 0 0 0 0 0 0 0 0 0 0 0 0 0 0 0 0 0 0 0 0 0 0 0 0 0 0 0 0 0 0 0 0 0 
0 0 0 0 0 0 0 0 0 0 0 0 0 0 0 0 0 0 0 0 0 0 0 0 0 0 0 0 0 0 0 0 0 0 0 0 0 0 0 0 
0 0 0 0 0 0 0 0 0 0 0 0 0 0 0 0 0 571280.6243 1508591.404 1997771.857 1922513.325 1539379.007 557597.2788 0 0 0 0 0 0 0 0 0 0 0 0 0 0 0 0 0 
0 0 0 0 0 0 0 0 0 0 0 0 0 0 930469.0969 3236116.79 5637548.242 5996736.818 6078837.036 6431183.982 6154095.73 5887269.862 6188303.967 5148367.754 3403738.138 1084407.004 0 0 0 0 0 0 0 0 0 0 0 0 0 0 
0 0 0 0 0 0 0 0 0 0 0 0 649960.0122 3981860.406 6061732.694 6201987.643 6030945.722 6157517.107 6157517.156 6164358.972 6243038.346 6068575.325 6078837.772 6082258.295 6082258.109 5877007.317 3841605.912 571280.6515 0 0 0 0 0 0 0 0 0 0 0 0 
0 0 0 0 0 0 0 0 0 0 0 1672791.88 5781223.596 5965949.516 6338821.681 6140413.127 6205409.456 6236197.281 6294351.595 6280668.34 6321718.398 6123309.408 5986475.576 6359347.305 5794908.007 6147254.538 6095941.509 5654652.443 1631741.759 0 0 0 0 0 0 0 0 0 0 0 
0 0 0 0 0 0 0 0 0 0 2168813.938 5918057.433 6393555.006 5942004.199 6092521.594 6095942.799 6373031.328 6154097.534 6078839.116 5996738.915 5952267.97 5959109.565 6239618.704 6092522.175 6349085.194 6335401.521 6048050.267 6147254.32 5959107.549 2179076.509 0 0 0 0 0 0 0 0 0 0 
0 0 0 0 0 0 0 0 0 1741208.708 6229354.051 5959108.048 6314876.201 6085680.135 6123309.755 5976213.831 6116468.649 6078839.548 6311457.031 6041210.437 6266986.208 6030947.862 6007001.783 5931743.081 6171201.951 6140414.027 6113046.917 5880429.161 6034366.522 5904374.066 1689896.071 0 0 0 0 0 0 0 0 0 
0 0 0 0 0 0 0 0 612330.7665 5634127.347 6068574.919 6239617.663 6136992.879 6037788.785 6136993.657 6102785.469 6102785.75 6232778.03 6287511.626 6246461.498 6034369.219 6113048.575 6020685.71 6195148.531 6201990.001 6065155.976 6249881.117 6106205.25 6338822.103 6198566.988 5610181.448 584964.0068 0 0 0 0 0 0 0 0 
0 0 0 0 0 0 0 0 3752663.985 5945424.427 6075417.034 6030946.647 6095943.136 6376452.794 6078839.697 5716230.538 6318299.389 6376453.898 6037790.415 6007002.891 6048053.03 6219095.209 6082261.311 6178044.758 6085681.741 5709388.547 6048051.812 6198568.45 6284089.042 6191725.741 6095941.505 3961335.376 0 0 0 0 0 0 0 0 
0 0 0 0 0 0 0 899681.5017 6140412.16 6030945.88 6157517.605 6160939.045 6290931.605 6054893.82 5938585.474 6000160.964 6130153.287 6140416.027 6027528.233 6266987.457 6198570.565 6236199.788 6266987.258 6017265.427 6027527.735 6010423.178 6123310.664 5945426.385 6027526.204 6136992.583 5938583.077 6027524.344 920206.5657 0 0 0 0 0 0 0 
0 0 0 0 0 0 0 3366108.801 6277246.151 6054892.064 6109626.137 6133572.661 6048051.982 6243040.501 6051473.642 6373033.359 5935165.476 6284091.8 6160941.503 6263566.928 6116470.582 6116470.561 6013845.066 6195149.635 6379874.994 6058315.301 6246461.413 6181464.901 5825696.684 6297772.572 6400397.192 5897532.631 3188225.015 0 0 0 0 0 0 0 
0 0 0 0 0 0 0 5377564.163 6393555.069 6321718.077 6178043.277 6263564.928 6037789.721 6075419.424 6253303.708 6116470.23 6089103.714 6359350.662 6027528.815 6007003.797 6078841.571 5658077.539 5959111.812 6054895.263 6061736.706 6212253.554 6136994.606 6133573.358 6345665.192 6243039.306 6154096.75 6068575.022 5315989.004 0 0 0 0 0 0 0 
0 0 0 0 0 0 458392.857 6089099.536 6359346.823 6181463.69 6048051.408 5979635.059 6089102.579 6263566.068 6174624.449 6359350.378 6407242.479 6106208.314 6102787.592 6140416.977 6010424.823 6369613.503 6284092.233 5914640.807 6219095.768 6109628.419 6441449.952 6071998.33 6198569.062 6065155.616 6188305.38 6345663.454 6280666.688 547334.7438 0 0 0 0 0 0 
0 0 0 0 0 0 1392282.788 6065153.723 6017262.68 5955688.154 6181464.424 6075418.819 6338824.303 5825698.092 6061736.711 6089103.777 6154100.068 6020687.31 6195150.528 6280671.719 6109629.46 5959112.204 6246463.069 5942007.689 6017266.039 6266987.401 6147257.478 6178044.63 6369611.405 6410660.947 6280668.244 6051471.083 6051470.378 1501749.743 0 0 0 0 0 0 
0 0 0 0 0 0 2008034.401 6065153.806 6013841.882 6013842.549 6195147.857 6201990.111 6160940.475 6041211.344 6037790.872 5959111.736 6219096.2 5952270.468 6509868.341 6164363.047 6314880.231 6256725.799 6010424.83 6065158.168 5935165.834 6325141.827 6147257.524 6284090.882 6027527.06 5918059.534 6030946.756 5887270.701 5942003.476 2079872.087 0 0 0 0 0 0 
0 0 0 0 0 0 1908829.965 6061732.958 6160938.117 6044630.131 6126730.992 5948847.663 5948848.132 5996740.373 6174624.65 5911219.897 6071999.858 5835961.735 6044633.398 5897537.108 5808595.134 6024108.326 6044633.282 5914640.988 6256725.24 6116470.286 5931744.322 6195148.905 6393557.382 6041209.895 5928321.455 6290930.157 6215670.865 1990930.174 0 0 0 0 0 0 
0 0 0 0 0 0 1460699.626 6154095.646 5921479.068 5962529.838 6095943.334 6078839.669 6174623.788 6171203.382 6366191.895 5979636.755 5965953.601 6071999.979 6284092.498 6232779.891 5859907.765 6178046.313 6157521.107 6082262.332 5986478.436 6109628.541 6513287.807 6171202.945 5835959.75 6003580.554 6024105.019 6106204.579 6205408.292 1494908.053 0 0 0 0 0 0 
0 0 0 0 0 0 513126.3326 6051470.247 6013841.717 6130151.052 5890692.591 6020685.211 6198569.587 6140415.649 5890694.353 6195149.863 6458555.157 5989899.6 6154100.279 6184887.92 6277250.743 6266988.139 6034370.573 6113049.818 6362771.243 5904377.742 6249882.66 6188307.039 5849643.028 6044630.541 6390135.146 6232775.632 5983053.41 526809.6973 0 0 0 0 0 0 
0 0 0 0 0 0 0 5309147.324 6082258.344 6335401.432 6099363.882 6208831.41 6181465.179 5959110.721 6178045.137 6061736.701 5924903.183 6092524.754 6239621.179 6102787.446 6154100.165 6243042.059 6191729.238 6136995.536 6362771.03 6167782.582 6051473.502 6400399.179 5976214.046 5873588.215 6037788.083 6017262.333 5100475.931 0 0 0 0 0 0 0 
0 0 0 0 0 0 0 3314796.182 6184883.408 5825695.578 6208830.647 6243039.574 5945426.678 5870168.549 6054894.463 5907798.49 6154099.528 5979636.652 5955690.831 6277250.319 6328562.965 6034370.258 6434608.98 6010424.04 6157520.115 6260145.111 6308036.587 6171202.376 5965951.281 5952267.317 6205409.142 6208829.31 3294271.12 0 0 0 0 0 0 0 
0 0 0 0 0 0 0 865473.0846 6013840.994 6157517.034 6420922.577 6246460.157 6003580.744 5986476.955 6352507.597 6256724.284 6208832.758 6225937.124 6215674.751 6092524.411 6116470.298 6044632.493 5918061.143 5877010.822 6355928.802 6071998.381 6342244.725 5979634.838 6140413.988 6280667.99 6410659.405 6041207.738 824422.9817 0 0 0 0 0 0 0 
0 0 0 0 0 0 0 0 3663722.109 5996737.085 6219092.444 6154096.994 6201989.333 5866746.996 5996739.515 6359349.22 6277249.251 6106207.2 6041211.277 6013844.604 6058315.564 6181465.938 6366191.389 6246461.668 5948847.979 6027527.051 5989897.395 6270406.187 6225934.688 6007000.227 6119887.386 3954493.734 0 0 0 0 0 0 0 0 
0 0 0 0 0 0 0 0 629434.9796 5740173.535 5935162.066 6595385.296 5931742.276 6102784.894 6297773.313 6178044.052 5880430.824 6126731.85 6013844.118 6236199.053 6167782.195 6253303.157 6154098.585 5969372.849 6178044.071 6290931.618 6369610.638 5777804.365 6010421.178 6095941.69 5788065.3 458392.8654 0 0 0 0 0 0 0 0 
0 0 0 0 0 0 0 0 0 1737787.859 6150674.71 6024104.093 6195146.69 6318297.444 6461973.289 6201989.481 6037789.204 6181464.826 6331982.107 6071998.006 6468815.865 5894114.095 6102785.473 6225935.644 5986476.291 6225935.138 6013842.486 6065154.702 6246458.843 6092520.342 1724104.505 0 0 0 0 0 0 0 0 0 
0 0 0 0 0 0 0 0 0 0 2175655.674 6020682.683 6030945.666 6061733.721 6263563.82 6219093.142 6010421.907 5996738.685 6164360.207 6160939.48 6349085.833 6236197.921 6154097.592 5887271.592 6027525.886 6154096.903 6061733.669 6071995.861 6256720.793 2309068.562 0 0 0 0 0 0 0 0 0 0 
0 0 0 0 0 0 0 0 0 0 0 1850675.637 5572552.249 5931741.054 6277246.57 6184884.102 5989896.301 6119888.47 6342243.446 6054892.678 6102784.504 6253301.425 6205409.653 5969371.213 6082258.74 6048050.089 5883849.236 5931740.666 1683054.353 0 0 0 0 0 0 0 0 0 0 0 
0 0 0 0 0 0 0 0 0 0 0 0 550755.5738 4033173.077 5945424.136 6318296.344 6061733.341 6212250.66 6048050.24 6335401.12 5993316.831 6133571.3 6249879.879 6041208.243 6095941.515 5702544.259 3803976.66 608909.9111 0 0 0 0 0 0 0 0 0 0 0 0 
0 0 0 0 0 0 0 0 0 0 0 0 0 0 882577.3056 3201908.313 5257834.693 6164358.127 6314875.151 6215670.914 6174620.669 6126728.903 6284087.559 5363880.777 3277166.909 892839.8019 0 0 0 0 0 0 0 0 0 0 0 0 0 0 
0 0 0 0 0 0 0 0 0 0 0 0 0 0 0 0 0 513126.3293 1412807.795 2199601.56 2028559.467 1464120.467 554176.4575 0 0 0 0 0 0 0 0 0 0 0 0 0 0 0 0 0 
0 0 0 0 0 0 0 0 0 0 0 0 0 0 0 0 0 0 0 0 0 0 0 0 0 0 0 0 0 0 0 0 0 0 0 0 0 0 0 0 
0 0 0 0 0 0 0 0 0 0 0 0 0 0 0 0 0 0 0 0 0 0 0 0 0 0 0 0 0 0 0 0 0 0 0 0 0 0 0 0 
0 0 0 0 0 0 0 0 0 0 0 0 0 0 0 0 0 0 0 0 0 0 0 0 0 0 0 0 0 0 0 0 0 0 0 0 0 0 0 0 
0 0 0 0 0 0 0 0 0 0 0 0 0 0 0 0 0 0 0 0 0 0 0 0 0 0 0 0 0 0 0 0 0 0 0 0 0 0 0 0 
0 0 0 0 0 0 0 0 0 0 0 0 0 0 0 0 0 0 0 0 0 0 0 0 0 0 0 0 0 0 0 0 0 0 0 0 0 0 0 0 
0 0 0 0 0 0 0 0 0 0 0 0 0 0 0 0 0 0 0 0 0 0 0 0 0 0 0 0 0 0 0 0 0 0 0 0 0 0 0 0 
# Errors [psd_source/PSD_source.dat] I_err:
0 0 0 0 0 0 0 0 0 0 0 0 0 0 0 0 0 0 0 0 0 0 0 0 0 0 0 0 0 0 0 0 0 0 0 0 0 0 0 0 
0 0 0 0 0 0 0 0 0 0 0 0 0 0 0 0 0 0 0 0 0 0 0 0 0 0 0 0 0 0 0 0 0 0 0 0 0 0 0 0 
0 0 0 0 0 0 0 0 0 0 0 0 0 0 0 0 0 0 0 0 0 0 0 0 0 0 0 0 0 0 0 0 0 0 0 0 0 0 0 0 
0 0 0 0 0 0 0 0 0 0 0 0 0 0 0 0 0 0 0 0 0 0 0 0 0 0 0 0 0 0 0 0 0 0 0 0 0 0 0 0 
0 0 0 0 0 0 0 0 0 0 0 0 0 0 0 0 0 0 0 0 0 0 0 0 0 0 0 0 0 0 0 0 0 0 0 0 0 0 0 0 
0 0 0 0 0 0 0 0 0 0 0 0 0 0 0 0 0 0 0 0 0 0 0 0 0 0 0 0 0 0 0 0 0 0 0 0 0 0 0 0 
0 0 0 0 0 0 0 0 0 0 0 0 0 0 0 0 0 44207.02194 71837.68592 82668.38765 81096.33 72567.0223 43674.38955 0 0 0 0 0 0 0 0 0 0 0 0 0 0 0 0 0 
0 0 0 0 0 0 0 0 0 0 0 0 0 0 56417.976 105215.2323 138871.0335 143226.715 144203.8272 148324.1982 145093.7368 141913.4337 145496.4357 132709.2857 107905.7532 60906.36529 0 0 0 0 0 0 0 0 0 0 0 0 0 0 
0 0 0 0 0 0 0 0 0 0 0 0 47153.05524 116710.3954 144000.8059 145657.2125 143634.6643 145134.0701 145134.0712 145214.6819 146138.474 144082.0699 144203.8447 144244.4065 144244.4021 141789.6896 114636.5039 44207.02404 0 0 0 0 0 0 0 0 0 0 0 0 
0 0 0 0 0 0 0 0 0 0 0 75646.26368 140629.494 142858.5816 147255.2628 144932.3603 145697.4 146058.3907 146737.8282 146578.2465 147056.4788 144730.3756 143104.1376 147493.489 140795.8464 145013.0736 144406.5663 139081.5397 74712.32273 0 0 0 0 0 0 0 0 0 0 0 
0 0 0 0 0 0 0 0 0 0 86134.60504 142284.019 147889.6412 142571.6071 144366.0645 144406.5969 147652.0992 145093.7794 144203.8766 143226.7651 142694.7026 142776.6853 146098.4587 144366.0782 147374.4403 147215.539 143838.2073 145013.0685 142776.637 86338.15481 0 0 0 0 0 0 0 0 0 0 
0 0 0 0 0 0 0 0 0 77177.71909 145978.2128 142776.649 146976.8694 144284.9881 144730.3838 142981.443 144649.52 144203.8868 146937.0934 143756.872 146418.5172 143634.7153 143349.2764 142448.469 145295.2753 144932.3816 144609.0432 141830.9736 143675.3934 142119.4337 76032.01874 0 0 0 0 0 0 0 0 0 
0 0 0 0 0 0 0 0 45767.75033 138828.8926 144082.0603 146098.4343 144891.9976 143716.1457 144892.016 144487.6336 144487.6403 146018.3626 146658.0977 146178.5605 143675.4576 144609.0824 143512.4647 145576.9104 145657.2679 144041.4903 146218.5533 144528.0982 147255.2726 145617.0412 138533.5565 44733.31564 0 0 0 0 0 0 0 0 
0 0 0 0 0 0 0 0 113301.6842 142612.6261 144163.2664 143634.6863 144406.6048 147691.7359 144203.8904 139836.8109 147016.7281 147691.7614 143716.1845 143349.3028 143838.273 145858.004 144244.478 145375.82 144285.0262 139753.0939 143838.244 145617.0755 146618.1556 145536.6667 144406.5662 116409.2075 0 0 0 0 0 0 0 0 
0 0 0 0 0 0 0 55476.73799 144932.3375 143634.6681 145134.0818 145174.4053 146697.9682 143919.5851 142530.6124 143267.6399 144811.2598 144932.4287 143594.0026 146418.5464 145617.1252 146058.4494 146418.5417 143471.7017 143593.9907 143390.1007 144730.4053 142612.673 143593.9542 144891.9906 142530.5549 143593.9099 56105.98453 0 0 0 0 0 0 0 
0 0 0 0 0 0 0 107307.6293 146538.2918 143919.5434 144568.5777 144851.6243 143838.2481 146138.5244 143878.94 147652.1463 142489.5754 146618.22 145174.4632 146378.5869 144649.5657 144649.5652 143430.9252 145576.9363 147731.3788 143960.2498 146178.5585 145416.0459 141169.3923 146777.7003 147968.7593 142037.0755 104433.7827 0 0 0 0 0 0 0 
0 0 0 0 0 0 0 135631.1144 147889.6426 147056.4713 145375.7851 146378.5401 143716.168 144163.3231 146258.6048 144649.5574 144325.5995 147493.5668 143594.0164 143349.3245 144203.9348 139123.7074 142776.7391 143919.6195 144000.9012 145777.7528 144892.0384 144851.6408 147334.7523 146138.4965 145093.7609 144082.0628 134852.3648 0 0 0 0 0 0 0 
0 0 0 0 0 0 39599.11157 144325.5005 147493.4778 145416.0174 143838.2344 143022.3684 144325.5726 146378.5668 145335.579 147493.5602 148047.9068 144528.1708 144487.6839 144932.4512 143390.14 147612.5364 146618.2301 142242.9919 145858.0171 144568.6317 148442.5741 144122.7249 145617.0899 144041.4818 145496.469 147334.7119 146578.208 43270.61083 0 0 0 0 0 0 
0 0 0 0 0 0 69012.8956 144041.4368 143471.6361 142735.6851 145416.0347 144163.3087 147255.3237 141169.4264 144000.9013 144325.601 145093.8391 143512.5028 145576.9573 146578.3254 144568.6563 142776.7485 146178.5973 142571.6909 143471.7162 146418.545 145013.143 145375.817 147612.4877 148087.3682 146578.2443 143878.8791 143878.8624 71674.60465 0 0 0 0 0 0 
0 0 0 0 0 0 82880.44957 144041.4388 143430.8493 143430.8652 145576.8946 145657.2705 145174.439 143756.8936 143716.1954 142776.7373 145858.0272 142694.7625 149228.8565 145214.7779 146976.9632 146298.6335 143390.1402 144041.5424 142489.584 147096.3216 145013.144 146618.1985 143593.9746 142284.0695 143634.6889 141913.454 142571.5898 84349.95141 0 0 0 0 0 0 
0 0 0 0 0 0 80807.21601 144000.8121 145174.3834 143797.5402 144770.815 142653.7054 142653.7166 143226.7999 145335.5837 142201.85 144122.7612 141293.7404 143797.6179 142037.1833 140962.0684 143553.2717 143797.6151 142242.9963 146298.6205 144649.5587 142448.4988 145576.9192 147889.6961 143756.8591 142407.3691 146697.9345 145817.8014 82526.71083 0 0 0 0 0 0 
0 0 0 0 0 0 70688.20938 145093.7349 142325.1547 142817.6464 144406.6095 144203.8897 145335.5634 145295.309 147572.8752 143022.4089 142858.6794 144122.7641 146618.2362 146018.4062 141583.3222 145375.8566 145134.1643 144244.5022 143104.2059 144568.6345 149268.0286 145295.2987 141293.6924 143308.4444 143553.1929 144528.0824 145697.3727 71511.15011 0 0 0 0 0 0 
0 0 0 0 0 0 41896.58961 143878.8593 143430.8453 144811.207 141954.7032 143512.4528 145617.1022 144932.4198 141954.7456 145576.9417 148639.5486 143145.0946 145093.8441 145456.3284 146538.399 146418.5623 143675.4898 144609.1119 147533.2255 142119.5222 146218.5894 145496.508 141459.2363 143797.5499 147850.0948 146018.3065 143063.2132 42451.53517 0 0 0 0 0 0 
0 0 0 0 0 0 0 134765.5594 144244.4076 147215.5369 144447.115 145737.5797 145416.0525 142776.713 145375.8289 144000.901 142366.338 144366.1393 146098.5167 144487.6805 145093.8414 146138.5609 145536.7489 144892.0603 147533.2206 145255.0341 143878.9367 147968.8052 142981.4482 141748.4596 143716.129 143471.6279 132090.5902 0 0 0 0 0 0 0 
0 0 0 0 0 0 0 106486.5953 145456.2223 141169.3655 145737.5618 146138.5028 142612.6801 141707.2041 143919.6004 142160.6841 145093.8264 143022.4065 142735.7493 146538.3891 147136.1003 143675.4823 148363.7367 143390.1213 145134.1409 146338.5864 146897.2769 145295.2853 142858.6238 142694.687 145697.3926 145737.5304 106156.4032 0 0 0 0 0 0 0 
0 0 0 0 0 0 0 54411.82664 143430.8281 145134.0683 148205.8331 146178.5291 143308.4489 143104.1705 147414.1733 146298.5981 145737.6113 145938.2172 145817.8926 144366.1312 144649.559 143797.5963 142284.1082 141789.7741 147453.8678 144122.7261 147295.0428 143022.3631 144932.3806 146578.2383 148087.3326 143756.8078 53105.75266 0 0 0 0 0 0 0 
0 0 0 0 0 0 0 0 111950.9517 143226.7213 145857.9391 145093.7666 145657.2522 141665.891 143226.7794 147493.5334 146538.3642 144528.1444 143756.892 143430.9142 143960.2561 145416.0703 147572.8634 146178.5645 142653.7129 143593.9744 143145.0419 146458.4529 145938.1601 143349.2393 144689.9146 116308.6392 0 0 0 0 0 0 0 0 
0 0 0 0 0 0 0 0 46402.56233 140129.3295 142489.4935 150205.7842 142448.4496 144487.62 146777.7176 145375.8034 141831.0137 144770.8352 143430.9026 146058.4322 145255.025 146258.5919 145093.8042 142899.5925 145375.8038 146697.9685 147612.47 140587.9207 143390.053 144406.5706 140712.6826 39599.11229 0 0 0 0 0 0 0 0 
0 0 0 0 0 0 0 0 0 77101.86842 145053.4008 143553.1708 145576.8671 147016.6828 148678.8453 145657.2557 143716.1557 145416.0442 147175.8218 144122.7172 148757.5526 141995.9311 144487.6338 145938.1825 143104.1547 145938.1706 143430.8637 144041.4601 146178.4984 144366.0348 76797.71852 0 0 0 0 0 0 0 0 0 
0 0 0 0 0 0 0 0 0 0 86270.35912 143512.3925 143634.663 144000.8302 146378.5142 145857.9555 143390.0704 143226.7595 145214.711 145174.4155 147374.4551 146058.4057 145093.7807 141913.4754 143593.9466 145093.7645 144000.829 144122.6663 146298.5165 88876.09039 0 0 0 0 0 0 0 0 0 0 
0 0 0 0 0 0 0 0 0 0 0 79566.76029 138068.1822 142448.4203 146538.3016 145456.2386 143145.0158 144689.9402 147295.0131 143919.558 144487.6108 146258.5514 145697.4046 142899.5533 144244.417 143838.2031 141872.203 142448.411 75877.95018 0 0 0 0 0 0 0 0 0 0 0 
0 0 0 0 0 0 0 0 0 0 0 0 43405.6199 117459.9893 142612.6191 147016.6572 144000.8212 145777.6849 143838.2067 147215.5297 143185.8777 144851.5922 146218.5244 143756.8198 144406.5664 139669.2705 114073.6794 45639.72741 0 0 0 0 0 0 0 0 0 0 0 0 
0 0 0 0 0 0 0 0 0 0 0 0 0 0 54946.863 104657.6472 134112.7272 145214.662 146976.8449 145817.8025 145335.49 144770.7656 146618.121 135458.4454 105880.4568 55265.39632 0 0 0 0 0 0 0 0 0 0 0 0 0 0 
0 0 0 0 0 0 0 0 0 0 0 0 0 0 0 0 0 41896.58935 69519.72678 86743.81778 83302.95296 70770.93397 43540.21457 0 0 0 0 0 0 0 0 0 0 0 0 0 0 0 0 0 
0 0 0 0 0 0 0 0 0 0 0 0 0 0 0 0 0 0 0 0 0 0 0 0 0 0 0 0 0 0 0 0 0 0 0 0 0 0 0 0 
0 0 0 0 0 0 0 0 0 0 0 0 0 0 0 0 0 0 0 0 0 0 0 0 0 0 0 0 0 0 0 0 0 0 0 0 0 0 0 0 
0 0 0 0 0 0 0 0 0 0 0 0 0 0 0 0 0 0 0 0 0 0 0 0 0 0 0 0 0 0 0 0 0 0 0 0 0 0 0 0 
0 0 0 0 0 0 0 0 0 0 0 0 0 0 0 0 0 0 0 0 0 0 0 0 0 0 0 0 0 0 0 0 0 0 0 0 0 0 0 0 
0 0 0 0 0 0 0 0 0 0 0 0 0 0 0 0 0 0 0 0 0 0 0 0 0 0 0 0 0 0 0 0 0 0 0 0 0 0 0 0 
0 0 0 0 0 0 0 0 0 0 0 0 0 0 0 0 0 0 0 0 0 0 0 0 0 0 0 0 0 0 0 0 0 0 0 0 0 0 0 0 
# Events [psd_source/PSD_source.dat] N:
0 0 0 0 0 0 0 0 0 0 0 0 0 0 0 0 0 0 0 0 0 0 0 0 0 0 0 0 0 0 0 0 0 0 0 0 0 0 0 0 
0 0 0 0 0 0 0 0 0 0 0 0 0 0 0 0 0 0 0 0 0 0 0 0 0 0 0 0 0 0 0 0 0 0 0 0 0 0 0 0 
0 0 0 0 0 0 0 0 0 0 0 0 0 0 0 0 0 0 0 0 0 0 0 0 0 0 0 0 0 0 0 0 0 0 0 0 0 0 0 0 
0 0 0 0 0 0 0 0 0 0 0 0 0 0 0 0 0 0 0 0 0 0 0 0 0 0 0 0 0 0 0 0 0 0 0 0 0 0 0 0 
0 0 0 0 0 0 0 0 0 0 0 0 0 0 0 0 0 0 0 0 0 0 0 0 0 0 0 0 0 0 0 0 0 0 0 0 0 0 0 0 
0 0 0 0 0 0 0 0 0 0 0 0 0 0 0 0 0 0 0 0 0 0 0 0 0 0 0 0 0 0 0 0 0 0 0 0 0 0 0 0 
0 0 0 0 0 0 0 0 0 0 0 0 0 0 0 0 0 167 441 584 562 450 163 0 0 0 0 0 0 0 0 0 0 0 0 0 0 0 0 0 
0 0 0 0 0 0 0 0 0 0 0 0 0 0 272 946 1648 1753 1777 1880 1799 1721 1809 1505 995 317 0 0 0 0 0 0 0 0 0 0 0 0 0 0 
0 0 0 0 0 0 0 0 0 0 0 0 190 1164 1772 1813 1763 1800 1800 1802 1825 1774 1777 1778 1778 1718 1123 167 0 0 0 0 0 0 0 0 0 0 0 0 
0 0 0 0 0 0 0 0 0 0 0 489 1690 1744 1853 1795 1814 1823 1840 1836 1848 1790 1750 1859 1694 1797 1782 1653 477 0 0 0 0 0 0 0 0 0 0 0 
0 0 0 0 0 0 0 0 0 0 634 1730 1869 1737 1781 1782 1863 1799 1777 1753 1740 1742 1824 1781 1856 1852 1768 1797 1742 637 0 0 0 0 0 0 0 0 0 0 
0 0 0 0 0 0 0 0 0 509 1821 1742 1846 1779 1790 1747 1788 1777 1845 1766 1832 1763 1756 1734 1804 1795 1787 1719 1764 1726 494 0 0 0 0 0 0 0 0 0 
0 0 0 0 0 0 0 0 179 1647 1774 1824 1794 1765 1794 1784 1784 1822 1838 1826 1764 1787 1760 1811 1813 1773 1827 1785 1853 1812 1640 171 0 0 0 0 0 0 0 0 
0 0 0 0 0 0 0 0 1097 1738 1776 1763 1782 1864 1777 1671 1847 1864 1765 1756 1768 1818 1778 1806 1779 1669 1768 1812 1837 1810 1782 1158 0 0 0 0 0 0 0 0 
0 0 0 0 0 0 0 263 1795 1763 1800 1801 1839 1770 1736 1754 1792 1795 1762 1832 1812 1823 1832 1759 1762 1757 1790 1738 1762 1794 1736 1762 269 0 0 0 0 0 0 0 
0 0 0 0 0 0 0 984 1835 1770 1786 1793 1768 1825 1769 1863 1735 1837 1801 1831 1788 1788 1758 1811 1865 1771 1826 1807 1703 1841 1871 1724 932 0 0 0 0 0 0 0 
0 0 0 0 0 0 0 1572 1869 1848 1806 1831 1765 1776 1828 1788 1780 1859 1762 1756 1777 1654 1742 1770 1772 1816 1794 1793 1855 1825 1799 1774 1554 0 0 0 0 0 0 0 
0 0 0 0 0 0 134 1780 1859 1807 1768 1748 1780 1831 1805 1859 1873 1785 1784 1795 1757 1862 1837 1729 1818 1786 1883 1775 1812 1773 1809 1855 1836 160 0 0 0 0 0 0 
0 0 0 0 0 0 407 1773 1759 1741 1807 1776 1853 1703 1772 1780 1799 1760 1811 1836 1786 1742 1826 1737 1759 1832 1797 1806 1862 1874 1836 1769 1769 439 0 0 0 0 0 0 
0 0 0 0 0 0 587 1773 1758 1758 1811 1813 1801 1766 1765 1742 1818 1740 1903 1802 1846 1829 1757 1773 1735 1849 1797 1837 1762 1730 1763 1721 1737 608 0 0 0 0 0 0 
0 0 0 0 0 0 558 1772 1801 1767 1791 1739 1739 1753 1805 1728 1775 1706 1767 1724 1698 1761 1767 1729 1829 1788 1734 1811 1869 1766 1733 1839 1817 582 0 0 0 0 0 0 
0 0 0 0 0 0 427 1799 1731 1743 1782 1777 1805 1804 1861 1748 1744 1775 1837 1822 1713 1806 1800 1778 1750 1786 1904 1804 1706 1755 1761 1785 1814 437 0 0 0 0 0 0 
0 0 0 0 0 0 150 1769 1758 1792 1722 1760 1812 1795 1722 1811 1888 1751 1799 1808 1835 1832 1764 1787 1860 1726 1827 1809 1710 1767 1868 1822 1749 154 0 0 0 0 0 0 
0 0 0 0 0 0 0 1552 1778 1852 1783 1815 1807 1742 1806 1772 1732 1781 1824 1784 1799 1825 1810 1794 1860 1803 1769 1871 1747 1717 1765 1759 1491 0 0 0 0 0 0 0 
0 0 0 0 0 0 0 969 1808 1703 1815 1825 1738 1716 1770 1727 1799 1748 1741 1835 1850 1764 1881 1757 1800 1830 1844 1804 1744 1740 1814 1815 963 0 0 0 0 0 0 0 
0 0 0 0 0 0 0 253 1758 1800 1877 1826 1755 1750 1857 1829 1815 1820 1817 1781 1788 1767 1730 1718 1858 1775 1854 1748 1795 1836 1874 1766 241 0 0 0 0 0 0 0 
0 0 0 0 0 0 0 0 1071 1753 1818 1799 1813 1715 1753 1859 1835 1785 1766 1758 1771 1807 1861 1826 1739 1762 1751 1833 1820 1756 1789 1156 0 0 0 0 0 0 0 0 
0 0 0 0 0 0 0 0 184 1678 1735 1928 1734 1784 1841 1806 1719 1791 1758 1823 1803 1828 1799 1745 1806 1839 1862 1689 1757 1782 1692 134 0 0 0 0 0 0 0 0 
0 0 0 0 0 0 0 0 0 508 1798 1761 1811 1847 1889 1813 1765 1807 1851 1775 1891 1723 1784 1820 1750 1820 1758 1773 1826 1781 504 0 0 0 0 0 0 0 0 0 
0 0 0 0 0 0 0 0 0 0 636 1760 1763 1772 1831 1818 1757 1753 1802 1801 1856 1823 1799 1721 1762 1799 1772 1775 1829 675 0 0 0 0 0 0 0 0 0 0 
0 0 0 0 0 0 0 0 0 0 0 541 1629 1734 1835 1808 1751 1789 1854 1770 1784 1828 1814 1745 1778 1768 1720 1734 492 0 0 0 0 0 0 0 0 0 0 0 
0 0 0 0 0 0 0 0 0 0 0 0 161 1179 1738 1847 1772 1816 1768 1852 1752 1793 1827 1766 1782 1667 1112 178 0 0 0 0 0 0 0 0 0 0 0 0 
0 0 0 0 0 0 0 0 0 0 0 0 0 0 258 936 1537 1802 1846 1817 1805 1791 1837 1568 958 261 0 0 0 0 0 0 0 0 0 0 0 0 0 0 
0 0 0 0 0 0 0 0 0 0 0 0 0 0 0 0 0 150 413 643 593 428 162 0 0 0 0 0 0 0 0 0 0 0 0 0 0 0 0 0 
0 0 0 0 0 0 0 0 0 0 0 0 0 0 0 0 0 0 0 0 0 0 0 0 0 0 0 0 0 0 0 0 0 0 0 0 0 0 0 0 
0 0 0 0 0 0 0 0 0 0 0 0 0 0 0 0 0 0 0 0 0 0 0 0 0 0 0 0 0 0 0 0 0 0 0 0 0 0 0 0 
0 0 0 0 0 0 0 0 0 0 0 0 0 0 0 0 0 0 0 0 0 0 0 0 0 0 0 0 0 0 0 0 0 0 0 0 0 0 0 0 
0 0 0 0 0 0 0 0 0 0 0 0 0 0 0 0 0 0 0 0 0 0 0 0 0 0 0 0 0 0 0 0 0 0 0 0 0 0 0 0 
0 0 0 0 0 0 0 0 0 0 0 0 0 0 0 0 0 0 0 0 0 0 0 0 0 0 0 0 0 0 0 0 0 0 0 0 0 0 0 0 
0 0 0 0 0 0 0 0 0 0 0 0 0 0 0 0 0 0 0 0 0 0 0 0 0 0 0 0 0 0 0 0 0 0 0 0 0 0 0 0 
