# Format: McCode with text headers
# URL: http://www.mccode.org
# Creator: McStas 2.5 - Dec. 12, 2018
# Instrument: ESS_HEIMDAL.instr
# Ncount: 25000
# Trace: no
# Gravitation: no
# Seed: 1565850559
# Directory: TemperatureScan/15
# Nodes: 4
# Param: lmax=4
# Param: lmin=0.5
# Param: T=310
# Param: tau=0
# Param: use_CoFe2O4=1
# Param: use_CoFe=1
# Param: use_magn=1
# Date: Wed Aug 14 12:13:48 2019 (1565777628)
# type: array_2d(40, 40)
# Source: ESS_HEIMDAL (ESS_HEIMDAL.instr)
# component: psd_source
# position: 0 0 0.01
# title: PSD monitor
# Ncount: 100000
# filename: PSD_source.dat
# statistics: X0=-0.00333749; dX=4.98696; Y0=0.0102075; dY=5.01411;
# signal: Min=0; Max=7.38902e+06; Mean=2.13803e+06;
# values: 3.42084e+09 1.08177e+07 100000
# xvar: X 
# yvar: Y 
# xlabel: X position [cm]
# ylabel: Y position [cm]
# zvar: I
# zlabel: Signal per bin
# xylimits: -15 15 -15 15
# variables: I I_err N
# Data [psd_source/PSD_source.dat] I:
0 0 0 0 0 0 0 0 0 0 0 0 0 0 0 0 0 0 0 0 0 0 0 0 0 0 0 0 0 0 0 0 0 0 0 0 0 0 0 0 
0 0 0 0 0 0 0 0 0 0 0 0 0 0 0 0 0 0 0 0 0 0 0 0 0 0 0 0 0 0 0 0 0 0 0 0 0 0 0 0 
0 0 0 0 0 0 0 0 0 0 0 0 0 0 0 0 0 0 0 0 0 0 0 0 0 0 0 0 0 0 0 0 0 0 0 0 0 0 0 0 
0 0 0 0 0 0 0 0 0 0 0 0 0 0 0 0 0 0 0 0 0 0 0 0 0 0 0 0 0 0 0 0 0 0 0 0 0 0 0 0 
0 0 0 0 0 0 0 0 0 0 0 0 0 0 0 0 0 0 0 0 0 0 0 0 0 0 0 0 0 0 0 0 0 0 0 0 0 0 0 0 
0 0 0 0 0 0 0 0 0 0 0 0 0 0 0 0 0 0 0 0 0 0 0 0 0 0 0 0 0 0 0 0 0 0 0 0 0 0 0 0 
0 0 0 0 0 0 0 0 0 0 0 0 0 0 0 0 0 786793.6928 1368336.829 2223547.586 1984088.619 1470962.213 478917.926 0 0 0 0 0 0 0 0 0 0 0 0 0 0 0 0 0 
0 0 0 0 0 0 0 0 0 0 0 0 0 0 992044.2196 3420842.225 5165471.853 5712806.778 6807476.406 6773268.124 6089100.101 6499600.438 5541764.844 5199680.149 3660301.405 752585.2425 0 0 0 0 0 0 0 0 0 0 0 0 0 0 
0 0 0 0 0 0 0 0 0 0 0 0 376292.6274 4344469.736 5918057.11 6670643.106 5849641.232 5952266.578 6568018.294 5644390.819 6328559.521 5849641.391 6568018.459 6602226.558 6533809.242 6260141.714 3557675.987 478917.9342 0 0 0 0 0 0 0 0 0 0 0 0 
0 0 0 0 0 0 0 0 0 0 0 1505170.522 5439139.107 5918057.547 6670643.434 6328559.412 6191726.35 6020684.097 5849642.047 6807478.306 6465394.016 6602227.439 6739061.055 6191726.065 6054891.97 6807476.994 6499600.629 5097055.205 1847254.887 0 0 0 0 0 0 0 0 0 0 0 
0 0 0 0 0 0 0 0 0 0 1847254.761 5575973.303 5883849.491 5815433.158 5986475.601 5986475.775 6602227.999 5644391.92 6191726.821 6362769.237 6054893.267 6191726.9 5541766.722 6260143.577 5849642.113 6260143.054 5575973.934 6191725.224 5849640.549 2531423.225 0 0 0 0 0 0 0 0 0 0 
0 0 0 0 0 0 0 0 0 1710421.16 6191724.993 5918057.942 6602226.975 6054892.499 5781225.459 6191727.143 5575975.313 6362769.587 6841687.75 5952268.45 5165474.332 6328561.387 6260144.249 6020685.012 5781225.632 6499602.743 6089100.914 6362768.069 5541765.371 6260141.527 1881463.292 0 0 0 0 0 0 0 0 0 
0 0 0 0 0 0 0 0 615751.5993 6020682.579 6157516.798 6978519.892 5781225.375 5781225.454 6533811.35 6704854.211 6157519.148 6089102.52 6396978.558 6396978.8 6328561.93 6431187.102 6225936.428 5883851.845 5883851.463 5849642.837 6431185.892 6294351.777 5918058.397 5473348.371 5199680.439 513126.2871 0 0 0 0 0 0 0 0 
0 0 0 0 0 0 0 0 4036593.905 5439139.78 6225934.113 5610182.899 6157518.243 6191727.138 5918060.228 5918060.44 5644393.148 5610184.764 6260145.577 5507559.676 5610185.064 6773272.04 5918060.822 6294353.344 6431186.935 5781226.371 6020684.931 6123310.039 5233890.101 6670643.819 5131264.001 3420842.304 0 0 0 0 0 0 0 0 
0 0 0 0 0 0 0 1026252.668 5473347.791 6225933.888 6465393.503 6157518.12 5199682.408 6089102.145 6020685.723 6089102.87 6739063.63 7389024.216 6499604.924 6191728.875 6362771.191 5815435.916 6465396.262 5781227.177 6396978.993 6054894.239 5370724.933 6260144.103 5883850.79 5986475.407 6089100.17 5268097.449 581543.1769 0 0 0 0 0 0 0 
0 0 0 0 0 0 0 2770882.249 5849640.849 6260142.548 5507557.687 6294352.295 6431186.494 5644392.815 6807480.353 5815435.621 6123311.951 6157520.584 6568022.108 6123312.174 5815436.246 5781227.79 6157520.55 5747018.944 5883852.542 6773271.816 6020685.768 6157518.94 6260143.769 6191726.439 6499601.605 6533809.356 3455050.721 0 0 0 0 0 0 0 
0 0 0 0 0 0 0 5028638.195 5952266.423 6431185.066 5952267.599 5849642.849 6294353.002 5507559.383 5781227.184 6396979.494 6054895.25 5370726.519 6260146.317 6089104.113 6431188.554 6602230.723 5507560.262 6020686.863 6533813.263 6328562.294 6157519.655 6465395.268 6020685.154 6636436.339 5781224.893 5473348.375 4652345.635 0 0 0 0 0 0 0 
0 0 0 0 0 0 684168.4354 6191724.812 5815432.746 5507557.536 6054893.117 6157518.938 6020685.692 6499604.352 6157520.271 5883852.974 6225937.717 6294354.766 6602230.949 5233892.997 6123312.68 6362771.8 5747019.637 5883853.157 6294354.323 6294353.957 5815435.532 6978522.032 6362769.592 6294352.082 6910103.292 5062847.44 5336514.238 342084.2056 0 0 0 0 0 0 
0 0 0 0 0 0 1231503.183 6362766.972 6191725.709 6225934.793 6020684.811 6260144.366 6431187.099 5815435.531 6294354.164 5165475.659 7286399.745 6841690.139 6465397.269 6465397.317 6704856.47 5473352.159 5781228.177 6157520.946 5575977.088 6020686.566 6807480.464 6568020.878 5439141.815 5849642.61 7252187.759 5712807.734 6157516.463 1334128.456 0 0 0 0 0 0 
0 0 0 0 0 0 1881463.225 6568017.671 6225934.182 6123309.507 7183771.676 6396978.221 5986477.485 5883852.52 6739064.008 6533813.673 5986478.719 5268101.435 5678602.988 6294355.155 5712811.451 6636439.616 6260146.507 6362771.662 6568022.116 6123311.928 5370725.851 6431187.192 6431186.672 6670645.162 5815433.63 6328559.468 6089099.722 1813046.39 0 0 0 0 0 0 
0 0 0 0 0 0 1881463.229 6225933.43 6499601.598 5952267.364 5883851.131 5918060.026 5781226.753 5541768.02 6533813.329 5610185.562 5952270.293 5644394.388 6020687.461 6054895.998 5952270.636 5439143.81 6157521.162 5952270.298 6670647.451 6123311.99 6225936.938 5849643.64 5575975.634 6191726.951 7217979.392 6089100.416 5507556.465 2189339.042 0 0 0 0 0 0 
0 0 0 0 0 0 1573587.41 5268097.403 6054891.96 6875895.018 5610183.512 5986476.917 6807479.998 5952269.308 6020686.589 5883853.117 5644394.177 6089104.237 5986478.964 5952270.612 6123312.851 6054895.841 6123312.679 6670647.688 6396979.822 6875897.741 6191728.455 6773271.503 6807479.366 6602228.2 5336515.499 5610182.376 5336514.273 1744629.557 0 0 0 0 0 0 
0 0 0 0 0 0 273667.3665 7149560.573 6396976.029 6362768.351 6294352.114 6568020.147 6396978.521 5233891.857 6294353.974 5781227.6 5747019.458 6670647.729 7149566.194 5918061.965 5302309.873 6294354.906 6499605.53 6602230.559 6328562.836 5849644.235 5268100.322 5747018.151 5815434.567 5644391.873 6910103.345 5952266.517 5610181.545 478917.9049 0 0 0 0 0 0 
0 0 0 0 0 0 0 4515511.966 6191725.336 6157517.603 5233890.513 5747017.521 6328561.454 6568020.979 7012731.177 5610185.22 6465396.536 6191729.304 7252191.323 6225937.819 6020687.192 5986478.671 5541768.698 6602230.389 5849644.347 6396979.101 6362770.379 5644392.657 6704853.738 6191726.534 6294351.264 4583929.361 5062846.692 0 0 0 0 0 0 0 
0 0 0 0 0 0 0 3933968.574 6328558.837 5918058.31 5336515.598 5781225.689 6020685.308 5678601.272 6499604.234 6910105.944 6260145.74 5302309.353 6054895.245 6602230.565 5918061.475 7183774.167 5507560.009 5952269.679 6020686.473 6362770.439 6191727.897 5165474.345 6499602.838 6225934.902 6944311.182 6328558.782 3352425.48 0 0 0 0 0 0 0 
0 0 0 0 0 0 0 581543.1504 5747015.26 7115353.062 6465393.677 6533810.851 6978521.222 6089102.324 5781226.557 5575976.216 5986477.721 5712810.461 6225937.197 6978523.157 5473351.513 5815435.931 6465396.241 5986477.788 6773271.703 7149564.272 6328561.47 6089101.965 5712808.536 6123309.118 6636435.005 6260141.578 821002.1645 0 0 0 0 0 0 0 
0 0 0 0 0 0 0 0 3865551.819 6568017.758 6944311.151 5815433.535 6157518.354 5849642.76 5918059.993 6054894.164 5952269.097 5302308.758 6089103.1 6704855.193 5678601.761 6328562.187 6020686.087 5473350.683 5883851.888 6499603.657 5575975.298 6875895.288 6602227.516 6465392.964 6157516.661 3181383.301 0 0 0 0 0 0 0 0 
0 0 0 0 0 0 0 0 752585.2865 4891804.728 6089099.907 6225934.275 6978520.18 5507557.985 5678600.547 6123310.585 5747017.845 6054894.119 6225936.487 6533812.628 5883852.149 5336516.886 6465395.453 5986477.09 6191727.481 6054893.545 6704853.309 6465393.928 5747016.356 5370723.033 5131263.543 513126.3404 0 0 0 0 0 0 0 0 
0 0 0 0 0 0 0 0 0 1710421.055 5918057.361 6123308.563 5302306.742 5541766.201 5781225.624 5986476.348 5747017.545 5199682.805 5815434.789 5678600.729 6020685.302 6875896.474 7183772.02 7217980.276 6602227.956 5644391.507 5507557.593 6054892.223 6431184.075 6568017.485 2326172.739 0 0 0 0 0 0 0 0 0 
0 0 0 0 0 0 0 0 0 0 2873507.642 6191724.942 5712807.177 6362767.846 6225934.633 6773269.567 5952267.584 5439141.118 6739061.913 6910104.092 6089101.576 6020684.796 5815434.295 6054892.673 6807478.376 6533810.387 6020683.647 6294350.658 6328558.603 2394589.603 0 0 0 0 0 0 0 0 0 0 
0 0 0 0 0 0 0 0 0 0 0 1813046.458 4926012.923 6191725.363 6225934.17 6602226.972 6499601.696 6225934.402 5541766.027 6294351.909 5747016.757 7081145.471 6294351.738 6704852.479 6260142.592 6123308.611 6670642.859 5439139.266 1642004.358 0 0 0 0 0 0 0 0 0 0 0 
0 0 0 0 0 0 0 0 0 0 0 0 513126.3303 4412886.438 6670642.818 5199680.56 6568018.212 6533809.843 6294351.188 5849641.2 6499601.6 5678599.294 6465393.084 6225933.887 6191725.124 5575973.24 3249800.212 581543.151 0 0 0 0 0 0 0 0 0 0 0 0 
0 0 0 0 0 0 0 0 0 0 0 0 0 0 1026252.645 3386633.968 5986473.802 6396975.496 6089099.737 6431184.212 5575973.461 5815432.214 5849640.757 5199680.278 3455050.765 957835.7922 0 0 0 0 0 0 0 0 0 0 0 0 0 0 
0 0 0 0 0 0 0 0 0 0 0 0 0 0 0 0 0 684168.4776 1368336.872 2086713.513 1813046.366 1607795.898 444709.4491 0 0 0 0 0 0 0 0 0 0 0 0 0 0 0 0 0 
0 0 0 0 0 0 0 0 0 0 0 0 0 0 0 0 0 0 0 0 0 0 0 0 0 0 0 0 0 0 0 0 0 0 0 0 0 0 0 0 
0 0 0 0 0 0 0 0 0 0 0 0 0 0 0 0 0 0 0 0 0 0 0 0 0 0 0 0 0 0 0 0 0 0 0 0 0 0 0 0 
0 0 0 0 0 0 0 0 0 0 0 0 0 0 0 0 0 0 0 0 0 0 0 0 0 0 0 0 0 0 0 0 0 0 0 0 0 0 0 0 
0 0 0 0 0 0 0 0 0 0 0 0 0 0 0 0 0 0 0 0 0 0 0 0 0 0 0 0 0 0 0 0 0 0 0 0 0 0 0 0 
0 0 0 0 0 0 0 0 0 0 0 0 0 0 0 0 0 0 0 0 0 0 0 0 0 0 0 0 0 0 0 0 0 0 0 0 0 0 0 0 
0 0 0 0 0 0 0 0 0 0 0 0 0 0 0 0 0 0 0 0 0 0 0 0 0 0 0 0 0 0 0 0 0 0 0 0 0 0 0 0 
# Errors [psd_source/PSD_source.dat] I_err:
0 0 0 0 0 0 0 0 0 0 0 0 0 0 0 0 0 0 0 0 0 0 0 0 0 0 0 0 0 0 0 0 0 0 0 0 0 0 0 0 
0 0 0 0 0 0 0 0 0 0 0 0 0 0 0 0 0 0 0 0 0 0 0 0 0 0 0 0 0 0 0 0 0 0 0 0 0 0 0 0 
0 0 0 0 0 0 0 0 0 0 0 0 0 0 0 0 0 0 0 0 0 0 0 0 0 0 0 0 0 0 0 0 0 0 0 0 0 0 0 0 
0 0 0 0 0 0 0 0 0 0 0 0 0 0 0 0 0 0 0 0 0 0 0 0 0 0 0 0 0 0 0 0 0 0 0 0 0 0 0 0 
0 0 0 0 0 0 0 0 0 0 0 0 0 0 0 0 0 0 0 0 0 0 0 0 0 0 0 0 0 0 0 0 0 0 0 0 0 0 0 0 
0 0 0 0 0 0 0 0 0 0 0 0 0 0 0 0 0 0 0 0 0 0 0 0 0 0 0 0 0 0 0 0 0 0 0 0 0 0 0 0 
0 0 0 0 0 0 0 0 0 0 0 0 0 0 0 0 0 164057.8258 216353.0492 275797.1347 260523.599 224319.6345 127996.1997 0 0 0 0 0 0 0 0 0 0 0 0 0 0 0 0 0 
0 0 0 0 0 0 0 0 0 0 0 0 0 0 184217.9868 342084.2225 420360.1378 442070.2608 482569.2078 481355.2054 456397.3483 471530.5753 435402.1668 421749.7516 353854.6929 160451.7128 0 0 0 0 0 0 0 0 0 0 0 0 0 0 
0 0 0 0 0 0 0 0 0 0 0 0 113456.496 385509.35 449941.5502 477694.6747 447333.2454 451240.1648 474005.8912 439415.2293 465284.9497 447333.2575 474005.9032 475238.6667 472769.8443 462762.9914 348858.8324 127996.2019 0 0 0 0 0 0 0 0 0 0 0 0 
0 0 0 0 0 0 0 0 0 0 0 226912.9939 431351.7894 449941.5835 477694.6983 465284.9416 460227.3951 453826.1393 447333.3077 482569.3425 470288.2139 475238.73 480138.2199 460227.374 455113.5499 482569.2495 471530.5891 417567.0324 251379.5499 0 0 0 0 0 0 0 0 0 0 0 
0 0 0 0 0 0 0 0 0 0 251379.5328 436743.9358 448639.3178 446023.3627 452535.0192 452535.0323 475238.7703 439415.315 460227.4301 466540.8761 455113.6474 460227.436 435402.3143 462763.1292 447333.3127 462763.0905 436743.9852 460227.3114 447333.1931 294271.9726 0 0 0 0 0 0 0 0 0 0 
0 0 0 0 0 0 0 0 0 241890.0802 460227.2943 449941.6135 475238.6967 455113.5897 444709.6507 460227.4541 436744.0932 466540.9017 483780.3803 451240.3067 420360.3395 465285.0869 462763.1788 453826.2083 444709.664 471530.7425 456397.4093 466540.7904 435402.2082 462762.9776 253696.4585 0 0 0 0 0 0 0 0 0 
0 0 0 0 0 0 0 0 145134.0438 453826.0249 458954.2045 488594.1211 444709.6442 444709.6503 472769.9969 478918.1579 458954.3796 456397.5296 467793.4017 467793.4194 465285.1268 469042.526 461497.1123 448639.4972 448639.4681 447333.3681 469042.4377 464025.7694 449941.648 432706.182 421749.7751 132488.6376 0 0 0 0 0 0 0 0 
0 0 0 0 0 0 0 0 371598.5892 431351.8427 461496.9407 438081.6841 458954.3121 460227.4537 449941.7873 449941.8034 439415.4106 438081.8298 462763.277 434056.5093 438081.8531 481355.4837 449941.8324 464025.8849 469042.5138 444709.7208 453826.2022 457677.6807 423134.9357 477694.7258 418965.9513 342084.2304 0 0 0 0 0 0 0 0 
0 0 0 0 0 0 0 187367.2453 432706.1361 461496.924 470288.1766 458954.3029 421749.9348 456397.5015 453826.2619 456397.5559 480138.4033 502759.4174 471530.9008 460227.5828 466541.0193 446023.5743 470288.3773 444709.7828 467793.4336 455113.7205 428630.5129 462763.168 448639.4167 452535.0045 456397.3535 424515.3901 141044.9379 0 0 0 0 0 0 0 
0 0 0 0 0 0 0 307875.8054 447333.2161 462763.0531 434056.3526 464025.8076 469042.4816 439415.3847 482569.4876 446023.5516 457677.8236 458954.4866 474006.1665 457677.8403 446023.5996 444709.83 458954.4841 443392.1377 448639.5503 481355.4678 453826.2653 458954.3641 462763.1433 460227.4017 471530.66 472769.8526 343790.3961 0 0 0 0 0 0 0 
0 0 0 0 0 0 0 414755.0879 451240.153 469042.3775 451240.2422 447333.369 464025.8597 434056.4862 444709.7834 467793.4701 455113.7964 428630.6395 462763.3317 456397.649 469042.6319 475238.9664 434056.5555 453826.3479 472770.1353 465285.1536 458954.4174 470288.3049 453826.219 476468.3614 444709.6071 432706.1823 398935.347 0 0 0 0 0 0 0 
0 0 0 0 0 0 152984.713 460227.2808 446023.3311 434056.3407 455113.6362 458954.3639 453826.2596 471530.8593 458954.4633 448639.5833 461497.2078 464025.9897 475238.9827 423135.1698 457677.8781 466541.064 443392.1912 448639.5972 464025.957 464025.9301 446023.5448 488594.2708 466540.9021 464025.7918 486193.171 416163.496 427263.0863 108176.5241 0 0 0 0 0 0 
0 0 0 0 0 0 205250.5304 466540.71 460227.3475 461496.9911 453826.1932 462763.1874 469042.5258 446023.5447 464025.9453 420360.4476 499255.8841 483780.5492 470288.4505 470288.454 478918.3193 432706.4814 444709.8598 458954.5136 436744.2323 453826.3255 482569.4954 474006.0777 431352.0041 447333.3507 498082.3002 442070.3348 458954.1795 213631.5266 0 0 0 0 0 0 
0 0 0 0 0 0 253696.4496 474005.8463 461496.9458 457677.6409 495727.342 467793.377 452535.1615 448639.5487 480138.4302 472770.1649 452535.2548 424515.7113 440745.0694 464026.0184 442070.6224 476468.5966 462763.3458 466541.0539 474006.1671 457677.8219 428630.5862 469042.5325 469042.4946 477694.822 446023.3989 465284.9458 456397.3199 249041.0746 0 0 0 0 0 0 
0 0 0 0 0 0 253696.45 461496.89 471530.6595 451240.2244 448639.4427 449941.7719 444709.7502 435402.4163 472770.1401 438081.892 451240.4464 439415.5072 453826.3929 455113.8527 451240.4724 431352.1624 458954.5297 451240.4468 477694.9859 457677.8265 461497.1501 447333.4295 436744.1184 460227.4398 496906.1938 456397.3719 434056.2563 273667.3802 0 0 0 0 0 0 
0 0 0 0 0 0 232012.8059 424515.3864 455113.5492 484988.2406 438081.732 452535.1187 482569.4624 451240.3717 453826.3272 448639.5942 439415.4907 456397.6583 452535.2734 451240.4706 457677.8909 455113.8409 457677.878 477695.0029 467793.4942 484988.4327 460227.5516 481355.4455 482569.4176 475238.7848 427263.1873 438081.6433 427263.0891 244297.0023 0 0 0 0 0 0 
0 0 0 0 0 0 96756.02531 494545.4459 467793.2168 466540.8111 464025.7942 474006.025 467793.399 423135.0776 464025.9313 444709.8154 443392.1773 477695.0058 494545.8347 449941.9193 425891.7778 464026 471530.9447 475238.9546 465285.1934 447333.475 424515.6217 443392.0765 446023.4708 439415.3113 486193.1747 451240.1601 438081.5784 127996.194 0 0 0 0 0 0 
0 0 0 0 0 0 0 393024.8692 460227.3197 458954.2644 423134.9689 443392.0279 465285.0918 474006.085 489790.391 438081.8653 470288.3972 460227.6147 498082.545 461497.2154 453826.3726 452535.2512 435402.4695 475238.9424 447333.4836 467793.4415 466540.9598 439415.3724 478918.1242 460227.4088 464025.7316 395991.184 416163.4345 0 0 0 0 0 0 0 
0 0 0 0 0 0 0 366844.4611 465284.8993 449941.6414 427263.1952 444709.6684 453826.2306 440744.9362 471530.8507 486193.3576 462763.289 425891.736 455113.7961 475238.955 449941.8821 495727.5139 434056.5356 451240.3998 453826.3185 466540.9642 460227.5101 420360.3406 471530.7494 461496.9992 487395.0957 465284.8954 338646.1129 0 0 0 0 0 0 0 
0 0 0 0 0 0 0 141044.9315 443391.8535 493360.9674 470288.1893 472769.9608 488594.2141 456397.5149 444709.7351 436744.164 452535.1794 442070.5458 461497.1693 488594.3496 432706.4304 446023.5754 470288.3758 452535.1845 481355.4597 494545.7017 465285.093 456397.488 442070.3968 457677.6119 476468.2656 462762.9813 167586.3651 0 0 0 0 0 0 0 
0 0 0 0 0 0 0 0 363640.5264 474005.8526 487395.0935 446023.3916 458954.3204 447333.3622 449941.7694 455113.7148 451240.3558 425891.6883 456397.5731 478918.2281 440744.9742 465285.1457 453826.2893 432706.3647 448639.5005 471530.8088 436744.0921 484988.2597 475238.7356 470288.1374 458954.1942 329894.0806 0 0 0 0 0 0 0 0 
0 0 0 0 0 0 0 0 160451.7222 409073.2618 456397.3338 461496.9527 488594.1412 434056.3761 440744.88 457677.7215 443392.0529 455113.7114 461497.1166 472770.0893 448639.5204 427263.2984 470288.3184 452535.1317 460227.4792 455113.6683 478918.0935 470288.2075 443391.938 428630.3613 418965.9139 132488.6514 0 0 0 0 0 0 0 0 
0 0 0 0 0 0 0 0 0 241890.0653 449941.5693 457677.5704 425891.5263 435402.2734 444709.6634 452535.0756 443392.0297 421749.967 446023.4878 440744.8941 453826.2302 484988.3433 495727.3657 496906.2547 475238.7673 439415.2829 434056.3452 455113.5689 469042.3052 474005.8329 282089.8796 0 0 0 0 0 0 0 0 0 
0 0 0 0 0 0 0 0 0 0 313525.3877 460227.2905 442070.2917 466540.7741 461496.9792 481355.3079 451240.241 431351.9489 480138.281 486193.2273 456397.4588 453826.192 446023.4499 455113.6028 482569.3474 472769.9272 453826.1054 464025.6869 465284.8822 286208.2002 0 0 0 0 0 0 0 0 0 0 
0 0 0 0 0 0 0 0 0 0 0 249041.0839 410501.077 460227.3218 461496.9449 475238.6964 471530.6666 461496.9621 435402.2597 464025.7791 443391.969 492173.6329 464025.7665 478918.0342 462763.0563 457677.574 477694.6571 431351.802 237002.9145 0 0 0 0 0 0 0 0 0 0 0 
0 0 0 0 0 0 0 0 0 0 0 0 132488.6488 388532.9864 477694.6542 421749.785 474005.8854 472769.8878 464025.726 447333.2429 471530.6596 440744.7827 470288.1461 461496.9239 460227.304 436743.9309 333422.4667 141044.9316 0 0 0 0 0 0 0 0 0 0 0 0 
0 0 0 0 0 0 0 0 0 0 0 0 0 0 187367.2411 340369.5204 452534.8832 467793.1778 456397.321 469042.3152 436743.9482 446023.2903 447333.209 421749.762 343790.4005 181013.9502 0 0 0 0 0 0 0 0 0 0 0 0 0 0 
0 0 0 0 0 0 0 0 0 0 0 0 0 0 0 0 0 152984.7224 216353.0561 267176.2876 249041.0713 234521.135 123340.2093 0 0 0 0 0 0 0 0 0 0 0 0 0 0 0 0 0 
0 0 0 0 0 0 0 0 0 0 0 0 0 0 0 0 0 0 0 0 0 0 0 0 0 0 0 0 0 0 0 0 0 0 0 0 0 0 0 0 
0 0 0 0 0 0 0 0 0 0 0 0 0 0 0 0 0 0 0 0 0 0 0 0 0 0 0 0 0 0 0 0 0 0 0 0 0 0 0 0 
0 0 0 0 0 0 0 0 0 0 0 0 0 0 0 0 0 0 0 0 0 0 0 0 0 0 0 0 0 0 0 0 0 0 0 0 0 0 0 0 
0 0 0 0 0 0 0 0 0 0 0 0 0 0 0 0 0 0 0 0 0 0 0 0 0 0 0 0 0 0 0 0 0 0 0 0 0 0 0 0 
0 0 0 0 0 0 0 0 0 0 0 0 0 0 0 0 0 0 0 0 0 0 0 0 0 0 0 0 0 0 0 0 0 0 0 0 0 0 0 0 
0 0 0 0 0 0 0 0 0 0 0 0 0 0 0 0 0 0 0 0 0 0 0 0 0 0 0 0 0 0 0 0 0 0 0 0 0 0 0 0 
# Events [psd_source/PSD_source.dat] N:
0 0 0 0 0 0 0 0 0 0 0 0 0 0 0 0 0 0 0 0 0 0 0 0 0 0 0 0 0 0 0 0 0 0 0 0 0 0 0 0 
0 0 0 0 0 0 0 0 0 0 0 0 0 0 0 0 0 0 0 0 0 0 0 0 0 0 0 0 0 0 0 0 0 0 0 0 0 0 0 0 
0 0 0 0 0 0 0 0 0 0 0 0 0 0 0 0 0 0 0 0 0 0 0 0 0 0 0 0 0 0 0 0 0 0 0 0 0 0 0 0 
0 0 0 0 0 0 0 0 0 0 0 0 0 0 0 0 0 0 0 0 0 0 0 0 0 0 0 0 0 0 0 0 0 0 0 0 0 0 0 0 
0 0 0 0 0 0 0 0 0 0 0 0 0 0 0 0 0 0 0 0 0 0 0 0 0 0 0 0 0 0 0 0 0 0 0 0 0 0 0 0 
0 0 0 0 0 0 0 0 0 0 0 0 0 0 0 0 0 0 0 0 0 0 0 0 0 0 0 0 0 0 0 0 0 0 0 0 0 0 0 0 
0 0 0 0 0 0 0 0 0 0 0 0 0 0 0 0 0 23 40 65 58 43 14 0 0 0 0 0 0 0 0 0 0 0 0 0 0 0 0 0 
0 0 0 0 0 0 0 0 0 0 0 0 0 0 29 100 151 167 199 198 178 190 162 152 107 22 0 0 0 0 0 0 0 0 0 0 0 0 0 0 
0 0 0 0 0 0 0 0 0 0 0 0 11 127 173 195 171 174 192 165 185 171 192 193 191 183 104 14 0 0 0 0 0 0 0 0 0 0 0 0 
0 0 0 0 0 0 0 0 0 0 0 44 159 173 195 185 181 176 171 199 189 193 197 181 177 199 190 149 54 0 0 0 0 0 0 0 0 0 0 0 
0 0 0 0 0 0 0 0 0 0 54 163 172 170 175 175 193 165 181 186 177 181 162 183 171 183 163 181 171 74 0 0 0 0 0 0 0 0 0 0 
0 0 0 0 0 0 0 0 0 50 181 173 193 177 169 181 163 186 200 174 151 185 183 176 169 190 178 186 162 183 55 0 0 0 0 0 0 0 0 0 
0 0 0 0 0 0 0 0 18 176 180 204 169 169 191 196 180 178 187 187 185 188 182 172 172 171 188 184 173 160 152 15 0 0 0 0 0 0 0 0 
0 0 0 0 0 0 0 0 118 159 182 164 180 181 173 173 165 164 183 161 164 198 173 184 188 169 176 179 153 195 150 100 0 0 0 0 0 0 0 0 
0 0 0 0 0 0 0 30 160 182 189 180 152 178 176 178 197 216 190 181 186 170 189 169 187 177 157 183 172 175 178 154 17 0 0 0 0 0 0 0 
0 0 0 0 0 0 0 81 171 183 161 184 188 165 199 170 179 180 192 179 170 169 180 168 172 198 176 180 183 181 190 191 101 0 0 0 0 0 0 0 
0 0 0 0 0 0 0 147 174 188 174 171 184 161 169 187 177 157 183 178 188 193 161 176 191 185 180 189 176 194 169 160 136 0 0 0 0 0 0 0 
0 0 0 0 0 0 20 181 170 161 177 180 176 190 180 172 182 184 193 153 179 186 168 172 184 184 170 204 186 184 202 148 156 10 0 0 0 0 0 0 
0 0 0 0 0 0 36 186 181 182 176 183 188 170 184 151 213 200 189 189 196 160 169 180 163 176 199 192 159 171 212 167 180 39 0 0 0 0 0 0 
0 0 0 0 0 0 55 192 182 179 210 187 175 172 197 191 175 154 166 184 167 194 183 186 192 179 157 188 188 195 170 185 178 53 0 0 0 0 0 0 
0 0 0 0 0 0 55 182 190 174 172 173 169 162 191 164 174 165 176 177 174 159 180 174 195 179 182 171 163 181 211 178 161 64 0 0 0 0 0 0 
0 0 0 0 0 0 46 154 177 201 164 175 199 174 176 172 165 178 175 174 179 177 179 195 187 201 181 198 199 193 156 164 156 51 0 0 0 0 0 0 
0 0 0 0 0 0 8 209 187 186 184 192 187 153 184 169 168 195 209 173 155 184 190 193 185 171 154 168 170 165 202 174 164 14 0 0 0 0 0 0 
0 0 0 0 0 0 0 132 181 180 153 168 185 192 205 164 189 181 212 182 176 175 162 193 171 187 186 165 196 181 184 134 148 0 0 0 0 0 0 0 
0 0 0 0 0 0 0 115 185 173 156 169 176 166 190 202 183 155 177 193 173 210 161 174 176 186 181 151 190 182 203 185 98 0 0 0 0 0 0 0 
0 0 0 0 0 0 0 17 168 208 189 191 204 178 169 163 175 167 182 204 160 170 189 175 198 209 185 178 167 179 194 183 24 0 0 0 0 0 0 0 
0 0 0 0 0 0 0 0 113 192 203 170 180 171 173 177 174 155 178 196 166 185 176 160 172 190 163 201 193 189 180 93 0 0 0 0 0 0 0 0 
0 0 0 0 0 0 0 0 22 143 178 182 204 161 166 179 168 177 182 191 172 156 189 175 181 177 196 189 168 157 150 15 0 0 0 0 0 0 0 0 
0 0 0 0 0 0 0 0 0 50 173 179 155 162 169 175 168 152 170 166 176 201 210 211 193 165 161 177 188 192 68 0 0 0 0 0 0 0 0 0 
0 0 0 0 0 0 0 0 0 0 84 181 167 186 182 198 174 159 197 202 178 176 170 177 199 191 176 184 185 70 0 0 0 0 0 0 0 0 0 0 
0 0 0 0 0 0 0 0 0 0 0 53 144 181 182 193 190 182 162 184 168 207 184 196 183 179 195 159 48 0 0 0 0 0 0 0 0 0 0 0 
0 0 0 0 0 0 0 0 0 0 0 0 15 129 195 152 192 191 184 171 190 166 189 182 181 163 95 17 0 0 0 0 0 0 0 0 0 0 0 0 
0 0 0 0 0 0 0 0 0 0 0 0 0 0 30 99 175 187 178 188 163 170 171 152 101 28 0 0 0 0 0 0 0 0 0 0 0 0 0 0 
0 0 0 0 0 0 0 0 0 0 0 0 0 0 0 0 0 20 40 61 53 47 13 0 0 0 0 0 0 0 0 0 0 0 0 0 0 0 0 0 
0 0 0 0 0 0 0 0 0 0 0 0 0 0 0 0 0 0 0 0 0 0 0 0 0 0 0 0 0 0 0 0 0 0 0 0 0 0 0 0 
0 0 0 0 0 0 0 0 0 0 0 0 0 0 0 0 0 0 0 0 0 0 0 0 0 0 0 0 0 0 0 0 0 0 0 0 0 0 0 0 
0 0 0 0 0 0 0 0 0 0 0 0 0 0 0 0 0 0 0 0 0 0 0 0 0 0 0 0 0 0 0 0 0 0 0 0 0 0 0 0 
0 0 0 0 0 0 0 0 0 0 0 0 0 0 0 0 0 0 0 0 0 0 0 0 0 0 0 0 0 0 0 0 0 0 0 0 0 0 0 0 
0 0 0 0 0 0 0 0 0 0 0 0 0 0 0 0 0 0 0 0 0 0 0 0 0 0 0 0 0 0 0 0 0 0 0 0 0 0 0 0 
0 0 0 0 0 0 0 0 0 0 0 0 0 0 0 0 0 0 0 0 0 0 0 0 0 0 0 0 0 0 0 0 0 0 0 0 0 0 0 0 
