# Format: McCode with text headers
# URL: http://www.mccode.org
# Creator: McStas 2.5 - Dec. 12, 2018
# Instrument: ESS_HEIMDAL.instr
# Ncount: 250000
# Trace: no
# Gravitation: no
# Seed: 1565866609
# Directory: TauScan/28
# Nodes: 4
# Param: lmax=4
# Param: lmin=0.5
# Param: T=200
# Param: tau=280
# Param: use_CoFe2O4=1
# Param: use_CoFe=1
# Param: use_magn=1
# Date: Wed Aug 14 15:27:04 2019 (1565789224)
# type: array_2d(40, 40)
# Source: ESS_HEIMDAL (ESS_HEIMDAL.instr)
# component: psd_source
# position: 0 0 0.01
# title: PSD monitor
# Ncount: 1000000
# filename: PSD_source.dat
# statistics: X0=-0.001539; dX=5.00439; Y0=0.00167175; dY=5.00606;
# signal: Min=0; Max=6.55092e+06; Mean=2.13803e+06;
# values: 3.42084e+09 3.42084e+06 1e+06
# xvar: X 
# yvar: Y 
# xlabel: X position [cm]
# ylabel: Y position [cm]
# zvar: I
# zlabel: Signal per bin
# xylimits: -15 15 -15 15
# variables: I I_err N
# Data [psd_source/PSD_source.dat] I:
0 0 0 0 0 0 0 0 0 0 0 0 0 0 0 0 0 0 0 0 0 0 0 0 0 0 0 0 0 0 0 0 0 0 0 0 0 0 0 0 
0 0 0 0 0 0 0 0 0 0 0 0 0 0 0 0 0 0 0 0 0 0 0 0 0 0 0 0 0 0 0 0 0 0 0 0 0 0 0 0 
0 0 0 0 0 0 0 0 0 0 0 0 0 0 0 0 0 0 0 0 0 0 0 0 0 0 0 0 0 0 0 0 0 0 0 0 0 0 0 0 
0 0 0 0 0 0 0 0 0 0 0 0 0 0 0 0 0 0 0 0 0 0 0 0 0 0 0 0 0 0 0 0 0 0 0 0 0 0 0 0 
0 0 0 0 0 0 0 0 0 0 0 0 0 0 0 0 0 0 0 0 0 0 0 0 0 0 0 0 0 0 0 0 0 0 0 0 0 0 0 0 
0 0 0 0 0 0 0 0 0 0 0 0 0 0 0 0 0 0 0 0 0 0 0 0 0 0 0 0 0 0 0 0 0 0 0 0 0 0 0 0 
0 0 0 0 0 0 0 0 0 0 0 0 0 0 0 0 0 506284.6325 1498328.916 1895146.608 1867779.859 1470962.164 605489.0786 0 0 0 0 0 0 0 0 0 0 0 0 0 0 0 0 0 
0 0 0 0 0 0 0 0 0 0 0 0 0 0 916785.704 3167699.904 5271518.06 6376450.339 6287508.506 6191725.041 6006999.473 6225933.307 5962528.396 5223626.261 3256641.866 923627.4154 0 0 0 0 0 0 0 0 0 0 0 0 0 0 
0 0 0 0 0 0 0 0 0 0 0 0 615751.601 3899760.232 6027524.332 6143833.323 6109625.087 6205408.968 6136992.121 6030946.081 6314875.989 6249880.022 6243038.181 6174621.083 6229354.398 5938582.483 3892918.537 581543.1704 0 0 0 0 0 0 0 0 0 0 0 0 
0 0 0 0 0 0 0 0 0 0 0 1854096.502 5401510.15 6102783.174 6099362.711 5900954.138 6000158.786 6030946.567 6266984.776 6184884.65 6051471.772 6342243.448 6150676.084 6188305.193 6219092.533 6222513.076 6102783.18 5859902.949 1785679.616 0 0 0 0 0 0 0 0 0 0 0 
0 0 0 0 0 0 0 0 0 0 2196180.702 5825694.689 6273825.499 6092521.258 6273826.299 6051471.804 6164359.921 6338823.135 6123310.11 6003580.62 6078839.169 6277248.069 5965951.166 6048051.224 6106205.361 6167780.185 5856483.113 6297771.464 5972790.841 2086713.759 0 0 0 0 0 0 0 0 0 0 
0 0 0 0 0 0 0 0 0 1737787.883 5887269.837 6089100.101 6085679.658 5894112.852 5924900.767 6431186.02 6219093.963 6065156.152 6034368.695 6325140.454 6102785.581 5931743.387 5863326.38 5989897.452 6236197.915 6318297.848 6208830.448 6311455.386 6308033.987 6027524.351 1765154.614 0 0 0 0 0 0 0 0 0 
0 0 0 0 0 0 0 0 595226.5673 5504135.408 6044629.068 6219092.564 6390135.233 6174622.542 6092522.676 6143835.644 6181465.18 5856485.095 6116469.469 5952268.971 6414082.954 5948848.082 6331982.528 5808593.147 6150677.317 6205410.502 6126730.757 6143834.546 6143834.055 6010420.593 5801748.696 636276.6431 0 0 0 0 0 0 0 0 
0 0 0 0 0 0 0 0 3964756.192 6054891.415 6085679.554 6205409.595 6167780.87 6321719.248 6318298.811 6113048.471 6550916.779 5996740.195 6379874.883 6150678.372 5979636.12 6239620.304 6253303.559 6184886.452 6044631.557 6133573.2 6095943.521 6160939.199 6167780.388 6184884.032 6024103.777 3920285.288 0 0 0 0 0 0 0 0 
0 0 0 0 0 0 0 1005727.639 6013840.995 6373030.161 5952267.04 5931742.548 6099364.347 6246461.115 6010423.184 6308036.997 6191728.533 6143836.884 6321720.943 6048053.408 5955690.639 5873590.256 6013844.781 5873589.982 6472237.495 6126731.923 6160940.006 6304615.013 5798329.628 6116467.496 6136991.984 6082257.846 950994.1488 0 0 0 0 0 0 0 
0 0 0 0 0 0 0 3366108.808 6116466.567 6178042.391 6065155.193 6376452.511 6095943.814 6260144.774 6263566 6037790.565 6027528.287 6065157.762 5979636.75 6239621.04 5856486.408 6007003.47 6249883.345 6030949.134 6188307.686 5856485.512 5945427.072 6266985.985 6068576.58 6253301.575 6113046.374 5928320.225 3403738.084 0 0 0 0 0 0 0 
0 0 0 0 0 0 0 5107317.624 6058312.467 6034367.238 6051472.082 6147256.24 6232777.827 5928323.121 6130153.297 5921482.062 6048053.587 5935165.885 5849644.908 6164362.672 6089104.107 6273829.636 5911219.96 6010424.302 6126732.784 6078840.647 6400399.641 5945426.916 5907797.166 6256722.683 5829116.645 6314875.674 5168892.781 0 0 0 0 0 0 0 
0 0 0 0 0 0 588384.8578 6095941.191 5897533.077 6164359.463 5948846.936 6198569.073 5955689.628 6147257.358 6007003.07 6078841.12 5747019.419 6054895.629 6270408.992 6061737.514 6051474.968 6136996.049 6089104.078 6058316.286 6099366.188 6130153.49 6362770.545 6201990.418 6171202.322 6041209.715 6232776.339 6273825.779 6249879.074 608909.9065 0 0 0 0 0 0 
0 0 0 0 0 0 1494908.047 5904374.127 6287509.265 6044630.071 6078839.112 5877009.882 6007002.428 6113049.016 6184887.118 6068578.71 6078841.487 5945428.703 6308038.407 6027529.18 6174625.52 6099366.859 6266988.146 6116470.791 6130153.915 6198570.511 6270407.865 6048052.554 6174623.307 6225935.389 6188305.472 6379872.024 6195145.752 1494908.052 0 0 0 0 0 0 
0 0 0 0 0 0 1990930.18 6167779.059 6273825.956 6369610.243 5832538.431 6130152.388 6431187.165 6205411.876 6178045.506 6212254.26 6106208.312 6441451.309 6024108.329 6037791.766 6126733.742 6020687.484 6188308.778 5791490.573 6373033.964 6205412.251 6222516.104 6325140.994 6085681.401 5747017.35 6068576.037 6020683.556 6123308.14 1970405.139 0 0 0 0 0 0 
0 0 0 0 0 0 1953300.915 6130149.8 6007000.185 6396976.992 6013843.151 5993318.624 6113048.66 6266987.084 6321720.97 6205412.572 6154100.129 6338825.959 6270409.171 6181467.271 6191729.8 6113050.299 6266988.208 6198571.117 6154099.892 5924902.998 5914640.098 6239619.887 6277248.673 6089101.721 6171201.345 6037787.792 6116466.449 2096976.299 0 0 0 0 0 0 
0 0 0 0 0 0 1522274.794 5979632.682 6417501.294 6085680.193 6157518.521 6143835.711 6034369.189 6061736.342 6400400.323 6041211.958 5866749.097 6034370.685 6178046.299 6174625.512 6171204.668 6407242.928 5866749.273 6342246.544 6068578.699 6222516.411 6095944.793 5989898.208 6140414.859 5948847.045 6188305.495 5965950.015 5962528.452 1559904.05 0 0 0 0 0 0 
0 0 0 0 0 0 571280.6451 5774382.022 6424342.844 5979633.922 6355927.315 5955689.162 6041210.736 6239620.138 5863327.617 6065157.743 6229358.532 6147258.446 6041212.386 5969374.705 6239621.443 6048054.074 5928324.374 6116470.664 6171203.926 6219095.455 6232778.456 6345665.859 6082260.409 5969372.026 6236197.191 6071996.032 5900953.176 557597.2846 0 0 0 0 0 0 
0 0 0 0 0 0 0 5083371.737 6321717.36 6167780.102 6007001.095 6119889.494 6208831.924 6160940.536 6126732.435 6136995.325 6133574.722 6318300.498 6113049.933 5928324.349 5825699.007 5989899.52 5969374.322 6154099.752 6198570.495 6249882.846 6208832.327 5983056.19 5993318.277 6082259.652 6102784.12 6068575.01 5155209.425 0 0 0 0 0 0 0 
0 0 0 0 0 0 0 3461892.397 6243037.727 6143833.965 5983054.967 6355927.439 6215673.358 6400399.341 6109628.006 6160940.986 5989898.996 6068578.584 6171204.039 6201991.728 6352508.862 6123312.234 6133574.614 6167782.888 5829119.059 6249882.605 6277248.94 6287511.1 6229356.224 6222513.995 6188304.952 5945424.41 3554255.122 0 0 0 0 0 0 0 
0 0 0 0 0 0 0 916785.7161 6116466.304 6345663.377 6013842.232 6013842.794 6054893.412 6171202.488 6249882.268 6106207.137 5856485.792 5959111.264 6061736.703 5890694.5 6195149.699 6082261.778 6003582.263 5812014.77 6273828.554 6273828.219 5942005.94 6044630.823 6157518.229 6294351.38 6085679.337 6061732.827 868893.9355 0 0 0 0 0 0 0 
0 0 0 0 0 0 0 0 4084485.706 6188304.308 6232775.842 6030946.66 6318297.926 6225935.655 5952268.498 6027527.403 6102786.152 6253303.497 6273828.69 5989898.699 6198570.149 5945427.651 6181465.807 6136994.629 6048052.432 6188306.711 6048051.783 6249881.142 6178042.887 6034367 5986474.514 3855289.243 0 0 0 0 0 0 0 0 
0 0 0 0 0 0 0 0 670485.0854 5538343.809 6441446.767 5873587.505 5945425.593 6082259.769 6024105.828 6157519.093 6102785.744 6017264.849 6181465.408 6461974.785 6154098.8 6325140.946 6178044.498 6359349.103 6184885.763 6325140.096 6041209.621 6048050.891 5938583.433 5904374.503 5497293.671 608909.9112 0 0 0 0 0 0 0 0 
0 0 0 0 0 0 0 0 0 1693316.91 6095941.259 6249879.672 6311455.381 5965950.615 5870167.327 6034368.144 6260144.071 6054893.672 6229356.716 6301194.58 6325140.495 6143835.676 6013843.491 6065155.946 6373031.615 6075418.016 6020684.124 6249880.192 6095941.651 5788065.404 1765154.591 0 0 0 0 0 0 0 0 0 
0 0 0 0 0 0 0 0 0 0 2213284.962 6373029.449 6119887.512 6243038.368 6095942.467 6054892.642 6246460.146 6007001.198 6314877.283 5846221.782 6113047.66 5955688.68 6212251.936 5969371.853 6249880.747 6222513.636 6003579.388 6171200.261 6068574.438 2008034.399 0 0 0 0 0 0 0 0 0 0 
0 0 0 0 0 0 0 0 0 0 0 1628320.898 5849640.47 6280666.951 6321717.489 6082258.771 6208830.181 6126730.208 5928321.388 6331981.028 6253301.563 6160938.775 6403818.516 5948846.123 6157517.404 6208829.706 6212250.144 5630706.562 1840413.11 0 0 0 0 0 0 0 0 0 0 0 
0 0 0 0 0 0 0 0 0 0 0 0 537072.242 3933968.554 5955686.661 6256721.169 5918057.959 5979633.23 6263563.336 6154096.427 5993316.855 6171200.567 6184883.81 5989895.686 6041208.131 6236195.852 4033173.028 543913.9193 0 0 0 0 0 0 0 0 0 0 0 0 
0 0 0 0 0 0 0 0 0 0 0 0 0 0 937310.7744 3396896.358 5257834.636 6051470.19 6126728.898 5989895.335 6116466.44 5952265.944 6048049.333 5168892.782 3256641.869 903102.3511 0 0 0 0 0 0 0 0 0 0 0 0 0 0 
0 0 0 0 0 0 0 0 0 0 0 0 0 0 0 0 0 612330.7691 1577008.254 2073030.407 2038822.013 1549641.578 564438.9765 0 0 0 0 0 0 0 0 0 0 0 0 0 0 0 0 0 
0 0 0 0 0 0 0 0 0 0 0 0 0 0 0 0 0 0 0 0 0 0 0 0 0 0 0 0 0 0 0 0 0 0 0 0 0 0 0 0 
0 0 0 0 0 0 0 0 0 0 0 0 0 0 0 0 0 0 0 0 0 0 0 0 0 0 0 0 0 0 0 0 0 0 0 0 0 0 0 0 
0 0 0 0 0 0 0 0 0 0 0 0 0 0 0 0 0 0 0 0 0 0 0 0 0 0 0 0 0 0 0 0 0 0 0 0 0 0 0 0 
0 0 0 0 0 0 0 0 0 0 0 0 0 0 0 0 0 0 0 0 0 0 0 0 0 0 0 0 0 0 0 0 0 0 0 0 0 0 0 0 
0 0 0 0 0 0 0 0 0 0 0 0 0 0 0 0 0 0 0 0 0 0 0 0 0 0 0 0 0 0 0 0 0 0 0 0 0 0 0 0 
0 0 0 0 0 0 0 0 0 0 0 0 0 0 0 0 0 0 0 0 0 0 0 0 0 0 0 0 0 0 0 0 0 0 0 0 0 0 0 0 
# Errors [psd_source/PSD_source.dat] I_err:
0 0 0 0 0 0 0 0 0 0 0 0 0 0 0 0 0 0 0 0 0 0 0 0 0 0 0 0 0 0 0 0 0 0 0 0 0 0 0 0 
0 0 0 0 0 0 0 0 0 0 0 0 0 0 0 0 0 0 0 0 0 0 0 0 0 0 0 0 0 0 0 0 0 0 0 0 0 0 0 0 
0 0 0 0 0 0 0 0 0 0 0 0 0 0 0 0 0 0 0 0 0 0 0 0 0 0 0 0 0 0 0 0 0 0 0 0 0 0 0 0 
0 0 0 0 0 0 0 0 0 0 0 0 0 0 0 0 0 0 0 0 0 0 0 0 0 0 0 0 0 0 0 0 0 0 0 0 0 0 0 0 
0 0 0 0 0 0 0 0 0 0 0 0 0 0 0 0 0 0 0 0 0 0 0 0 0 0 0 0 0 0 0 0 0 0 0 0 0 0 0 0 
0 0 0 0 0 0 0 0 0 0 0 0 0 0 0 0 0 0 0 0 0 0 0 0 0 0 0 0 0 0 0 0 0 0 0 0 0 0 0 0 
0 0 0 0 0 0 0 0 0 0 0 0 0 0 0 0 0 41616.34043 71592.92491 80517.06397 79933.59884 70936.09452 45511.34609 0 0 0 0 0 0 0 0 0 0 0 0 0 0 0 0 0 
0 0 0 0 0 0 0 0 0 0 0 0 0 0 56001.60003 104097.0778 134287.126 147691.679 146658.025 145536.6502 143349.2213 145938.1277 142817.6119 133675.7342 105548.3692 56210.17446 0 0 0 0 0 0 0 0 0 0 0 0 0 0 
0 0 0 0 0 0 0 0 0 0 0 0 45895.41457 115500.9298 143593.9096 144972.7105 144568.5528 145697.3885 144891.9797 143634.6729 146976.8644 146218.5277 146138.4701 145335.4997 145978.2209 142530.5406 115399.5685 44602.32512 0 0 0 0 0 0 0 0 0 0 0 0 
0 0 0 0 0 0 0 0 0 0 0 79640.26406 135932.7589 144487.5793 144447.0872 142078.2796 143267.5879 143634.6844 146418.4837 145456.2515 143878.8955 147295.0132 145053.4332 145496.4646 145857.9412 145898.0436 144487.5795 141583.2059 78157.07353 0 0 0 0 0 0 0 0 0 0 0 
0 0 0 0 0 0 0 0 0 0 86676.33851 141169.344 146498.3622 144366.0565 146498.3808 143878.8963 145214.7043 147255.2965 144730.3922 143308.446 144203.8778 146538.3366 142858.6211 143838.2301 144528.1009 145254.9777 141541.8981 146777.6745 142940.4638 84488.57049 0 0 0 0 0 0 0 0 0 0 
0 0 0 0 0 0 0 0 0 77101.86949 141913.4331 144325.5139 144284.9768 141995.9011 142366.28 148324.2452 145857.9748 144041.4945 143675.4451 147096.2896 144487.6363 142448.4763 141624.5885 143145.0433 146058.4056 147016.6922 145737.5571 146937.0551 146897.2164 143593.9101 77706.59897 0 0 0 0 0 0 0 0 0 
0 0 0 0 0 0 0 0 45124.00961 137218.0008 143797.5149 145857.9419 147850.0968 145335.5341 144366.0901 144972.7653 145416.0525 141541.946 144649.5394 142694.7266 148126.9008 142653.7154 147175.8316 140962.0202 145053.4623 145697.4246 144770.8094 144972.7394 144972.7278 143390.0391 140878.9121 46654.06703 0 0 0 0 0 0 0 0 
0 0 0 0 0 0 0 0 116459.4589 143919.528 144284.9743 145697.4033 145254.9938 147056.4986 147016.7146 144609.08 149698.5843 143226.7956 147731.3763 145053.4872 143022.3937 146098.4962 146258.6013 145456.2939 143797.5741 144851.6371 144406.6139 145174.4089 145254.9825 145456.2369 143553.1633 115804.4808 0 0 0 0 0 0 0 0 
0 0 0 0 0 0 0 58655.22706 143430.8281 147652.0722 142694.6803 142448.4561 144447.126 146178.5515 143390.1009 146897.2865 145536.7323 144972.7946 147056.538 143838.282 142735.7447 141748.5089 143430.9184 141748.5023 148796.8985 144770.8369 145174.4279 146857.4234 140837.4164 144649.4927 144891.9765 144244.3958 57036.83875 0 0 0 0 0 0 0 
0 0 0 0 0 0 0 107307.6295 144649.4707 145375.7643 144041.4717 147691.7293 144406.6209 146338.5785 146378.5652 143716.1881 143594.0038 144041.5327 143022.4088 146098.5134 141541.9777 143349.3167 146218.6055 143634.7456 145496.5232 141541.956 142612.6895 146418.5119 144082.0998 146258.5549 144609.0304 142407.3396 107905.7515 0 0 0 0 0 0 0 
0 0 0 0 0 0 0 132179.1527 143960.1825 143675.4104 143878.9029 145013.1137 146018.3579 142407.4092 144811.26 142325.2266 143838.2863 142489.5852 141459.2818 145214.7691 144325.6088 146498.4588 142201.8515 143390.1276 144770.8573 144203.9129 147968.8159 142612.6858 142160.6522 146298.5607 141210.8121 146976.8571 132973.5586 0 0 0 0 0 0 0 
0 0 0 0 0 0 44863.92481 144406.5587 142037.0863 145214.6935 142653.6879 145617.0902 142735.7205 145013.1401 143349.3071 144203.9241 140212.9168 143919.6281 146458.5184 144000.9204 143878.9715 144892.0724 144325.6081 143960.2732 144447.1696 144811.2646 147533.2093 145657.2777 145295.284 143756.8548 146018.323 146498.3687 146218.5055 45639.72707 0 0 0 0 0 0 
0 0 0 0 0 0 71511.14984 142119.4352 146658.0427 143797.5387 144203.8765 141789.7515 143349.2918 144609.0929 145456.3095 144082.1503 144203.9328 142612.7286 146897.3193 143594.0251 145335.6042 144447.1855 146418.5624 144649.5706 144811.2746 145617.124 146458.4921 143838.2617 145335.5521 145938.1765 145496.4711 147731.31 145576.8451 71511.15006 0 0 0 0 0 0 
0 0 0 0 0 0 82526.71108 145254.9512 146498.3728 147612.4608 141252.264 144811.2386 148324.2716 145697.4568 145375.8376 145777.7694 144528.1707 148442.6054 143553.2717 143716.2167 144770.8799 143512.5069 145496.5489 140754.3659 147652.1603 145697.4656 145898.1146 147096.3022 144285.0181 140212.8663 144082.0869 143512.4133 144730.3456 82100.21411 0 0 0 0 0 0 
0 0 0 0 0 0 81743.0992 144811.1774 143349.2383 147929.2262 143430.8795 143185.9205 144609.0845 146418.5376 147056.5386 145697.4732 145093.8405 147255.3622 146458.5226 145416.1017 145536.7621 144609.1232 146418.5639 145617.1382 145093.835 142366.3336 142242.9749 146098.4864 146538.3507 144325.5523 145295.261 143716.1221 144649.468 84696.07502 0 0 0 0 0 0 
0 0 0 0 0 0 72162.74599 143022.3115 148166.3382 144284.9895 145134.1034 144972.7669 143675.4569 144000.8925 147968.8317 143756.9082 141665.9417 143675.4925 145375.8562 145335.604 145295.3393 148047.9171 141665.946 147295.0851 144082.1501 145898.1218 144406.6441 143145.0614 144932.4012 142653.6906 145496.4717 142858.5935 142817.6132 73049.20002 0 0 0 0 0 0 
0 0 0 0 0 0 44207.02355 140546.2594 148245.294 143022.3411 147453.8333 142735.7093 143756.8791 146098.4923 141624.6183 144041.5323 145978.3178 145013.1658 143756.9184 142899.6369 146098.5228 143838.2978 142407.4392 144649.5676 145295.3218 145858.0098 146018.3726 147334.7678 144244.4566 142899.5728 146058.3886 144122.6704 142078.2564 43674.39 0 0 0 0 0 0 
0 0 0 0 0 0 0 131868.9248 147056.4547 145254.9758 143349.26 144689.9644 145737.5918 145174.4404 144770.849 144892.0554 144851.673 147016.7539 144609.1146 142407.4387 141169.4486 143145.0927 142899.6277 145093.8317 145617.1236 146218.5938 145737.6012 143063.2797 143185.9122 144244.4387 144487.6017 144082.0625 132797.435 0 0 0 0 0 0 0 
0 0 0 0 0 0 0 108823.6551 146138.4595 144972.7257 143063.2504 147453.8362 145817.8599 147968.809 144568.6219 145174.451 143145.0802 144082.1473 145295.3245 145657.3085 147414.2027 144730.4424 144851.6705 145255.0414 141210.8706 146218.5882 146538.3569 146658.0855 145978.2637 145898.0652 145496.4589 142612.6257 110265.7978 0 0 0 0 0 0 0 
0 0 0 0 0 0 0 56001.60077 144649.4645 147334.7102 143430.8576 143430.871 143919.5755 145295.288 146218.5803 144528.1429 141541.9628 142776.726 144000.9011 141954.7492 145576.9378 144244.4891 143308.4852 141003.5412 146498.4335 146498.4257 142571.6489 143797.5566 145134.0965 146737.8232 144284.9692 144000.809 54519.25439 0 0 0 0 0 0 0 
0 0 0 0 0 0 0 0 118204.8285 145496.4438 146018.3114 143634.6866 147016.694 145938.1827 142694.7153 143593.9828 144487.6498 146258.5998 146498.4367 143145.0731 145617.1154 142612.7034 145416.0672 144892.0389 143838.2588 145496.5003 143838.2434 146218.5539 145375.7759 143675.4048 143104.1122 114840.4825 0 0 0 0 0 0 0 0 
0 0 0 0 0 0 0 0 47891.79181 137643.7474 148442.5007 141748.4425 142612.654 144244.4414 143553.2121 145134.1169 144487.6402 143471.6879 145416.0578 148678.8797 145093.8092 147096.3011 145375.8139 147493.5307 145456.2776 147096.2813 143756.8526 143838.2222 142530.5634 142119.4442 137132.6914 45639.72742 0 0 0 0 0 0 0 0 
0 0 0 0 0 0 0 0 0 76108.9352 144406.5604 146218.5195 146937.0549 142858.6079 141707.1746 143675.432 146338.5621 143919.5816 145978.2752 146817.5856 147096.2906 144972.7661 143430.8876 144041.4896 147652.1059 144163.2897 143512.4268 146218.5317 144406.5697 140712.6852 77706.59798 0 0 0 0 0 0 0 0 0 
0 0 0 0 0 0 0 0 0 0 87013.21048 147652.0557 144689.9176 146138.4745 144406.589 143919.5571 146178.5289 143349.2625 146976.8945 141417.8582 144609.0608 142735.6977 145777.7148 142899.5686 146218.5447 145898.0567 143308.4166 145295.2355 144082.0489 82880.44946 0 0 0 0 0 0 0 0 0 0 
0 0 0 0 0 0 0 0 0 0 0 74633.96599 141459.1744 146578.2141 147056.4577 144244.4178 145737.5509 144770.7964 142407.3675 147175.7967 146258.5546 145174.3989 148008.3078 142653.6684 145134.0771 145737.5397 145777.6728 138786.7416 79345.84334 0 0 0 0 0 0 0 0 0 0 0 
0 0 0 0 0 0 0 0 0 0 0 0 42863.03124 116006.4038 142735.6494 146298.5253 142284.0317 143022.3246 146378.5029 145093.7533 143185.8783 145295.2427 145456.2317 143145.0011 143756.8171 146058.3572 117459.9879 43135.17962 0 0 0 0 0 0 0 0 0 0 0 0 
0 0 0 0 0 0 0 0 0 0 0 0 0 0 56625.01471 107797.2476 134112.7257 143878.8579 144770.7655 143144.9927 144649.4678 142694.654 143838.1851 132973.5586 105548.3693 55582.10745 0 0 0 0 0 0 0 0 0 0 0 0 0 0 
0 0 0 0 0 0 0 0 0 0 0 0 0 0 0 0 0 45767.75052 73448.59689 84211.10385 83513.40368 72808.51264 43941.51472 0 0 0 0 0 0 0 0 0 0 0 0 0 0 0 0 0 
0 0 0 0 0 0 0 0 0 0 0 0 0 0 0 0 0 0 0 0 0 0 0 0 0 0 0 0 0 0 0 0 0 0 0 0 0 0 0 0 
0 0 0 0 0 0 0 0 0 0 0 0 0 0 0 0 0 0 0 0 0 0 0 0 0 0 0 0 0 0 0 0 0 0 0 0 0 0 0 0 
0 0 0 0 0 0 0 0 0 0 0 0 0 0 0 0 0 0 0 0 0 0 0 0 0 0 0 0 0 0 0 0 0 0 0 0 0 0 0 0 
0 0 0 0 0 0 0 0 0 0 0 0 0 0 0 0 0 0 0 0 0 0 0 0 0 0 0 0 0 0 0 0 0 0 0 0 0 0 0 0 
0 0 0 0 0 0 0 0 0 0 0 0 0 0 0 0 0 0 0 0 0 0 0 0 0 0 0 0 0 0 0 0 0 0 0 0 0 0 0 0 
0 0 0 0 0 0 0 0 0 0 0 0 0 0 0 0 0 0 0 0 0 0 0 0 0 0 0 0 0 0 0 0 0 0 0 0 0 0 0 0 
# Events [psd_source/PSD_source.dat] N:
0 0 0 0 0 0 0 0 0 0 0 0 0 0 0 0 0 0 0 0 0 0 0 0 0 0 0 0 0 0 0 0 0 0 0 0 0 0 0 0 
0 0 0 0 0 0 0 0 0 0 0 0 0 0 0 0 0 0 0 0 0 0 0 0 0 0 0 0 0 0 0 0 0 0 0 0 0 0 0 0 
0 0 0 0 0 0 0 0 0 0 0 0 0 0 0 0 0 0 0 0 0 0 0 0 0 0 0 0 0 0 0 0 0 0 0 0 0 0 0 0 
0 0 0 0 0 0 0 0 0 0 0 0 0 0 0 0 0 0 0 0 0 0 0 0 0 0 0 0 0 0 0 0 0 0 0 0 0 0 0 0 
0 0 0 0 0 0 0 0 0 0 0 0 0 0 0 0 0 0 0 0 0 0 0 0 0 0 0 0 0 0 0 0 0 0 0 0 0 0 0 0 
0 0 0 0 0 0 0 0 0 0 0 0 0 0 0 0 0 0 0 0 0 0 0 0 0 0 0 0 0 0 0 0 0 0 0 0 0 0 0 0 
0 0 0 0 0 0 0 0 0 0 0 0 0 0 0 0 0 148 438 554 546 430 177 0 0 0 0 0 0 0 0 0 0 0 0 0 0 0 0 0 
0 0 0 0 0 0 0 0 0 0 0 0 0 0 268 926 1541 1864 1838 1810 1756 1820 1743 1527 952 270 0 0 0 0 0 0 0 0 0 0 0 0 0 0 
0 0 0 0 0 0 0 0 0 0 0 0 180 1140 1762 1796 1786 1814 1794 1763 1846 1827 1825 1805 1821 1736 1138 170 0 0 0 0 0 0 0 0 0 0 0 0 
0 0 0 0 0 0 0 0 0 0 0 542 1579 1784 1783 1725 1754 1763 1832 1808 1769 1854 1798 1809 1818 1819 1784 1713 522 0 0 0 0 0 0 0 0 0 0 0 
0 0 0 0 0 0 0 0 0 0 642 1703 1834 1781 1834 1769 1802 1853 1790 1755 1777 1835 1744 1768 1785 1803 1712 1841 1746 610 0 0 0 0 0 0 0 0 0 0 
0 0 0 0 0 0 0 0 0 508 1721 1780 1779 1723 1732 1880 1818 1773 1764 1849 1784 1734 1714 1751 1823 1847 1815 1845 1844 1762 516 0 0 0 0 0 0 0 0 0 
0 0 0 0 0 0 0 0 174 1609 1767 1818 1868 1805 1781 1796 1807 1712 1788 1740 1875 1739 1851 1698 1798 1814 1791 1796 1796 1757 1696 186 0 0 0 0 0 0 0 0 
0 0 0 0 0 0 0 0 1159 1770 1779 1814 1803 1848 1847 1787 1915 1753 1865 1798 1748 1824 1828 1808 1767 1793 1782 1801 1803 1808 1761 1146 0 0 0 0 0 0 0 0 
0 0 0 0 0 0 0 294 1758 1863 1740 1734 1783 1826 1757 1844 1810 1796 1848 1768 1741 1717 1758 1717 1892 1791 1801 1843 1695 1788 1794 1778 278 0 0 0 0 0 0 0 
0 0 0 0 0 0 0 984 1788 1806 1773 1864 1782 1830 1831 1765 1762 1773 1748 1824 1712 1756 1827 1763 1809 1712 1738 1832 1774 1828 1787 1733 995 0 0 0 0 0 0 0 
0 0 0 0 0 0 0 1493 1771 1764 1769 1797 1822 1733 1792 1731 1768 1735 1710 1802 1780 1834 1728 1757 1791 1777 1871 1738 1727 1829 1704 1846 1511 0 0 0 0 0 0 0 
0 0 0 0 0 0 172 1782 1724 1802 1739 1812 1741 1797 1756 1777 1680 1770 1833 1772 1769 1794 1780 1771 1783 1792 1860 1813 1804 1766 1822 1834 1827 178 0 0 0 0 0 0 
0 0 0 0 0 0 437 1726 1838 1767 1777 1718 1756 1787 1808 1774 1777 1738 1844 1762 1805 1783 1832 1788 1792 1812 1833 1768 1805 1820 1809 1865 1811 437 0 0 0 0 0 0 
0 0 0 0 0 0 582 1803 1834 1862 1705 1792 1880 1814 1806 1816 1785 1883 1761 1765 1791 1760 1809 1693 1863 1814 1819 1849 1779 1680 1774 1760 1790 576 0 0 0 0 0 0 
0 0 0 0 0 0 571 1792 1756 1870 1758 1752 1787 1832 1848 1814 1799 1853 1833 1807 1810 1787 1832 1812 1799 1732 1729 1824 1835 1780 1804 1765 1788 613 0 0 0 0 0 0 
0 0 0 0 0 0 445 1748 1876 1779 1800 1796 1764 1772 1871 1766 1715 1764 1806 1805 1804 1873 1715 1854 1774 1819 1782 1751 1795 1739 1809 1744 1743 456 0 0 0 0 0 0 
0 0 0 0 0 0 167 1688 1878 1748 1858 1741 1766 1824 1714 1773 1821 1797 1766 1745 1824 1768 1733 1788 1804 1818 1822 1855 1778 1745 1823 1775 1725 163 0 0 0 0 0 0 
0 0 0 0 0 0 0 1486 1848 1803 1756 1789 1815 1801 1791 1794 1793 1847 1787 1733 1703 1751 1745 1799 1812 1827 1815 1749 1752 1778 1784 1774 1507 0 0 0 0 0 0 0 
0 0 0 0 0 0 0 1012 1825 1796 1749 1858 1817 1871 1786 1801 1751 1774 1804 1813 1857 1790 1793 1803 1704 1827 1835 1838 1821 1819 1809 1738 1039 0 0 0 0 0 0 0 
0 0 0 0 0 0 0 268 1788 1855 1758 1758 1770 1804 1827 1785 1712 1742 1772 1722 1811 1778 1755 1699 1834 1834 1737 1767 1800 1840 1779 1772 254 0 0 0 0 0 0 0 
0 0 0 0 0 0 0 0 1194 1809 1822 1763 1847 1820 1740 1762 1784 1828 1834 1751 1812 1738 1807 1794 1768 1809 1768 1827 1806 1764 1750 1127 0 0 0 0 0 0 0 0 
0 0 0 0 0 0 0 0 196 1619 1883 1717 1738 1778 1761 1800 1784 1759 1807 1889 1799 1849 1806 1859 1808 1849 1766 1768 1736 1726 1607 178 0 0 0 0 0 0 0 0 
0 0 0 0 0 0 0 0 0 495 1782 1827 1845 1744 1716 1764 1830 1770 1821 1842 1849 1796 1758 1773 1863 1776 1760 1827 1782 1692 516 0 0 0 0 0 0 0 0 0 
0 0 0 0 0 0 0 0 0 0 647 1863 1789 1825 1782 1770 1826 1756 1846 1709 1787 1741 1816 1745 1827 1819 1755 1804 1774 587 0 0 0 0 0 0 0 0 0 0 
0 0 0 0 0 0 0 0 0 0 0 476 1710 1836 1848 1778 1815 1791 1733 1851 1828 1801 1872 1739 1800 1815 1816 1646 538 0 0 0 0 0 0 0 0 0 0 0 
0 0 0 0 0 0 0 0 0 0 0 0 157 1150 1741 1829 1730 1748 1831 1799 1752 1804 1808 1751 1766 1823 1179 159 0 0 0 0 0 0 0 0 0 0 0 0 
0 0 0 0 0 0 0 0 0 0 0 0 0 0 274 993 1537 1769 1791 1751 1788 1740 1768 1511 952 264 0 0 0 0 0 0 0 0 0 0 0 0 0 0 
0 0 0 0 0 0 0 0 0 0 0 0 0 0 0 0 0 179 461 606 596 453 165 0 0 0 0 0 0 0 0 0 0 0 0 0 0 0 0 0 
0 0 0 0 0 0 0 0 0 0 0 0 0 0 0 0 0 0 0 0 0 0 0 0 0 0 0 0 0 0 0 0 0 0 0 0 0 0 0 0 
0 0 0 0 0 0 0 0 0 0 0 0 0 0 0 0 0 0 0 0 0 0 0 0 0 0 0 0 0 0 0 0 0 0 0 0 0 0 0 0 
0 0 0 0 0 0 0 0 0 0 0 0 0 0 0 0 0 0 0 0 0 0 0 0 0 0 0 0 0 0 0 0 0 0 0 0 0 0 0 0 
0 0 0 0 0 0 0 0 0 0 0 0 0 0 0 0 0 0 0 0 0 0 0 0 0 0 0 0 0 0 0 0 0 0 0 0 0 0 0 0 
0 0 0 0 0 0 0 0 0 0 0 0 0 0 0 0 0 0 0 0 0 0 0 0 0 0 0 0 0 0 0 0 0 0 0 0 0 0 0 0 
0 0 0 0 0 0 0 0 0 0 0 0 0 0 0 0 0 0 0 0 0 0 0 0 0 0 0 0 0 0 0 0 0 0 0 0 0 0 0 0 
