# Format: McCode with text headers
# URL: http://www.mccode.org
# Creator: McStas 2.4.1 - Jun. 26, 2017
# Instrument: MAGiC_elearning.instr
# Ncount: 2500000
# Trace: no
# Gravitation: no
# Seed: 1563292887
# Directory: MAGiC_HR/18
# Nodes: 40
# Param: spectrum=0
# Param: high_res=1
# Param: coll_set=0.3
# Param: sample_rot=180
# Date: Tue Jul 16 10:33:00 2019 (1563265980)
# type: array_1d(101)
# Source: MAGiC_half_polarized (MAGiC_elearning.instr)
# component: L_out
# position: -0.034 -0.674259 159.42
# title: Wavelength monitor
# Ncount: 100000000
# filename: L_out.txt
# statistics: X0=1.43535; dX=0.353186;
# signal: Min=0; Max=2.43154e+07; Mean=4.27904e+06;
# values: 4.32183e+08 1.12258e+06 291193
# xvar: L
# yvar: (I,I_err)
# xlabel: Wavelength [AA]
# ylabel: Intensity
# xlimits: 0.2 6
# variables: L I I_err N
0.2287128713 0 0 0 
0.2861386139 0 0 0 
0.3435643564 2.157523632e-130 2.412179783e-130 4 
0.400990099 2.04715211e-18 1.026897403e-18 1216 
0.4584158416 918.9951427 284.8149284 5708 
0.5158415842 53653.09208 3934.203453 9808 
0.5732673267 348741.632 12615.51909 10100 
0.6306930693 1012644.982 25406.00273 10036 
0.6881188119 2360286.887 47801.81091 9993 
0.7455445545 4425526.309 80465.8423 9931 
0.802970297 6787138.931 117131.7046 10023 
0.8603960396 9677867.748 158032.0327 9945 
0.9178217822 12768766.71 199044.5828 9957 
0.9752475248 16084058.74 237324.1006 10149 
1.032673267 17945348.68 261111.5595 9767 
1.09009901 20002060.71 280737.2875 9985 
1.147524752 21977284.67 297703.4536 9943 
1.204950495 23082137.06 303704.1582 9916 
1.262376238 23724217.05 302846.8907 10137 
1.31980198 24200910.73 300417.7559 10139 
1.377227723 24315425.98 293679.3963 10121 
1.434653465 23142723.14 277758.5077 9948 
1.492079208 22767329 266573.9008 9976 
1.54950495 21995563.56 252190.9621 10021 
1.606930693 20739770.63 235201.1754 9965 
1.664356436 20057616.38 222363.7143 10002 
1.721782178 18987345.24 206946.7725 10060 
1.779207921 17938237.1 192594.8807 10063 
1.836633663 16935288.91 179312.7506 10089 
1.894059406 15842535.88 165640.3783 10066 
1.951485149 14770007.8 152805.2634 10071 
2.008910891 13428117.31 139163.4119 9897 
2.066336634 10747167.13 119945.4538 8275 
2.123762376 5265176.493 78092.35245 4775 
2.181188119 799401.5593 25777.6883 1107 
2.238613861 0 0 0 
2.296039604 0 0 0 
2.353465347 0 0 0 
2.410891089 0 0 0 
2.468316832 0 0 0 
2.525742574 0 0 0 
2.583168317 0 0 0 
2.640594059 0 0 0 
2.698019802 0 0 0 
2.755445545 0 0 0 
2.812871287 0 0 0 
2.87029703 0 0 0 
2.927722772 0 0 0 
2.985148515 0 0 0 
3.042574257 0 0 0 
3.1 0 0 0 
3.157425743 0 0 0 
3.214851485 0 0 0 
3.272277228 0 0 0 
3.32970297 0 0 0 
3.387128713 0 0 0 
3.444554455 0 0 0 
3.501980198 0 0 0 
3.559405941 0 0 0 
3.616831683 0 0 0 
3.674257426 0 0 0 
3.731683168 0 0 0 
3.789108911 0 0 0 
3.846534653 0 0 0 
3.903960396 0 0 0 
3.961386139 0 0 0 
4.018811881 0 0 0 
4.076237624 0 0 0 
4.133663366 0 0 0 
4.191089109 0 0 0 
4.248514851 0 0 0 
4.305940594 0 0 0 
4.363366337 0 0 0 
4.420792079 0 0 0 
4.478217822 0 0 0 
4.535643564 0 0 0 
4.593069307 0 0 0 
4.65049505 0 0 0 
4.707920792 0 0 0 
4.765346535 0 0 0 
4.822772277 0 0 0 
4.88019802 0 0 0 
4.937623762 0 0 0 
4.995049505 0 0 0 
5.052475248 0 0 0 
5.10990099 0 0 0 
5.167326733 0 0 0 
5.224752475 0 0 0 
5.282178218 0 0 0 
5.33960396 0 0 0 
5.397029703 0 0 0 
5.454455446 0 0 0 
5.511881188 0 0 0 
5.569306931 0 0 0 
5.626732673 0 0 0 
5.684158416 0 0 0 
5.741584158 0 0 0 
5.799009901 0 0 0 
5.856435644 0 0 0 
5.913861386 0 0 0 
5.971287129 0 0 0 
