# Format: McCode with text headers
# URL: http://www.mccode.org
# Creator: McStas 2.4.1 - Jun. 26, 2017
# Instrument: MAGiC_elearning.instr
# Ncount: 2500000
# Trace: no
# Gravitation: no
# Seed: 1563293891
# Directory: MAGiC_HR/29
# Nodes: 40
# Param: spectrum=0
# Param: high_res=1
# Param: coll_set=0.3
# Param: sample_rot=290
# Date: Tue Jul 16 10:40:35 2019 (1563266435)
# type: array_1d(101)
# Source: MAGiC_half_polarized (MAGiC_elearning.instr)
# component: L_out
# position: -0.034 -0.674259 159.42
# title: Wavelength monitor
# Ncount: 100000000
# filename: L_out.txt
# statistics: X0=1.43531; dX=0.352505;
# signal: Min=0; Max=2.42441e+07; Mean=4.28579e+06;
# values: 4.32865e+08 1.1242e+06 291503
# xvar: L
# yvar: (I,I_err)
# xlabel: Wavelength [AA]
# ylabel: Intensity
# xlimits: 0.2 6
# variables: L I I_err N
0.2287128713 0 0 0 
0.2861386139 0 0 0 
0.3435643564 7.248522017e-125 7.688218607e-125 8 
0.400990099 1.521071784e-16 1.506213295e-16 1204 
0.4584158416 291.8654875 65.75846637 5722 
0.5158415842 57300.51722 3954.997433 9630 
0.5732673267 342009.7979 12643.12824 10064 
0.6306930693 1048131.259 25933.18653 10110 
0.6881188119 2338122.248 47699.55189 10014 
0.7455445545 4213247.49 78029.54013 10096 
0.802970297 6762121.16 116721.0556 9927 
0.8603960396 9442735.253 155634.0288 9884 
0.9178217822 12432000.67 195946.884 10078 
0.9752475248 15681757.68 234482.4531 9985 
1.032673267 18478346.71 264188.2358 10198 
1.09009901 20584922.53 285106.2172 10147 
1.147524752 22732154.54 302688.053 10162 
1.204950495 23478441.63 306149.9975 10091 
1.262376238 23708340.64 302876.9141 9979 
1.31980198 24244143.67 301043.2733 10065 
1.377227723 23250185.54 286994.3037 9764 
1.434653465 24050026.54 283437.8243 10287 
1.492079208 22403387.23 263654.0801 10008 
1.54950495 21866013.42 251466.4699 9998 
1.606930693 20961533.1 236839.6066 9963 
1.664356436 20027975.3 222342.1694 9898 
1.721782178 18962939.1 206805.2956 10047 
1.779207921 18245705.1 194611.5524 10132 
1.836633663 16804720.71 178408.1758 9977 
1.894059406 15598568.45 164420.2054 9905 
1.951485149 14740144.89 152848.1849 10009 
2.008910891 13746528.4 140722.3844 10125 
2.066336634 10679770.54 119662.5 8205 
2.123762376 5169773.217 77391.31799 4692 
2.181188119 813930.4131 26028.39284 1129 
2.238613861 0 0 0 
2.296039604 0 0 0 
2.353465347 0 0 0 
2.410891089 0 0 0 
2.468316832 0 0 0 
2.525742574 0 0 0 
2.583168317 0 0 0 
2.640594059 0 0 0 
2.698019802 0 0 0 
2.755445545 0 0 0 
2.812871287 0 0 0 
2.87029703 0 0 0 
2.927722772 0 0 0 
2.985148515 0 0 0 
3.042574257 0 0 0 
3.1 0 0 0 
3.157425743 0 0 0 
3.214851485 0 0 0 
3.272277228 0 0 0 
3.32970297 0 0 0 
3.387128713 0 0 0 
3.444554455 0 0 0 
3.501980198 0 0 0 
3.559405941 0 0 0 
3.616831683 0 0 0 
3.674257426 0 0 0 
3.731683168 0 0 0 
3.789108911 0 0 0 
3.846534653 0 0 0 
3.903960396 0 0 0 
3.961386139 0 0 0 
4.018811881 0 0 0 
4.076237624 0 0 0 
4.133663366 0 0 0 
4.191089109 0 0 0 
4.248514851 0 0 0 
4.305940594 0 0 0 
4.363366337 0 0 0 
4.420792079 0 0 0 
4.478217822 0 0 0 
4.535643564 0 0 0 
4.593069307 0 0 0 
4.65049505 0 0 0 
4.707920792 0 0 0 
4.765346535 0 0 0 
4.822772277 0 0 0 
4.88019802 0 0 0 
4.937623762 0 0 0 
4.995049505 0 0 0 
5.052475248 0 0 0 
5.10990099 0 0 0 
5.167326733 0 0 0 
5.224752475 0 0 0 
5.282178218 0 0 0 
5.33960396 0 0 0 
5.397029703 0 0 0 
5.454455446 0 0 0 
5.511881188 0 0 0 
5.569306931 0 0 0 
5.626732673 0 0 0 
5.684158416 0 0 0 
5.741584158 0 0 0 
5.799009901 0 0 0 
5.856435644 0 0 0 
5.913861386 0 0 0 
5.971287129 0 0 0 
