# Format: McCode with text headers
# URL: http://www.mccode.org
# Creator: McStas 2.5 - Dec. 12, 2018
# Instrument: ESS_HEIMDAL.instr
# Ncount: 25000
# Trace: no
# Gravitation: no
# Seed: 1565850514
# Directory: TemperatureScan/11
# Nodes: 4
# Param: lmax=4
# Param: lmin=0.5
# Param: T=230
# Param: tau=0
# Param: use_CoFe2O4=1
# Param: use_CoFe=1
# Param: use_magn=1
# Date: Wed Aug 14 12:13:37 2019 (1565777617)
# type: array_2d(40, 40)
# Source: ESS_HEIMDAL (ESS_HEIMDAL.instr)
# component: psd_source
# position: 0 0 0.01
# title: PSD monitor
# Ncount: 100000
# filename: PSD_source.dat
# statistics: X0=-0.0068775; dX=5.00223; Y0=-0.0185925; dY=5.00536;
# signal: Min=0; Max=7.42323e+06; Mean=2.13803e+06;
# values: 3.42084e+09 1.08177e+07 100000
# xvar: X 
# yvar: Y 
# xlabel: X position [cm]
# ylabel: Y position [cm]
# zvar: I
# zlabel: Signal per bin
# xylimits: -15 15 -15 15
# variables: I I_err N
# Data [psd_source/PSD_source.dat] I:
0 0 0 0 0 0 0 0 0 0 0 0 0 0 0 0 0 0 0 0 0 0 0 0 0 0 0 0 0 0 0 0 0 0 0 0 0 0 0 0 
0 0 0 0 0 0 0 0 0 0 0 0 0 0 0 0 0 0 0 0 0 0 0 0 0 0 0 0 0 0 0 0 0 0 0 0 0 0 0 0 
0 0 0 0 0 0 0 0 0 0 0 0 0 0 0 0 0 0 0 0 0 0 0 0 0 0 0 0 0 0 0 0 0 0 0 0 0 0 0 0 
0 0 0 0 0 0 0 0 0 0 0 0 0 0 0 0 0 0 0 0 0 0 0 0 0 0 0 0 0 0 0 0 0 0 0 0 0 0 0 0 
0 0 0 0 0 0 0 0 0 0 0 0 0 0 0 0 0 0 0 0 0 0 0 0 0 0 0 0 0 0 0 0 0 0 0 0 0 0 0 0 
0 0 0 0 0 0 0 0 0 0 0 0 0 0 0 0 0 0 0 0 0 0 0 0 0 0 0 0 0 0 0 0 0 0 0 0 0 0 0 0 
0 0 0 0 0 0 0 0 0 0 0 0 0 0 0 0 0 615751.5501 1744629.487 1813046.324 2189339.188 1402545.307 649960.015 0 0 0 0 0 0 0 0 0 0 0 0 0 0 0 0 0 
0 0 0 0 0 0 0 0 0 0 0 0 0 0 649959.986 2668256.968 5302305.494 6123307.879 5644390.314 6670642.793 5883849.072 6670642.974 6465392.431 5336514.165 3455050.784 923627.5111 0 0 0 0 0 0 0 0 0 0 0 0 0 0 
0 0 0 0 0 0 0 0 0 0 0 0 513126.311 3284008.575 6739059.631 6910102.068 7423228.543 6670643.252 6294350.779 6225934.439 6225934.282 5747016.289 5781224.495 5336514.464 6089099.742 6396975.221 3797134.9 478917.9543 0 0 0 0 0 0 0 0 0 0 0 0 
0 0 0 0 0 0 0 0 0 0 0 2052505.292 5233888.89 6841685.035 5918058.033 6602226.886 6089100.632 6636435.922 6704852.963 6568019.144 5918058.952 6123309.461 5678599.656 5747016.733 6294351.329 6260142.368 6670642.993 5165472.043 1915671.613 0 0 0 0 0 0 0 0 0 0 0 
0 0 0 0 0 0 0 0 0 0 1984088.47 6704851.113 6225933.842 6260142.693 6499602.221 7046937.305 6533810.881 6465394.41 6089101.729 6499602.796 5199682.375 6362768.967 5644391.89 5849642.451 6328560.234 5370723.978 5541765.597 5747015.838 5370722.469 2326172.71 0 0 0 0 0 0 0 0 0 0 
0 0 0 0 0 0 0 0 0 1744629.622 7081143.896 6396975.844 6225934.32 5712808.421 6465394.105 5986476.325 5473349.962 6260144.227 6739062.56 5781226.158 6225936.204 6807479.525 5199682.791 6260144.098 6568019.607 6225935.05 6020684.256 6396976.354 5918057.95 6191724.826 1949879.997 0 0 0 0 0 0 0 0 0 
0 0 0 0 0 0 0 0 410501.0678 5883848.928 6328558.946 6465393.115 5815433.507 5131265.346 6910104.315 6636437.153 6636437.41 6362770.23 6431186.862 6465395.547 6499604.108 5918060.678 6054894.099 5815434.753 5781226.089 7286396.953 5815433.807 5575974.622 5233889.731 6260142.137 5712806.785 615751.6507 0 0 0 0 0 0 0 0 
0 0 0 0 0 0 0 0 4481303.482 6431184.078 5747016.214 6020684.025 5747017.036 6431186.185 6260144.362 5473350.595 6431187.362 5815435.435 5678601.746 6089103.301 5952269.307 6636438.32 6636438.154 6875896.958 5541767.51 6533811.944 5747017.449 5986476.111 5883850.38 5199681.301 6773268.381 3455050.664 0 0 0 0 0 0 0 0 
0 0 0 0 0 0 0 957835.8673 6807476.561 5404931.585 6465393.621 5986476.012 5507558.491 6294352.947 6157519.512 5952269.139 5986477.928 5610185.132 5918061.284 6157520.303 5610185.204 5678602.131 6807480.537 6123311.564 5610184.728 5507559.027 5849643.116 5370724.749 6431185.775 6089100.756 6533809.8 5473347.991 923627.4158 0 0 0 0 0 0 0 
0 0 0 0 0 0 0 3112966.53 6533809.496 5918058.374 6225934.944 5097056.947 6191727.391 6260144.78 6328562.028 5918060.853 6225937.146 5918061.338 5747019.38 5952270.038 5678602.461 6089103.804 6396979.676 6602230.226 5507559.606 6602229.487 6089102.556 6465394.905 6602228.242 6431185.407 6328559.516 6841685.107 2702465.382 0 0 0 0 0 0 0 
0 0 0 0 0 0 0 5097055.128 6396975.909 6499601.958 6533810.998 6875896.018 6260144.557 5986477.502 5815435.565 6568021.729 4994433.425 5644393.968 6465396.95 6465397.094 6157521.029 6568022.312 5781227.892 6362771.388 5883852.78 6260145.473 6739063.179 5849643.337 5815434.409 5575974.81 6328559.757 6431184.263 5165471.959 0 0 0 0 0 0 0 
0 0 0 0 0 0 444709.4864 5404931.046 6568018.212 6294351.521 5268099.07 5986476.763 6020685.69 6191728.375 6020686.459 6020686.757 5815436.319 6704856.193 5883853.505 6260146.526 7286400.057 5952270.37 6089104.092 6568022.202 6636438.855 6807480.678 5952269.228 5336516.829 6670645.508 6123309.946 5439140.65 6704851.933 6191724.835 410501.0694 0 0 0 0 0 0 
0 0 0 0 0 0 1265711.603 6020682.814 6636435.305 6191726.362 5336516.034 5986476.878 6294353.358 5678601.789 5883852.791 5678602.365 5404935.043 5336518.296 6123312.81 5986479.029 6054895.942 5712811.38 7046940.845 5268101.251 5644393.943 6054895.015 5747018.66 6260144.941 5849643.048 5883850.995 6704852.781 6568018.393 6465392.392 1128877.923 0 0 0 0 0 0 
0 0 0 0 0 0 2257755.876 6362767.162 6191725.775 6670644.451 6362769.171 5883851.602 6465395.651 6328562.273 7012731.582 6020686.912 6123312.525 5849645.123 6225938.186 6533814.325 5883853.74 6773273.425 7149566.247 6465397.065 6568022.139 6431187.998 5815435.579 6875896.911 6670645.777 6465394.542 6533810.725 6499601.624 5302305.903 2018296.915 0 0 0 0 0 0 
0 0 0 0 0 0 2326172.74 5883849.164 5268098.15 6670644.441 5952267.982 6157519.147 5918060.506 5883852.479 6225937.327 6191729.193 5541768.876 6225938.063 5747019.877 6396980.518 6054895.991 7012732.606 6362771.875 5815436.506 6739064.328 7320607.61 5849644.063 5404933.896 5781226.276 6431186.1 5815433.663 6191725.699 6704851.319 1607795.857 0 0 0 0 0 0 
0 0 0 0 0 0 1470962.137 6362767.042 6533809.977 5952267.344 5678600.354 5952268.466 6328561.734 6602229.767 6157520.338 5644393.969 5815436.409 6636439.423 6020687.432 5918062.121 6328563.559 6123312.797 6910106.992 6568022.327 7046940.325 6533813.287 6191728.427 5883852.045 6225935.928 6123310.15 6499602.156 6670643.622 5849640.676 1436753.736 0 0 0 0 0 0 
0 0 0 0 0 0 581543.1788 6191724.792 6054891.825 6157517.788 6431185.812 6431186.469 6807479.902 5712810.068 5883852.661 5849644.511 6294354.621 6123312.504 6191729.535 5336518.376 5131267.634 5644394.343 5336518.216 5849644.712 5781227.558 4994433.116 6499604.26 5302308.361 5507558.647 6020684.593 5952267.21 6157517.128 5370722.678 547334.7547 0 0 0 0 0 0 
0 0 0 0 0 0 0 5268097.207 5918057.87 6225934.481 6191726.659 5404933.12 6294353.003 6191728.138 5610184.95 5610185.194 6499605.031 5781227.85 5849644.895 5439143.519 6396980.2 6020687.149 5131267.313 6910106.45 6396979.502 6533812.874 6260144.995 5986477.157 6431186.388 5473349.528 5678599.551 5815432.606 5575973.02 0 0 0 0 0 0 0 
0 0 0 0 0 0 0 3249800.186 5712807.183 5815433.009 6089101.103 6328560.686 5678600.811 6739063.022 6396978.903 6602229.917 6054895.066 6499605.017 6157520.676 6020687.091 6020686.958 6054895.315 6328562.827 5199683.915 6362770.819 6054894.545 6568020.635 5610184.078 5610183.613 6225934.851 6568018.554 5644390.195 3523467.527 0 0 0 0 0 0 0 
0 0 0 0 0 0 0 923627.3932 6191724.806 5610182.23 6670644.09 6123309.739 5849642.764 6499603.566 6260144.784 6773271.904 5644393.371 6602230.011 5815435.85 6294354.081 7012731.603 6431187.944 6225937.137 6328562.286 6499604.179 6225936.464 5815434.786 5575975.364 6841686.861 6739061.07 6465392.876 5815432.162 1197294.772 0 0 0 0 0 0 0 
0 0 0 0 0 0 0 0 3352425.432 6089099.862 6157517.299 5781225.073 6157518.382 6568020.035 5986476.981 6568020.704 6089102.697 5097058.137 6123311.454 6739063.695 5575976.506 6294353.912 6123311.439 6602229.439 6875896.708 6260144.505 5918059.703 5302307.441 6875894.936 6602226.894 7115352.536 3762926.509 0 0 0 0 0 0 0 0 
0 0 0 0 0 0 0 0 889419.0341 5678598.422 5507556.776 6636435.508 5541766.002 5473349.638 6499602.963 6431186.599 6944313.416 5712809.752 5952269.16 5883852.114 5952268.903 5849643.629 5199683.011 7081147.161 5678600.702 6191727.041 5781225.569 5747016.637 5952266.964 5610182.133 5781223.61 410501.0975 0 0 0 0 0 0 0 0 
0 0 0 0 0 0 0 0 0 1881463.21 5952265.846 6773268.587 4857597.15 5781224.981 5918059.272 5507558.047 7252188.731 6533811.79 5986477.002 5781226.279 5952268.358 5918060.126 6054893.618 6773270.663 5747017.359 6157518.209 5439140.826 5918058.278 6602226.368 5439139.428 1744629.561 0 0 0 0 0 0 0 0 0 
0 0 0 0 0 0 0 0 0 0 2291964.265 6020682.515 6191725.282 5849641.521 6396976.588 6328560.264 6978520.736 6739061.704 6294352.332 6157518.678 5883850.989 5575975.231 7354813.657 6020684.365 6636435.843 5678599.513 5815432.906 6362767.138 5747014.953 2189339.049 0 0 0 0 0 0 0 0 0 0 
0 0 0 0 0 0 0 0 0 0 0 1642004.07 5986474.105 5507556.801 6260142.3 6089100.391 5575973.966 6431185.177 6020683.986 6054892.692 6602227.475 5678599.737 7012728.825 5952266.847 6123308.982 6054891.508 5610182.069 5644389.9 2120922.222 0 0 0 0 0 0 0 0 0 0 0 
0 0 0 0 0 0 0 0 0 0 0 0 649959.953 4070802.202 5918057.472 5233889.085 5883849.81 7012727.699 5678599.135 6020683.776 7046936.465 5849641.343 5918058.085 5439139.751 5883849.241 6670643.102 4002385.4 581543.1861 0 0 0 0 0 0 0 0 0 0 0 0 
0 0 0 0 0 0 0 0 0 0 0 0 0 0 581543.1674 3420842.407 4549720.075 5849640.37 5302305.937 6157516.446 6773267.918 5712806.929 6191724.539 5131263.421 2976132.731 855210.5833 0 0 0 0 0 0 0 0 0 0 0 0 0 0 
0 0 0 0 0 0 0 0 0 0 0 0 0 0 0 0 0 684168.45 1505170.54 1470962.098 1984088.527 1847254.765 581543.0985 0 0 0 0 0 0 0 0 0 0 0 0 0 0 0 0 0 
0 0 0 0 0 0 0 0 0 0 0 0 0 0 0 0 0 0 0 0 0 0 0 0 0 0 0 0 0 0 0 0 0 0 0 0 0 0 0 0 
0 0 0 0 0 0 0 0 0 0 0 0 0 0 0 0 0 0 0 0 0 0 0 0 0 0 0 0 0 0 0 0 0 0 0 0 0 0 0 0 
0 0 0 0 0 0 0 0 0 0 0 0 0 0 0 0 0 0 0 0 0 0 0 0 0 0 0 0 0 0 0 0 0 0 0 0 0 0 0 0 
0 0 0 0 0 0 0 0 0 0 0 0 0 0 0 0 0 0 0 0 0 0 0 0 0 0 0 0 0 0 0 0 0 0 0 0 0 0 0 0 
0 0 0 0 0 0 0 0 0 0 0 0 0 0 0 0 0 0 0 0 0 0 0 0 0 0 0 0 0 0 0 0 0 0 0 0 0 0 0 0 
0 0 0 0 0 0 0 0 0 0 0 0 0 0 0 0 0 0 0 0 0 0 0 0 0 0 0 0 0 0 0 0 0 0 0 0 0 0 0 0 
# Errors [psd_source/PSD_source.dat] I_err:
0 0 0 0 0 0 0 0 0 0 0 0 0 0 0 0 0 0 0 0 0 0 0 0 0 0 0 0 0 0 0 0 0 0 0 0 0 0 0 0 
0 0 0 0 0 0 0 0 0 0 0 0 0 0 0 0 0 0 0 0 0 0 0 0 0 0 0 0 0 0 0 0 0 0 0 0 0 0 0 0 
0 0 0 0 0 0 0 0 0 0 0 0 0 0 0 0 0 0 0 0 0 0 0 0 0 0 0 0 0 0 0 0 0 0 0 0 0 0 0 0 
0 0 0 0 0 0 0 0 0 0 0 0 0 0 0 0 0 0 0 0 0 0 0 0 0 0 0 0 0 0 0 0 0 0 0 0 0 0 0 0 
0 0 0 0 0 0 0 0 0 0 0 0 0 0 0 0 0 0 0 0 0 0 0 0 0 0 0 0 0 0 0 0 0 0 0 0 0 0 0 0 
0 0 0 0 0 0 0 0 0 0 0 0 0 0 0 0 0 0 0 0 0 0 0 0 0 0 0 0 0 0 0 0 0 0 0 0 0 0 0 0 
0 0 0 0 0 0 0 0 0 0 0 0 0 0 0 0 0 145134.0322 244296.9924 249041.0655 273667.3985 219040.7769 149111.0538 0 0 0 0 0 0 0 0 0 0 0 0 0 0 0 0 0 
0 0 0 0 0 0 0 0 0 0 0 0 0 0 149111.0472 302120.6086 425891.4261 457677.5192 439415.19 477694.6524 448639.2857 477694.6653 470288.0986 427263.0805 343790.4024 177752.1974 0 0 0 0 0 0 0 0 0 0 0 0 0 0 
0 0 0 0 0 0 0 0 0 0 0 0 132488.6438 335172.7217 480138.1184 486193.0849 503921.5889 477694.6852 464025.6958 461496.9648 461496.9532 443391.9329 444709.5765 427263.1044 456397.3214 467793.1577 360408.0951 127996.2073 0 0 0 0 0 0 0 0 0 0 0 0 
0 0 0 0 0 0 0 0 0 0 0 264977.2939 423134.8377 483780.1883 449941.6204 475238.6903 456397.3881 476468.3315 478918.0688 474005.9526 449941.6903 457677.6375 440744.8108 443391.9671 464025.7363 462763.0398 477694.6667 420360.1533 255992.3873 0 0 0 0 0 0 0 0 0 0 0 
0 0 0 0 0 0 0 0 0 0 260523.5794 478917.9366 461496.9206 462763.0638 471530.7046 490983.387 472769.9629 470288.2426 456397.4703 471530.7464 421749.9322 466540.8563 439415.3127 447333.3386 465285.0021 428630.4367 435402.226 443391.8981 428630.3163 282089.876 0 0 0 0 0 0 0 0 0 0 
0 0 0 0 0 0 0 0 0 244297.0113 492173.5234 467793.2033 461496.956 442070.3879 470288.2204 452535.0739 432706.3078 462763.1772 480138.3271 444709.7044 461497.0957 482569.4288 421749.9659 462763.1677 474005.986 461497.0101 453826.1513 467793.2406 449941.6141 460227.2818 258267.9148 0 0 0 0 0 0 0 0 0 
0 0 0 0 0 0 0 0 118501.451 448639.2748 465284.9074 470288.1484 446023.3895 418966.0611 486193.243 476468.4198 476468.4383 466540.9489 469042.5085 470288.3253 471530.8415 449941.8215 455113.71 446023.485 444709.6991 499255.6927 446023.4125 436744.0391 423134.9057 462763.0227 442070.2613 145134.0559 0 0 0 0 0 0 0 0 
0 0 0 0 0 0 0 0 391533.3031 469042.3055 443391.927 453826.1339 443391.9904 469042.4591 462763.1872 432706.3578 469042.545 446023.5373 440744.9731 456397.5882 451240.3716 476468.5036 476468.4917 484988.3775 435402.3762 472770.0399 443392.0223 452535.0577 448639.3855 421749.8451 481355.2237 343790.3905 0 0 0 0 0 0 0 0 
0 0 0 0 0 0 0 181013.9644 482569.2188 429993.2693 470288.1851 452535.0502 434056.416 464025.8557 458954.4067 451240.3589 452535.195 438081.8584 449941.8675 458954.4657 438081.8641 440745.0029 482569.5006 457677.7947 438081.8269 434056.4582 447333.3895 428630.4983 469042.4292 456397.3974 472769.8847 432706.1519 177752.179 0 0 0 0 0 0 0 
0 0 0 0 0 0 0 326327.561 472769.8627 449941.6463 461497.0023 417567.1751 460227.4725 462763.2181 465285.1339 449941.8348 461497.1655 449941.8716 443392.1713 451240.4271 440745.0286 456397.6259 467793.4835 475238.9306 434056.5039 475238.8775 456397.5324 470288.2786 475238.7878 469042.4023 465284.9493 483780.1934 304051.1104 0 0 0 0 0 0 0 
0 0 0 0 0 0 0 417567.0261 467793.208 471530.6856 472769.9714 484988.3111 462763.2016 452535.1629 446023.5474 474006.1391 413342.2513 439415.4745 470288.4273 470288.4378 458954.5198 474006.1813 444709.8378 466541.0338 448639.5685 462763.2693 480138.3712 447333.4064 446023.4587 436744.0539 465284.967 469042.3189 420360.1464 0 0 0 0 0 0 0 
0 0 0 0 0 0 123340.2197 429993.2264 474005.8854 464025.7505 424515.5208 452535.107 453826.2594 460227.5456 453826.3174 453826.3398 446023.6052 478918.2995 448639.6238 462763.3471 499255.9055 451240.4522 456397.6474 474006.1733 476468.542 482569.5106 451240.3657 427263.2938 477694.8468 457677.6737 431351.9117 478917.9952 460227.2825 118501.4515 0 0 0 0 0 0 
0 0 0 0 0 0 208081.7058 453826.0427 476468.2871 460227.396 427263.2302 452535.1157 464025.8859 440744.9764 448639.5693 440745.0211 429993.5444 427263.4113 457677.8878 452535.2783 455113.8485 442070.6169 490983.6337 424515.6965 439415.4725 455113.7788 443392.1157 462763.23 447333.3843 448639.4324 478918.0558 474005.8984 470288.0958 196512.4227 0 0 0 0 0 0 
0 0 0 0 0 0 277910.537 466540.7239 460227.3523 477694.7711 466540.8712 448639.4787 470288.3328 465285.152 489790.4193 453826.3516 457677.8665 447333.543 461497.2426 472770.2122 448639.6417 481355.5821 494545.8384 470288.4357 474006.1688 469042.5913 446023.5484 484988.3741 477694.866 470288.2521 472769.9516 471530.6613 425891.4589 262759.8774 0 0 0 0 0 0 
0 0 0 0 0 0 282089.8797 448639.2928 424515.4466 477694.7703 451240.2712 458954.3795 449941.8084 448639.5455 461497.1789 460227.6064 435402.4836 461497.2335 443392.2097 467793.5451 455113.8522 489790.4908 466541.0695 446023.6195 480138.4531 500426.4339 447333.4619 429993.4532 444709.7136 469042.4529 446023.4014 460227.3467 478917.9513 234521.129 0 0 0 0 0 0 
0 0 0 0 0 0 224319.6229 466540.7152 472769.8975 451240.2228 440744.865 451240.3079 465285.1124 475238.8976 458954.4683 439415.4746 446023.612 476468.5828 453826.3907 449941.9312 465285.2465 457677.8868 486193.4313 474006.1823 490983.5974 472770.137 460227.5495 448639.5124 461497.0752 457677.689 471530.6999 477694.7117 447333.2028 221695.9145 0 0 0 0 0 0 
0 0 0 0 0 0 141044.9384 460227.2793 455113.539 458954.2782 469042.4319 469042.4798 482569.4556 442070.5154 448639.5594 447333.4961 464025.979 457677.8649 460227.6318 427263.4177 418966.2479 439415.5037 427263.4048 447333.5115 444709.8122 413342.2257 471530.8526 425891.6563 434056.4283 453826.1767 451240.2127 458954.229 428630.333 136833.6887 0 0 0 0 0 0 
0 0 0 0 0 0 0 424515.3706 449941.608 461496.968 460227.4181 429993.3914 464025.8597 460227.528 438081.8443 438081.8633 471530.9085 444709.8346 447333.5255 431352.1392 467793.5218 453826.3694 418966.2217 486193.3932 467793.4708 472770.1071 462763.234 452535.1367 469042.4739 432706.2735 440744.8027 446023.3204 436743.9137 0 0 0 0 0 0 0 
0 0 0 0 0 0 0 333422.464 442070.2921 446023.3513 456397.4234 465285.0353 440744.9004 480138.36 467793.4269 475238.9085 455113.7826 471530.9075 458954.4935 453826.365 453826.355 455113.8013 465285.1927 421750.0571 466540.9921 455113.7435 474006.0602 438081.7762 438081.7398 461496.9954 474005.91 439415.1808 347177.5715 0 0 0 0 0 0 0 
0 0 0 0 0 0 0 177752.1747 460227.2803 438081.6319 477694.7452 457677.6582 447333.3625 471530.8022 462763.2184 481355.474 439415.428 475238.9152 446023.5692 464025.9392 489790.4207 469042.5874 461497.1649 465285.153 471530.8467 461497.1149 446023.4876 436744.0973 483780.3174 480138.221 470288.131 446023.2863 202379.7542 0 0 0 0 0 0 0 
0 0 0 0 0 0 0 0 338646.108 456397.3304 458954.2418 444709.621 458954.3225 474006.0169 452535.1235 474006.0652 456397.5429 417567.2726 457677.7865 480138.4079 436744.1867 464025.9268 457677.7853 475238.874 484988.3598 462763.1978 449941.7474 425891.5825 484988.2348 475238.6908 493360.931 358780.9652 0 0 0 0 0 0 0 0 
0 0 0 0 0 0 0 0 174429.4235 440744.715 434056.2808 476468.3017 435402.2577 432706.2821 471530.7585 469042.4893 487395.2524 442070.4909 451240.3605 448639.5177 451240.341 447333.4286 421749.9837 492173.7504 440744.892 460227.4465 444709.6592 443391.9597 451240.194 438081.6243 444709.5085 118501.4596 0 0 0 0 0 0 0 0 
0 0 0 0 0 0 0 0 0 253696.4475 451240.1093 481355.2383 407640.4974 444709.614 449941.7146 434056.381 498082.367 472770.0287 452535.125 444709.7138 451240.2997 449941.7795 455113.6738 481355.3858 443392.0154 458954.3096 431351.9257 449941.639 475238.6529 431351.8149 244297.0029 0 0 0 0 0 0 0 0 0 
0 0 0 0 0 0 0 0 0 0 280008.0007 453826.0201 460227.3157 447333.2675 467793.2577 465285.0043 488594.1801 480138.2661 464025.8103 458954.3446 448639.4319 436744.0868 501594.1282 453826.1595 476468.3257 440744.7998 446023.3434 466540.7222 443391.8298 273667.3811 0 0 0 0 0 0 0 0 0 0 
0 0 0 0 0 0 0 0 0 0 0 237002.873 452534.9061 434056.2828 462763.0348 456397.3701 436743.9877 469042.3856 453826.131 455113.6042 475238.7327 440744.8171 489790.2267 451240.1852 457677.6017 455113.5152 438081.6193 439415.1577 269357.3915 0 0 0 0 0 0 0 0 0 0 0 
0 0 0 0 0 0 0 0 0 0 0 0 149111.0396 373169.826 449941.5777 423134.8536 448639.3421 489790.1481 440744.7704 453826.1151 490983.3285 447333.2539 449941.6243 431351.8404 448639.2986 477694.6745 370020.6611 141044.9401 0 0 0 0 0 0 0 0 0 0 0 0 
0 0 0 0 0 0 0 0 0 0 0 0 0 0 141044.9356 342084.2407 394510.7636 447333.1794 425891.4616 458954.1782 481355.1908 442070.2725 460227.2605 418965.9039 319074.9206 171042.1167 0 0 0 0 0 0 0 0 0 0 0 0 0 0 
0 0 0 0 0 0 0 0 0 0 0 0 0 0 0 0 0 152984.7162 226912.9966 224319.6169 260523.587 251379.5333 141044.9189 0 0 0 0 0 0 0 0 0 0 0 0 0 0 0 0 0 
0 0 0 0 0 0 0 0 0 0 0 0 0 0 0 0 0 0 0 0 0 0 0 0 0 0 0 0 0 0 0 0 0 0 0 0 0 0 0 0 
0 0 0 0 0 0 0 0 0 0 0 0 0 0 0 0 0 0 0 0 0 0 0 0 0 0 0 0 0 0 0 0 0 0 0 0 0 0 0 0 
0 0 0 0 0 0 0 0 0 0 0 0 0 0 0 0 0 0 0 0 0 0 0 0 0 0 0 0 0 0 0 0 0 0 0 0 0 0 0 0 
0 0 0 0 0 0 0 0 0 0 0 0 0 0 0 0 0 0 0 0 0 0 0 0 0 0 0 0 0 0 0 0 0 0 0 0 0 0 0 0 
0 0 0 0 0 0 0 0 0 0 0 0 0 0 0 0 0 0 0 0 0 0 0 0 0 0 0 0 0 0 0 0 0 0 0 0 0 0 0 0 
0 0 0 0 0 0 0 0 0 0 0 0 0 0 0 0 0 0 0 0 0 0 0 0 0 0 0 0 0 0 0 0 0 0 0 0 0 0 0 0 
# Events [psd_source/PSD_source.dat] N:
0 0 0 0 0 0 0 0 0 0 0 0 0 0 0 0 0 0 0 0 0 0 0 0 0 0 0 0 0 0 0 0 0 0 0 0 0 0 0 0 
0 0 0 0 0 0 0 0 0 0 0 0 0 0 0 0 0 0 0 0 0 0 0 0 0 0 0 0 0 0 0 0 0 0 0 0 0 0 0 0 
0 0 0 0 0 0 0 0 0 0 0 0 0 0 0 0 0 0 0 0 0 0 0 0 0 0 0 0 0 0 0 0 0 0 0 0 0 0 0 0 
0 0 0 0 0 0 0 0 0 0 0 0 0 0 0 0 0 0 0 0 0 0 0 0 0 0 0 0 0 0 0 0 0 0 0 0 0 0 0 0 
0 0 0 0 0 0 0 0 0 0 0 0 0 0 0 0 0 0 0 0 0 0 0 0 0 0 0 0 0 0 0 0 0 0 0 0 0 0 0 0 
0 0 0 0 0 0 0 0 0 0 0 0 0 0 0 0 0 0 0 0 0 0 0 0 0 0 0 0 0 0 0 0 0 0 0 0 0 0 0 0 
0 0 0 0 0 0 0 0 0 0 0 0 0 0 0 0 0 18 51 53 64 41 19 0 0 0 0 0 0 0 0 0 0 0 0 0 0 0 0 0 
0 0 0 0 0 0 0 0 0 0 0 0 0 0 19 78 155 179 165 195 172 195 189 156 101 27 0 0 0 0 0 0 0 0 0 0 0 0 0 0 
0 0 0 0 0 0 0 0 0 0 0 0 15 96 197 202 217 195 184 182 182 168 169 156 178 187 111 14 0 0 0 0 0 0 0 0 0 0 0 0 
0 0 0 0 0 0 0 0 0 0 0 60 153 200 173 193 178 194 196 192 173 179 166 168 184 183 195 151 56 0 0 0 0 0 0 0 0 0 0 0 
0 0 0 0 0 0 0 0 0 0 58 196 182 183 190 206 191 189 178 190 152 186 165 171 185 157 162 168 157 68 0 0 0 0 0 0 0 0 0 0 
0 0 0 0 0 0 0 0 0 51 207 187 182 167 189 175 160 183 197 169 182 199 152 183 192 182 176 187 173 181 57 0 0 0 0 0 0 0 0 0 
0 0 0 0 0 0 0 0 12 172 185 189 170 150 202 194 194 186 188 189 190 173 177 170 169 213 170 163 153 183 167 18 0 0 0 0 0 0 0 0 
0 0 0 0 0 0 0 0 131 188 168 176 168 188 183 160 188 170 166 178 174 194 194 201 162 191 168 175 172 152 198 101 0 0 0 0 0 0 0 0 
0 0 0 0 0 0 0 28 199 158 189 175 161 184 180 174 175 164 173 180 164 166 199 179 164 161 171 157 188 178 191 160 27 0 0 0 0 0 0 0 
0 0 0 0 0 0 0 91 191 173 182 149 181 183 185 173 182 173 168 174 166 178 187 193 161 193 178 189 193 188 185 200 79 0 0 0 0 0 0 0 
0 0 0 0 0 0 0 149 187 190 191 201 183 175 170 192 146 165 189 189 180 192 169 186 172 183 197 171 170 163 185 188 151 0 0 0 0 0 0 0 
0 0 0 0 0 0 13 158 192 184 154 175 176 181 176 176 170 196 172 183 213 174 178 192 194 199 174 156 195 179 159 196 181 12 0 0 0 0 0 0 
0 0 0 0 0 0 37 176 194 181 156 175 184 166 172 166 158 156 179 175 177 167 206 154 165 177 168 183 171 172 196 192 189 33 0 0 0 0 0 0 
0 0 0 0 0 0 66 186 181 195 186 172 189 185 205 176 179 171 182 191 172 198 209 189 192 188 170 201 195 189 191 190 155 59 0 0 0 0 0 0 
0 0 0 0 0 0 68 172 154 195 174 180 173 172 182 181 162 182 168 187 177 205 186 170 197 214 171 158 169 188 170 181 196 47 0 0 0 0 0 0 
0 0 0 0 0 0 43 186 191 174 166 174 185 193 180 165 170 194 176 173 185 179 202 192 206 191 181 172 182 179 190 195 171 42 0 0 0 0 0 0 
0 0 0 0 0 0 17 181 177 180 188 188 199 167 172 171 184 179 181 156 150 165 156 171 169 146 190 155 161 176 174 180 157 16 0 0 0 0 0 0 
0 0 0 0 0 0 0 154 173 182 181 158 184 181 164 164 190 169 171 159 187 176 150 202 187 191 183 175 188 160 166 170 163 0 0 0 0 0 0 0 
0 0 0 0 0 0 0 95 167 170 178 185 166 197 187 193 177 190 180 176 176 177 185 152 186 177 192 164 164 182 192 165 103 0 0 0 0 0 0 0 
0 0 0 0 0 0 0 27 181 164 195 179 171 190 183 198 165 193 170 184 205 188 182 185 190 182 170 163 200 197 189 170 35 0 0 0 0 0 0 0 
0 0 0 0 0 0 0 0 98 178 180 169 180 192 175 192 178 149 179 197 163 184 179 193 201 183 173 155 201 193 208 110 0 0 0 0 0 0 0 0 
0 0 0 0 0 0 0 0 26 166 161 194 162 160 190 188 203 167 174 172 174 171 152 207 166 181 169 168 174 164 169 12 0 0 0 0 0 0 0 0 
0 0 0 0 0 0 0 0 0 55 174 198 142 169 173 161 212 191 175 169 174 173 177 198 168 180 159 173 193 159 51 0 0 0 0 0 0 0 0 0 
0 0 0 0 0 0 0 0 0 0 67 176 181 171 187 185 204 197 184 180 172 163 215 176 194 166 170 186 168 64 0 0 0 0 0 0 0 0 0 0 
0 0 0 0 0 0 0 0 0 0 0 48 175 161 183 178 163 188 176 177 193 166 205 174 179 177 164 165 62 0 0 0 0 0 0 0 0 0 0 0 
0 0 0 0 0 0 0 0 0 0 0 0 19 119 173 153 172 205 166 176 206 171 173 159 172 195 117 17 0 0 0 0 0 0 0 0 0 0 0 0 
0 0 0 0 0 0 0 0 0 0 0 0 0 0 17 100 133 171 155 180 198 167 181 150 87 25 0 0 0 0 0 0 0 0 0 0 0 0 0 0 
0 0 0 0 0 0 0 0 0 0 0 0 0 0 0 0 0 20 44 43 58 54 17 0 0 0 0 0 0 0 0 0 0 0 0 0 0 0 0 0 
0 0 0 0 0 0 0 0 0 0 0 0 0 0 0 0 0 0 0 0 0 0 0 0 0 0 0 0 0 0 0 0 0 0 0 0 0 0 0 0 
0 0 0 0 0 0 0 0 0 0 0 0 0 0 0 0 0 0 0 0 0 0 0 0 0 0 0 0 0 0 0 0 0 0 0 0 0 0 0 0 
0 0 0 0 0 0 0 0 0 0 0 0 0 0 0 0 0 0 0 0 0 0 0 0 0 0 0 0 0 0 0 0 0 0 0 0 0 0 0 0 
0 0 0 0 0 0 0 0 0 0 0 0 0 0 0 0 0 0 0 0 0 0 0 0 0 0 0 0 0 0 0 0 0 0 0 0 0 0 0 0 
0 0 0 0 0 0 0 0 0 0 0 0 0 0 0 0 0 0 0 0 0 0 0 0 0 0 0 0 0 0 0 0 0 0 0 0 0 0 0 0 
0 0 0 0 0 0 0 0 0 0 0 0 0 0 0 0 0 0 0 0 0 0 0 0 0 0 0 0 0 0 0 0 0 0 0 0 0 0 0 0 
