# Format: McCode with text headers
# URL: http://www.mccode.org
# Creator: McStas 2.5 - Dec. 12, 2018
# Instrument: ESS_HEIMDAL.instr
# Ncount: 250000
# Trace: no
# Gravitation: no
# Seed: 1565866547
# Directory: TauScan/24
# Nodes: 4
# Param: lmax=4
# Param: lmin=0.5
# Param: T=200
# Param: tau=240
# Param: use_CoFe2O4=1
# Param: use_CoFe=1
# Param: use_magn=1
# Date: Wed Aug 14 15:26:23 2019 (1565789183)
# type: array_2d(40, 40)
# Source: ESS_HEIMDAL (ESS_HEIMDAL.instr)
# component: psd_source
# position: 0 0 0.01
# title: PSD monitor
# Ncount: 1000000
# filename: PSD_source.dat
# statistics: X0=-0.00656025; dX=5.01011; Y0=-0.00130575; dY=5.00085;
# signal: Min=0; Max=6.6467e+06; Mean=2.13803e+06;
# values: 3.42084e+09 3.42084e+06 1e+06
# xvar: X 
# yvar: Y 
# xlabel: X position [cm]
# ylabel: Y position [cm]
# zvar: I
# zlabel: Signal per bin
# xylimits: -15 15 -15 15
# variables: I I_err N
# Data [psd_source/PSD_source.dat] I:
0 0 0 0 0 0 0 0 0 0 0 0 0 0 0 0 0 0 0 0 0 0 0 0 0 0 0 0 0 0 0 0 0 0 0 0 0 0 0 0 
0 0 0 0 0 0 0 0 0 0 0 0 0 0 0 0 0 0 0 0 0 0 0 0 0 0 0 0 0 0 0 0 0 0 0 0 0 0 0 0 
0 0 0 0 0 0 0 0 0 0 0 0 0 0 0 0 0 0 0 0 0 0 0 0 0 0 0 0 0 0 0 0 0 0 0 0 0 0 0 0 
0 0 0 0 0 0 0 0 0 0 0 0 0 0 0 0 0 0 0 0 0 0 0 0 0 0 0 0 0 0 0 0 0 0 0 0 0 0 0 0 
0 0 0 0 0 0 0 0 0 0 0 0 0 0 0 0 0 0 0 0 0 0 0 0 0 0 0 0 0 0 0 0 0 0 0 0 0 0 0 0 
0 0 0 0 0 0 0 0 0 0 0 0 0 0 0 0 0 0 0 0 0 0 0 0 0 0 0 0 0 0 0 0 0 0 0 0 0 0 0 0 
0 0 0 0 0 0 0 0 0 0 0 0 0 0 0 0 0 554176.4764 1395703.611 1973826.031 1943038.346 1382020.267 615751.6025 0 0 0 0 0 0 0 0 0 0 0 0 0 0 0 0 0 
0 0 0 0 0 0 0 0 0 0 0 0 0 0 865473.1135 3369529.581 5305726.455 6215670.697 5965949.27 6089099.724 6075416.231 6174620.733 6041207.711 5350197.467 3266904.43 916785.7009 0 0 0 0 0 0 0 0 0 0 0 0 0 0 
0 0 0 0 0 0 0 0 0 0 0 0 543913.9058 4046856.483 6280666.656 6024103.783 6184883.622 6113046.216 6085679.436 6071996.21 5945425.056 6092521.08 6266984.018 6075416.727 5945424.479 6051470.252 3677405.445 567859.8128 0 0 0 0 0 0 0 0 0 0 0 0 
0 0 0 0 0 0 0 0 0 0 0 1700158.592 5596498.054 6024103.82 6229354.715 5969371.033 6058313.219 6082259.171 6058313.513 6342243.469 6024105.09 5955688.097 6061734.221 6328559.783 5897533.298 6232775.594 6215671.038 5620444.044 1638583.462 0 0 0 0 0 0 0 0 0 0 0 
0 0 0 0 0 0 0 0 0 0 2247493.372 6219091.585 6143833.492 6102783.765 6044629.884 6219093.138 5942005.081 6301193.877 6065155.79 5989897.238 6092522.608 6191726.945 6082259.856 6212251.75 6126730.409 6030946.59 6095942.067 6338821.509 6078836.95 2179076.534 0 0 0 0 0 0 0 0 0 0 
0 0 0 0 0 0 0 0 0 1840413.122 6020682.672 6126729.313 6427764.017 5945425.57 6157518.226 5993317.993 6000159.957 6222515.04 6071997.936 6133573.244 6113048.216 6044631.151 6191727.435 6215673.176 6164360.202 6017263.609 6345664.241 6024104.541 6075416.684 6113045.44 1707000.231 0 0 0 0 0 0 0 0 0 
0 0 0 0 0 0 0 0 619172.4303 5514397.935 6140412.724 6095942.271 6243039.039 6000159.537 6030947.461 6071997.931 6078839.825 6208832.048 6331982.607 6205411.449 6191728.091 6212253.06 5883851.915 6212252.775 6140414.75 6393556.999 6208831 6160938.72 6109625.622 6355925.791 5456243.628 547334.7456 0 0 0 0 0 0 0 0 
0 0 0 0 0 0 0 0 3725297.269 6407238.197 5856483.109 6136992.78 6113047.385 6113047.768 6003581.146 6037789.901 6304616.016 6290932.8 6167782.539 6335403.972 5996740.399 6007002.831 6058315.352 5983056.631 6085681.707 5835959.843 6253302.353 6160939.22 6020684.088 6266984.316 6133570.832 3800555.819 0 0 0 0 0 0 0 0 
0 0 0 0 0 0 0 927048.2357 6017261.813 6266983.983 6331980.64 6113047.242 6239618.953 6208831.792 6287511.574 6318299.495 6335403.954 6027528.112 6041211.649 6191728.887 6229358.139 6119891.082 6167782.789 6236199.463 6188307.441 5969373.054 5959110.251 6003580.764 6082259.665 6089100.775 6027525.008 6003578.482 851789.719 0 0 0 0 0 0 0 
0 0 0 0 0 0 0 3663722.103 6297771.185 6178042.408 6054892.664 6160939.35 6068577.065 6048052.403 6010423.487 6147257.561 6205412.2 5996740.845 6325142.084 6212254.255 6109628.915 6092524.642 6301196.033 6178045.481 6222516.156 6136994.757 6243040.54 6109627.223 5767542.35 6058313.526 5873587.388 6222512.66 3369529.642 0 0 0 0 0 0 0 
0 0 0 0 0 0 0 5339934.911 6188304.506 6249880.373 6041209.534 6188306.343 5928322.711 6140415.477 6249882.848 5883852.809 6321721.158 5733336.035 6092524.868 6147258.439 6236200.415 6102787.398 6140416.581 6017265.954 6085682.627 6195149.348 6041211.002 6181465.191 6301194.203 6280668.576 6123309.162 6160937.776 5285201.44 0 0 0 0 0 0 0 
0 0 0 0 0 0 533651.3803 6109624.551 6311455.032 6000159.019 5784646.455 6520128.404 6106206.768 6191728.313 6297774.881 6007003.407 6024107.857 6270408.87 6304617.426 6646702.005 6041212.431 6174625.341 6024108.043 6263566.984 6263566.744 6024107.321 6133573.952 6239619.707 6239619.193 6342243.94 6085680.069 6092521.086 6191724.775 530230.5428 0 0 0 0 0 0 
0 0 0 0 0 0 1583849.94 6085678.777 6325138.519 6068575.97 6208831.164 6133573.162 6082260.973 6198570.123 6048053.331 6041211.958 6099366.553 5767544.779 6438030.527 6225938.198 6181467.215 6123312.773 6082262.519 5948849.362 6643280.64 6113049.38 5938585.971 6181465.486 6092523.041 5808592.474 6407239.469 6219092.412 5750436.231 1522274.796 0 0 0 0 0 0 
0 0 0 0 0 0 1977246.825 6301191.934 5983054.3 6123309.537 6294352.32 6041210.444 6123311.177 6065157.252 6095945.219 6051474.549 6034370.559 5904378.633 6017266.625 5842803.588 6171204.733 6041212.571 5938587.069 6078841.543 5965953.429 6260145.769 6143836.673 6181465.534 6318298.799 6236197.974 6013842.53 6287509.32 6434604.795 2069609.558 0 0 0 0 0 0 
0 0 0 0 0 0 2035401.13 6290929.423 6181463.191 5976213.269 5774384.096 6099364.797 6157519.631 6208832.722 5887273.714 6167783.267 6140416.758 6178046.244 5839382.685 6157521.35 5952270.646 6072000.158 6010424.83 6396980.132 6068578.759 6225937.314 6003582.057 6030948.405 6164360.824 6099364.232 6099363.633 6051471.159 6167779.077 1977246.811 0 0 0 0 0 0 
0 0 0 0 0 0 1426491.209 6444867.261 6102783.73 6208830.564 6058314.061 6037789.549 5962531.458 6472237.699 6140416.142 6195149.963 5887274.182 6089104.197 6239621.507 6092525.229 5835961.838 6007004.05 6065158.304 6027528.816 6253304.326 6034369.954 5904377.508 5962531.459 6102785.573 6000159.719 6102784.407 5993316.789 6106203.855 1638583.426 0 0 0 0 0 0 
0 0 0 0 0 0 499442.9605 6386712.819 6225933.952 5911217.071 6308035.531 6171202.335 6136994.39 6037790.323 6379875.159 6020686.773 6044632.925 6260146.348 6256725.629 6126733.561 6082262.569 6191729.557 6147258.451 6054895.443 6106207.894 6095945.029 6030948.647 6058314.988 6284090.173 6027526.34 6263563.915 6037787.594 6027524.359 567859.8105 0 0 0 0 0 0 
0 0 0 0 0 0 0 5346776.579 6263563.025 6260142.88 6003580.24 6232777.315 6434607.61 6280670.069 6030948.812 5931744.612 6048053.569 6054895.465 5993320.358 6349088.309 6157520.966 6123312.479 6119891.496 6150678.909 6143836.983 6362770.727 6092523.627 6287511.364 6095943.618 6048051.22 6092521.553 6054891.633 5175734.487 0 0 0 0 0 0 0 
0 0 0 0 0 0 0 3284008.593 6157516.669 6065154.612 6082259.408 6318298.173 6123310.582 6075419.201 6068577.843 5859906.646 5983057.307 6260145.887 6290933.624 6243041.873 6509867.767 6102787.154 6082261.986 6280670.759 6225937.027 6294353.557 6034369.062 6171202.358 6198568.628 6338822.674 6284088.553 6078837.309 3509784.19 0 0 0 0 0 0 0 
0 0 0 0 0 0 0 831264.6676 6263562.504 6191725.496 6164359.325 6119888.919 6215673.054 6154098.289 6143836.117 6263565.979 6253303.706 5904377.738 6150678.727 5928323.828 6068578.45 6099365.973 6407241.857 5979636.121 5986477.602 5993319.009 6078839.708 5979634.837 6007001.105 6099363.296 6017262.493 6006999.319 831264.6614 0 0 0 0 0 0 0 
0 0 0 0 0 0 0 0 3940810.343 6054891.395 6191725.716 6246459.785 6048051.346 6362769.378 5972793.555 6236198.855 6116469.546 6140415.643 6106207.345 5873589.978 6024107.094 6027527.908 6355928.823 6246461.597 6290932.385 5972793.569 6239619.033 6143834.942 6198567.949 5825695.533 6444867.446 3933968.642 0 0 0 0 0 0 0 0 
0 0 0 0 0 0 0 0 588384.8679 5699123.37 5965949.652 6089100.505 6304614.128 5959109.416 6017264.129 6078839.654 6078839.858 6061735.806 5781226.75 5924902.206 6181465.557 6030948.315 6095944.238 6044631.401 6318298.725 6280669.084 6030947.085 6082259.393 6181463.305 6078837.488 5664914.955 502863.807 0 0 0 0 0 0 0 0 
0 0 0 0 0 0 0 0 0 1765154.621 6058311.915 6229354.634 6232775.985 6130151.087 6092522.217 5900955.269 6297773.343 6113048.012 6232777.693 6003581.186 6143835.717 5911218.281 6044631.059 6195148.043 5945426.251 6236197.655 6321718.277 6113046.469 6294350.552 6075416.148 1730946.197 0 0 0 0 0 0 0 0 0 
0 0 0 0 0 0 0 0 0 0 2302226.812 6222512.345 6006999.794 5897533.24 5962529.568 6410660.337 6147255.626 6089101.582 6030947.265 6239618.779 5965951.36 5914638.658 5983055.377 6041209.588 6133572.077 6024104.786 6178042.352 6068574.97 5907794.837 2168813.973 0 0 0 0 0 0 0 0 0 0 
0 0 0 0 0 0 0 0 0 0 0 1785679.625 5613602.348 6314875.484 6147254.488 6027525.273 6243038.724 6229355.442 6051471.852 6058313.565 6082259.402 6136992.891 6003579.819 6331980.593 6054892.102 6246458.93 6338821.351 5599919.021 1819888.065 0 0 0 0 0 0 0 0 0 0 0 
0 0 0 0 0 0 0 0 0 0 0 0 492601.2783 3899760.204 6037786.878 6167779.228 6191725.303 6396976.094 6017262.644 5969370.955 6054891.921 6027525.264 6260142.349 5993316.388 6075416.477 6006999.251 3838185.011 608909.9275 0 0 0 0 0 0 0 0 0 0 0 0 
0 0 0 0 0 0 0 0 0 0 0 0 0 0 896260.6618 3492679.962 5045742.431 5815432.174 5969370.093 6157516.486 5965949.353 6352504.496 6068574.513 5285201.437 3376371.308 978360.8815 0 0 0 0 0 0 0 0 0 0 0 0 0 0 
0 0 0 0 0 0 0 0 0 0 0 0 0 0 0 0 0 598647.3901 1529116.493 2045663.628 1891725.745 1457278.749 554176.4402 0 0 0 0 0 0 0 0 0 0 0 0 0 0 0 0 0 
0 0 0 0 0 0 0 0 0 0 0 0 0 0 0 0 0 0 0 0 0 0 0 0 0 0 0 0 0 0 0 0 0 0 0 0 0 0 0 0 
0 0 0 0 0 0 0 0 0 0 0 0 0 0 0 0 0 0 0 0 0 0 0 0 0 0 0 0 0 0 0 0 0 0 0 0 0 0 0 0 
0 0 0 0 0 0 0 0 0 0 0 0 0 0 0 0 0 0 0 0 0 0 0 0 0 0 0 0 0 0 0 0 0 0 0 0 0 0 0 0 
0 0 0 0 0 0 0 0 0 0 0 0 0 0 0 0 0 0 0 0 0 0 0 0 0 0 0 0 0 0 0 0 0 0 0 0 0 0 0 0 
0 0 0 0 0 0 0 0 0 0 0 0 0 0 0 0 0 0 0 0 0 0 0 0 0 0 0 0 0 0 0 0 0 0 0 0 0 0 0 0 
0 0 0 0 0 0 0 0 0 0 0 0 0 0 0 0 0 0 0 0 0 0 0 0 0 0 0 0 0 0 0 0 0 0 0 0 0 0 0 0 
# Errors [psd_source/PSD_source.dat] I_err:
0 0 0 0 0 0 0 0 0 0 0 0 0 0 0 0 0 0 0 0 0 0 0 0 0 0 0 0 0 0 0 0 0 0 0 0 0 0 0 0 
0 0 0 0 0 0 0 0 0 0 0 0 0 0 0 0 0 0 0 0 0 0 0 0 0 0 0 0 0 0 0 0 0 0 0 0 0 0 0 0 
0 0 0 0 0 0 0 0 0 0 0 0 0 0 0 0 0 0 0 0 0 0 0 0 0 0 0 0 0 0 0 0 0 0 0 0 0 0 0 0 
0 0 0 0 0 0 0 0 0 0 0 0 0 0 0 0 0 0 0 0 0 0 0 0 0 0 0 0 0 0 0 0 0 0 0 0 0 0 0 0 
0 0 0 0 0 0 0 0 0 0 0 0 0 0 0 0 0 0 0 0 0 0 0 0 0 0 0 0 0 0 0 0 0 0 0 0 0 0 0 0 
0 0 0 0 0 0 0 0 0 0 0 0 0 0 0 0 0 0 0 0 0 0 0 0 0 0 0 0 0 0 0 0 0 0 0 0 0 0 0 0 
0 0 0 0 0 0 0 0 0 0 0 0 0 0 0 0 0 43540.21605 69097.62507 82171.45283 81528.07791 68758.07817 45895.41469 0 0 0 0 0 0 0 0 0 0 0 0 0 0 0 0 0 
0 0 0 0 0 0 0 0 0 0 0 0 0 0 54411.82845 107362.1397 134722.135 145817.7975 142858.5757 144325.5049 144163.2473 145335.4915 143756.8071 135285.5579 105714.5448 56001.59984 0 0 0 0 0 0 0 0 0 0 0 0 0 0 
0 0 0 0 0 0 0 0 0 0 0 0 43135.17855 117659.0752 146578.2072 143553.1634 145456.2273 144609.0267 144284.9715 144122.6746 142612.6412 144366.0523 146418.466 144163.2591 142612.6273 143878.8594 112159.8146 44074.46923 0 0 0 0 0 0 0 0 0 0 0 0 
0 0 0 0 0 0 0 0 0 0 0 76262.53553 138364.5094 143553.1643 145978.2283 142899.549 143960.2003 144244.4273 143960.2073 147295.0136 143553.1945 142735.6838 144000.8421 147136.0263 142037.0916 146018.3056 145817.8055 138660.2078 74868.78935 0 0 0 0 0 0 0 0 0 0 0 
0 0 0 0 0 0 0 0 0 0 87683.06751 145857.919 144972.7145 144487.5933 143797.5343 145857.9554 142571.6283 146817.5692 144041.4859 143145.0382 144366.0885 145536.695 144244.4435 145777.7104 144770.8012 143634.685 144406.5795 147255.2588 144203.8252 86338.15579 0 0 0 0 0 0 0 0 0 0 
0 0 0 0 0 0 0 0 0 79345.84386 143512.3922 144770.7753 148284.7653 142612.6535 145134.0964 143185.9055 143267.6159 145898.0897 144122.7156 144851.6381 144609.074 143797.5644 145536.7065 145817.8556 145214.7109 143471.6583 147334.7302 143553.1815 144163.2581 144609.0083 76415.82514 0 0 0 0 0 0 0 0 0 
0 0 0 0 0 0 0 0 46022.72429 137345.8635 144932.3508 144406.5843 146138.4902 143267.6058 143634.7057 144122.7155 144203.8934 145737.5947 147175.8335 145697.4468 145536.7219 145777.7412 141872.2676 145777.7345 144932.3986 147889.6873 145737.5701 145174.3976 144568.5655 147453.7979 136619.7261 43270.61097 0 0 0 0 0 0 0 0 
0 0 0 0 0 0 0 0 112887.796 148047.8078 141541.898 144891.9953 144609.0543 144609.0634 143308.4585 143716.1723 146857.4467 146697.9961 145255.0331 147215.596 143226.8005 143349.3014 143960.251 143063.2902 144285.0254 141293.6946 146258.5731 145174.4094 143512.426 146418.473 144851.5812 114022.3758 0 0 0 0 0 0 0 0 
0 0 0 0 0 0 0 56314.16983 143471.6155 146418.4652 147175.7877 144609.0509 146098.4645 145737.5887 146658.0965 147016.7305 147215.5955 143593.9997 143756.9008 145536.7407 145978.3086 144690.002 145255.039 146058.4418 145496.5174 142899.5974 142776.7017 143308.4494 144244.439 144325.5298 143593.9257 143308.3949 53979.98013 0 0 0 0 0 0 0 
0 0 0 0 0 0 0 111950.9515 146777.668 145375.7647 143919.5577 145174.4125 144082.1113 143838.2581 143390.1081 145013.1449 145697.4644 143226.8111 147096.3275 145777.7692 144568.6434 144366.1367 146817.6194 145375.837 145898.1158 144892.0419 146138.5254 144568.6034 140463.0217 143960.2076 141748.4397 145898.0339 107362.1416 0 0 0 0 0 0 0 
0 0 0 0 0 0 0 135155.7453 145496.4484 146218.5359 143756.8505 145496.4916 142407.3993 144932.4158 146218.5938 141872.2892 147056.543 140045.897 144366.142 145013.1656 146058.4641 144487.6793 144932.4418 143471.7142 144285.0472 145576.9296 143756.8855 145416.0527 146817.5768 146578.252 144730.3698 145174.3754 134461.2991 0 0 0 0 0 0 0 
0 0 0 0 0 0 42726.30515 144568.5401 146937.0468 143267.5935 140671.1433 149346.3801 144528.1342 145536.7272 146777.7541 143349.3152 143553.2605 146458.5156 146857.4796 150789.051 143756.9194 145335.6 143553.2649 146378.5882 146378.5826 143553.2477 144851.6548 146098.4822 146098.4701 147295.0246 144284.9865 144366.0524 145536.644 42589.14208 0 0 0 0 0 0 
0 0 0 0 0 0 73607.74905 144284.9559 147096.2446 144082.0853 145737.5739 144851.6362 144244.47 145617.1148 143838.2802 143756.9082 144447.1782 140463.0809 148403.1851 145938.2423 145416.1004 144730.4551 144244.5067 142653.7461 150750.2311 144609.1015 142530.6244 145416.0597 144366.0988 140962.0039 148047.8372 145857.9384 140254.5422 72162.74608 0 0 0 0 0 0 
0 0 0 0 0 0 82242.62575 146817.5239 143063.2345 144730.3787 146737.8451 143756.8722 144730.4174 144041.5206 144406.6542 143878.9615 143675.4895 142119.5436 143471.7302 141376.5418 145295.3408 143756.9228 142530.6507 144203.9341 142858.6753 146338.6018 144972.7896 145416.0608 147016.7144 146058.4069 143430.8647 146658.0439 148363.6402 84141.5938 0 0 0 0 0 0 
0 0 0 0 0 0 83443.31099 146697.9174 145416.0057 142981.4296 140546.3099 144447.1366 145134.1296 145737.6105 141913.5266 145255.0503 144932.446 145375.8549 141335.1477 145134.1701 142694.7668 144122.7683 143390.1401 147929.2988 144082.1515 145938.2216 143308.4803 143634.7282 145214.7256 144447.1233 144447.1091 143878.8809 145254.9516 82242.6252 0 0 0 0 0 0 
0 0 0 0 0 0 69855.57503 148481.9039 144487.5925 145737.5598 143960.2203 143716.1639 142817.6852 148796.9032 144932.4315 145576.9441 141913.5379 144325.611 146098.5243 144366.1506 141293.7429 143349.3305 144041.5456 143594.0164 146258.6192 143675.4751 142119.5165 142817.6853 144487.6361 143267.6102 144487.6085 143185.8767 144528.0652 74868.78772 0 0 0 0 0 0 
0 0 0 0 0 0 41334.19351 147810.4807 145938.1428 142201.782 146897.2523 145295.2843 144892.0333 143716.1824 147731.3827 143512.49 143797.6066 146338.6153 146298.6295 144770.8757 144244.5078 145536.7564 145013.1659 143919.6237 144528.1608 144406.6497 143634.734 143960.2423 146618.182 143593.9575 146378.5165 143716.1174 143593.9103 44074.46904 0 0 0 0 0 0 
0 0 0 0 0 0 0 135242.3 146378.4957 146338.5342 143308.4369 146018.3459 148363.7051 146578.2869 143634.7379 142448.5057 143838.2859 143919.6243 143185.962 147374.5126 145134.161 144730.4482 144690.0118 145053.4999 144972.7969 147533.2136 144366.1126 146658.0916 144406.6162 143838.23 144366.0635 143919.5332 133061.5338 0 0 0 0 0 0 0 
0 0 0 0 0 0 0 105990.9216 145134.0597 144041.4579 144244.4329 147016.6998 144730.4034 144163.3178 144082.1297 141583.2952 143063.3064 146338.6045 146698.0153 146138.5566 149228.8433 144487.6735 144244.494 146578.303 145938.2149 146737.8739 143675.4539 145295.2849 145617.0797 147255.2858 146618.1442 144203.8337 109573.8025 0 0 0 0 0 0 0 
0 0 0 0 0 0 0 53325.65329 146378.4835 145536.6609 145214.6902 144689.9508 145817.8528 145093.7972 144972.7765 146378.5647 146258.6047 142119.5221 145053.4956 142407.4261 144082.1441 144447.1645 148047.8924 143022.3937 143104.186 143185.9297 144203.8906 143022.363 143349.2602 144447.1011 143471.6317 143349.2176 53325.65289 0 0 0 0 0 0 0 
0 0 0 0 0 0 0 0 116107.2382 143919.5275 145536.6661 146178.5204 143838.233 147533.1823 142940.5287 146058.4276 144649.5412 144932.4197 144528.1478 141748.5022 143553.2423 143593.9948 147453.8683 146178.5628 146697.9864 142940.5291 146098.4664 144972.7488 145617.0638 141169.3644 148481.9082 116006.4064 0 0 0 0 0 0 0 0 
0 0 0 0 0 0 0 0 44863.92558 139627.3706 142858.5848 144325.5234 146857.4028 142776.6817 143471.6707 144203.8893 144203.8942 144000.8798 140629.5708 142366.3146 145416.0613 143634.7261 144406.6309 143797.5704 147016.7126 146578.2639 143634.6968 144244.4325 145416.0084 144203.8379 139207.6904 41475.50776 0 0 0 0 0 0 0 0 
0 0 0 0 0 0 0 0 0 77706.59927 143960.1693 145978.2264 146018.3147 144811.2078 144366.0792 142078.3068 146777.7183 144609.0691 146018.3547 143308.4595 144972.7671 142201.8111 143797.5622 145576.8989 142612.6698 146058.3995 147056.476 144609.0326 146737.8039 144163.2454 76949.94443 0 0 0 0 0 0 0 0 0 
0 0 0 0 0 0 0 0 0 0 88744.32191 145898.0265 143349.2289 142037.0902 142817.64 148087.3541 145013.0993 144325.549 143634.7011 146098.4605 142858.6257 142242.9403 143063.2602 143756.8518 144851.6106 143553.1873 145375.7633 144082.0615 142160.5962 86134.60642 0 0 0 0 0 0 0 0 0 0 
0 0 0 0 0 0 0 0 0 0 0 78157.07393 138575.7873 146976.8527 145013.0724 143593.932 146138.4828 145978.2454 143878.8974 143960.2085 144244.4327 144891.9979 143308.4269 147175.7866 143919.5443 146178.5004 147255.2551 138406.7934 78902.15424 0 0 0 0 0 0 0 0 0 0 0 
0 0 0 0 0 0 0 0 0 0 0 0 41050.10653 115500.929 143716.1003 145254.9552 145536.6564 147929.2054 143471.6353 142899.5471 143919.54 143593.9318 146338.5218 143185.8671 144163.2532 143349.216 114585.4505 45639.72864 0 0 0 0 0 0 0 0 0 0 0 0 
0 0 0 0 0 0 0 0 0 0 0 0 0 0 55371.16861 109306.4832 131379.9424 141044.9477 142899.5265 145134.0554 142858.5777 147414.1013 144082.0507 134461.299 107471.0828 57851.6917 0 0 0 0 0 0 0 0 0 0 0 0 0 0 
0 0 0 0 0 0 0 0 0 0 0 0 0 0 0 0 0 45253.48907 72324.72834 83653.40662 80444.36143 70605.38611 43540.21321 0 0 0 0 0 0 0 0 0 0 0 0 0 0 0 0 0 
0 0 0 0 0 0 0 0 0 0 0 0 0 0 0 0 0 0 0 0 0 0 0 0 0 0 0 0 0 0 0 0 0 0 0 0 0 0 0 0 
0 0 0 0 0 0 0 0 0 0 0 0 0 0 0 0 0 0 0 0 0 0 0 0 0 0 0 0 0 0 0 0 0 0 0 0 0 0 0 0 
0 0 0 0 0 0 0 0 0 0 0 0 0 0 0 0 0 0 0 0 0 0 0 0 0 0 0 0 0 0 0 0 0 0 0 0 0 0 0 0 
0 0 0 0 0 0 0 0 0 0 0 0 0 0 0 0 0 0 0 0 0 0 0 0 0 0 0 0 0 0 0 0 0 0 0 0 0 0 0 0 
0 0 0 0 0 0 0 0 0 0 0 0 0 0 0 0 0 0 0 0 0 0 0 0 0 0 0 0 0 0 0 0 0 0 0 0 0 0 0 0 
0 0 0 0 0 0 0 0 0 0 0 0 0 0 0 0 0 0 0 0 0 0 0 0 0 0 0 0 0 0 0 0 0 0 0 0 0 0 0 0 
# Events [psd_source/PSD_source.dat] N:
0 0 0 0 0 0 0 0 0 0 0 0 0 0 0 0 0 0 0 0 0 0 0 0 0 0 0 0 0 0 0 0 0 0 0 0 0 0 0 0 
0 0 0 0 0 0 0 0 0 0 0 0 0 0 0 0 0 0 0 0 0 0 0 0 0 0 0 0 0 0 0 0 0 0 0 0 0 0 0 0 
0 0 0 0 0 0 0 0 0 0 0 0 0 0 0 0 0 0 0 0 0 0 0 0 0 0 0 0 0 0 0 0 0 0 0 0 0 0 0 0 
0 0 0 0 0 0 0 0 0 0 0 0 0 0 0 0 0 0 0 0 0 0 0 0 0 0 0 0 0 0 0 0 0 0 0 0 0 0 0 0 
0 0 0 0 0 0 0 0 0 0 0 0 0 0 0 0 0 0 0 0 0 0 0 0 0 0 0 0 0 0 0 0 0 0 0 0 0 0 0 0 
0 0 0 0 0 0 0 0 0 0 0 0 0 0 0 0 0 0 0 0 0 0 0 0 0 0 0 0 0 0 0 0 0 0 0 0 0 0 0 0 
0 0 0 0 0 0 0 0 0 0 0 0 0 0 0 0 0 162 408 577 568 404 180 0 0 0 0 0 0 0 0 0 0 0 0 0 0 0 0 0 
0 0 0 0 0 0 0 0 0 0 0 0 0 0 253 985 1551 1817 1744 1780 1776 1805 1766 1564 955 268 0 0 0 0 0 0 0 0 0 0 0 0 0 0 
0 0 0 0 0 0 0 0 0 0 0 0 159 1183 1836 1761 1808 1787 1779 1775 1738 1781 1832 1776 1738 1769 1075 166 0 0 0 0 0 0 0 0 0 0 0 0 
0 0 0 0 0 0 0 0 0 0 0 497 1636 1761 1821 1745 1771 1778 1771 1854 1761 1741 1772 1850 1724 1822 1817 1643 479 0 0 0 0 0 0 0 0 0 0 0 
0 0 0 0 0 0 0 0 0 0 657 1818 1796 1784 1767 1818 1737 1842 1773 1751 1781 1810 1778 1816 1791 1763 1782 1853 1777 637 0 0 0 0 0 0 0 0 0 0 
0 0 0 0 0 0 0 0 0 538 1760 1791 1879 1738 1800 1752 1754 1819 1775 1793 1787 1767 1810 1817 1802 1759 1855 1761 1776 1787 499 0 0 0 0 0 0 0 0 0 
0 0 0 0 0 0 0 0 181 1612 1795 1782 1825 1754 1763 1775 1777 1815 1851 1814 1810 1816 1720 1816 1795 1869 1815 1801 1786 1858 1595 160 0 0 0 0 0 0 0 0 
0 0 0 0 0 0 0 0 1089 1873 1712 1794 1787 1787 1755 1765 1843 1839 1803 1852 1753 1756 1771 1749 1779 1706 1828 1801 1760 1832 1793 1111 0 0 0 0 0 0 0 0 
0 0 0 0 0 0 0 271 1759 1832 1851 1787 1824 1815 1838 1847 1852 1762 1766 1810 1821 1789 1803 1823 1809 1745 1742 1755 1778 1780 1762 1755 249 0 0 0 0 0 0 0 
0 0 0 0 0 0 0 1071 1841 1806 1770 1801 1774 1768 1757 1797 1814 1753 1849 1816 1786 1781 1842 1806 1819 1794 1825 1786 1686 1771 1717 1819 985 0 0 0 0 0 0 0 
0 0 0 0 0 0 0 1561 1809 1827 1766 1809 1733 1795 1827 1720 1848 1676 1781 1797 1823 1784 1795 1759 1779 1811 1766 1807 1842 1836 1790 1801 1545 0 0 0 0 0 0 0 
0 0 0 0 0 0 156 1786 1845 1754 1691 1906 1785 1810 1841 1756 1761 1833 1843 1943 1766 1805 1761 1831 1831 1761 1793 1824 1824 1854 1779 1781 1810 155 0 0 0 0 0 0 
0 0 0 0 0 0 463 1779 1849 1774 1815 1793 1778 1812 1768 1766 1783 1686 1882 1820 1807 1790 1778 1739 1942 1787 1736 1807 1781 1698 1873 1818 1681 445 0 0 0 0 0 0 
0 0 0 0 0 0 578 1842 1749 1790 1840 1766 1790 1773 1782 1769 1764 1726 1759 1708 1804 1766 1736 1777 1744 1830 1796 1807 1847 1823 1758 1838 1881 605 0 0 0 0 0 0 
0 0 0 0 0 0 595 1839 1807 1747 1688 1783 1800 1815 1721 1803 1795 1806 1707 1800 1740 1775 1757 1870 1774 1820 1755 1763 1802 1783 1783 1769 1803 578 0 0 0 0 0 0 
0 0 0 0 0 0 417 1884 1784 1815 1771 1765 1743 1892 1795 1811 1721 1780 1824 1781 1706 1756 1773 1762 1828 1764 1726 1743 1784 1754 1784 1752 1785 479 0 0 0 0 0 0 
0 0 0 0 0 0 146 1867 1820 1728 1844 1804 1794 1765 1865 1760 1767 1830 1829 1791 1778 1810 1797 1770 1785 1782 1763 1771 1837 1762 1831 1765 1762 166 0 0 0 0 0 0 
0 0 0 0 0 0 0 1563 1831 1830 1755 1822 1881 1836 1763 1734 1768 1770 1752 1856 1800 1790 1789 1798 1796 1860 1781 1838 1782 1768 1781 1770 1513 0 0 0 0 0 0 0 
0 0 0 0 0 0 0 960 1800 1773 1778 1847 1790 1776 1774 1713 1749 1830 1839 1825 1903 1784 1778 1836 1820 1840 1764 1804 1812 1853 1837 1777 1026 0 0 0 0 0 0 0 
0 0 0 0 0 0 0 243 1831 1810 1802 1789 1817 1799 1796 1831 1828 1726 1798 1733 1774 1783 1873 1748 1750 1752 1777 1748 1756 1783 1759 1756 243 0 0 0 0 0 0 0 
0 0 0 0 0 0 0 0 1152 1770 1810 1826 1768 1860 1746 1823 1788 1795 1785 1717 1761 1762 1858 1826 1839 1746 1824 1796 1812 1703 1884 1150 0 0 0 0 0 0 0 0 
0 0 0 0 0 0 0 0 172 1666 1744 1780 1843 1742 1759 1777 1777 1772 1690 1732 1807 1763 1782 1767 1847 1836 1763 1778 1807 1777 1656 147 0 0 0 0 0 0 0 0 
0 0 0 0 0 0 0 0 0 516 1771 1821 1822 1792 1781 1725 1841 1787 1822 1755 1796 1728 1767 1811 1738 1823 1848 1787 1840 1776 506 0 0 0 0 0 0 0 0 0 
0 0 0 0 0 0 0 0 0 0 673 1819 1756 1724 1743 1874 1797 1780 1763 1824 1744 1729 1749 1766 1793 1761 1806 1774 1727 634 0 0 0 0 0 0 0 0 0 0 
0 0 0 0 0 0 0 0 0 0 0 522 1641 1846 1797 1762 1825 1821 1769 1771 1778 1794 1755 1851 1770 1826 1853 1637 532 0 0 0 0 0 0 0 0 0 0 0 
0 0 0 0 0 0 0 0 0 0 0 0 144 1140 1765 1803 1810 1870 1759 1745 1770 1762 1830 1752 1776 1756 1122 178 0 0 0 0 0 0 0 0 0 0 0 0 
0 0 0 0 0 0 0 0 0 0 0 0 0 0 262 1021 1475 1700 1745 1800 1744 1857 1774 1545 987 286 0 0 0 0 0 0 0 0 0 0 0 0 0 0 
0 0 0 0 0 0 0 0 0 0 0 0 0 0 0 0 0 175 447 598 553 426 162 0 0 0 0 0 0 0 0 0 0 0 0 0 0 0 0 0 
0 0 0 0 0 0 0 0 0 0 0 0 0 0 0 0 0 0 0 0 0 0 0 0 0 0 0 0 0 0 0 0 0 0 0 0 0 0 0 0 
0 0 0 0 0 0 0 0 0 0 0 0 0 0 0 0 0 0 0 0 0 0 0 0 0 0 0 0 0 0 0 0 0 0 0 0 0 0 0 0 
0 0 0 0 0 0 0 0 0 0 0 0 0 0 0 0 0 0 0 0 0 0 0 0 0 0 0 0 0 0 0 0 0 0 0 0 0 0 0 0 
0 0 0 0 0 0 0 0 0 0 0 0 0 0 0 0 0 0 0 0 0 0 0 0 0 0 0 0 0 0 0 0 0 0 0 0 0 0 0 0 
0 0 0 0 0 0 0 0 0 0 0 0 0 0 0 0 0 0 0 0 0 0 0 0 0 0 0 0 0 0 0 0 0 0 0 0 0 0 0 0 
0 0 0 0 0 0 0 0 0 0 0 0 0 0 0 0 0 0 0 0 0 0 0 0 0 0 0 0 0 0 0 0 0 0 0 0 0 0 0 0 
