# Format: McCode with text headers
# URL: http://www.mccode.org
# Creator: McStas 2.5 - Dec. 12, 2018
# Instrument: ESS_HEIMDAL.instr
# Ncount: 25000
# Trace: no
# Gravitation: no
# Seed: 1565850477
# Directory: TemperatureScan/7
# Nodes: 4
# Param: lmax=4
# Param: lmin=0.5
# Param: T=150
# Param: tau=0
# Param: use_CoFe2O4=1
# Param: use_CoFe=1
# Param: use_magn=1
# Date: Wed Aug 14 12:13:28 2019 (1565777608)
# type: array_2d(40, 40)
# Source: ESS_HEIMDAL (ESS_HEIMDAL.instr)
# component: psd_source
# position: 0 0 0.01
# title: PSD monitor
# Ncount: 100000
# filename: PSD_source.dat
# statistics: X0=0.0428325; dX=5.02157; Y0=0.00685499; dY=5.0017;
# signal: Min=0; Max=7.49165e+06; Mean=2.13803e+06;
# values: 3.42084e+09 1.08177e+07 100000
# xvar: X 
# yvar: Y 
# xlabel: X position [cm]
# ylabel: Y position [cm]
# zvar: I
# zlabel: Signal per bin
# xylimits: -15 15 -15 15
# variables: I I_err N
# Data [psd_source/PSD_source.dat] I:
0 0 0 0 0 0 0 0 0 0 0 0 0 0 0 0 0 0 0 0 0 0 0 0 0 0 0 0 0 0 0 0 0 0 0 0 0 0 0 0 
0 0 0 0 0 0 0 0 0 0 0 0 0 0 0 0 0 0 0 0 0 0 0 0 0 0 0 0 0 0 0 0 0 0 0 0 0 0 0 0 
0 0 0 0 0 0 0 0 0 0 0 0 0 0 0 0 0 0 0 0 0 0 0 0 0 0 0 0 0 0 0 0 0 0 0 0 0 0 0 0 
0 0 0 0 0 0 0 0 0 0 0 0 0 0 0 0 0 0 0 0 0 0 0 0 0 0 0 0 0 0 0 0 0 0 0 0 0 0 0 0 
0 0 0 0 0 0 0 0 0 0 0 0 0 0 0 0 0 0 0 0 0 0 0 0 0 0 0 0 0 0 0 0 0 0 0 0 0 0 0 0 
0 0 0 0 0 0 0 0 0 0 0 0 0 0 0 0 0 0 0 0 0 0 0 0 0 0 0 0 0 0 0 0 0 0 0 0 0 0 0 0 
0 0 0 0 0 0 0 0 0 0 0 0 0 0 0 0 0 478917.8952 1539379.028 2086713.517 2223547.509 1847254.847 376292.6235 0 0 0 0 0 0 0 0 0 0 0 0 0 0 0 0 0 
0 0 0 0 0 0 0 0 0 0 0 0 0 0 649960.0424 3249800.122 5028638.296 6225933.367 5610181.632 6670643.09 6568017.878 6123307.923 5097055.207 5062846.783 3626092.797 1094669.508 0 0 0 0 0 0 0 0 0 0 0 0 0 0 
0 0 0 0 0 0 0 0 0 0 0 0 342084.2304 4720762.641 6431183.732 6362767.238 6328559.001 5541765.449 6602226.933 5678599.237 6362767.553 5986475.124 6191725.559 5952266.183 5747015.471 6225933.312 3660301.126 513126.3258 0 0 0 0 0 0 0 0 0 0 0 0 
0 0 0 0 0 0 0 0 0 0 0 1642004.231 5610181.685 6875893.729 5952266.663 5952266.643 5473349.148 5986475.518 5439140.679 5849642.041 5781224.98 6157517.998 6157517.693 6157517.95 5747016.237 5575973.767 7081144.388 5541764.812 1778837.799 0 0 0 0 0 0 0 0 0 0 0 
0 0 0 0 0 0 0 0 0 0 1881463.29 5507556.323 5849641.163 5781224.456 5747016.409 6396976.789 6157518.107 5918059.418 5268099.259 6568019.771 6294352.249 6602228.247 6362769.107 6054892.756 5439140.914 6157517.701 5918058.338 6020683.097 5610181.633 2052505.361 0 0 0 0 0 0 0 0 0 0 
0 0 0 0 0 0 0 0 0 2360381.167 6123308.014 6465392.949 6123309.012 6362768.444 6191726.798 6944312.773 6602228.587 5336516.421 6054893.719 5986477.067 6465395.219 6123310.655 6157518.882 6533811.565 5575975.319 6431185.753 5712808.194 6123308.961 5747015.769 6294350.291 1573587.386 0 0 0 0 0 0 0 0 0 
0 0 0 0 0 0 0 0 342084.2187 6328558.511 5028638.743 5712807.757 6807478.158 6431185.713 6089101.854 5815434.72 6533812.078 5849643.454 5610184.578 6568021.04 6294353.282 6191728.066 5918060.368 6054893.922 6362769.612 6054893.389 6260143.762 6841686.665 6807477.626 5883849.392 6328558.472 342084.2091 0 0 0 0 0 0 0 0 
0 0 0 0 0 0 0 0 3523467.622 6533809.31 6225934.117 5712808.325 6260143.531 4960223.382 6568020.487 5952268.836 6704854.441 6773271.929 5918060.899 6089103.055 6465395.953 6225936.943 5644393.254 6362770.314 6328561.696 6568020.456 6875896.09 6191726.776 6396976.864 5541765.458 6260141.828 3660301.324 0 0 0 0 0 0 0 0 
0 0 0 0 0 0 0 649960.0375 6157516.346 6225933.911 6396976.649 5986476 6670645.399 5404933.557 6294353.24 5883852.192 5165475.283 5918061.028 5781227.374 6123311.938 5131267.147 6054895.026 5233892.241 6089103.148 6568021.097 7320606.479 5165474.493 5336516.166 6157518.103 5986475.527 6020683.463 5781223.751 923627.376 0 0 0 0 0 0 0 
0 0 0 0 0 0 0 3284008.577 5883849.328 6054891.976 6260143.214 5747017.36 6362769.724 6396978.564 6020685.993 5678601.86 6362771.023 5918061.413 6020686.894 5473351.853 6465396.693 6807481.227 6260145.858 6602230.1 5986477.862 5404934.062 5849643.516 6773271.044 6089101.616 6431185.347 5507557.201 6670643.005 3523467.546 0 0 0 0 0 0 0 
0 0 0 0 0 0 0 6089099.38 5541765.238 6533810.342 5541766.338 5336516.193 6157519.167 6123311.292 6260145.411 5781227.466 5918061.49 5815436.305 6225937.811 6157520.971 6978523.824 5644394.214 6396979.936 6362771.295 7012731.587 6568021.386 5918060.557 6636437.485 6841687.583 6396977.19 6157517.636 7012727.648 6157516.303 0 0 0 0 0 0 0 
0 0 0 0 0 0 615751.5806 5644389.979 7046936.329 6568018.949 5473349.653 6602228.668 6020685.708 6020686.057 5952269.55 5439143.125 6670647.489 6260146.302 5712811.279 6123312.703 5952270.424 6875898.53 6123312.53 6225937.633 5781227.597 6294354.037 6157519.887 6157519.499 6465394.849 6465394.327 6636435.833 6739060.433 6533809.039 581543.1689 0 0 0 0 0 0 
0 0 0 0 0 0 1539379.012 5883849.075 6123308.797 6054892.589 6602228.179 6123310.615 6670646.217 5815435.539 5644393.633 6362771.346 6260146.263 6054895.729 5439143.774 5918062.148 5952270.587 5747019.825 5336518.324 5507560.377 5781227.748 6260145.697 6704855.044 5336516.983 5439141.845 5986476.279 6328560.066 5644390.785 6636434.453 1231503.212 0 0 0 0 0 0 
0 0 0 0 0 0 1915671.654 5439139.599 6191725.73 7149562.515 4960223.327 6739062.624 6465395.622 6225936.922 5986478.203 6910106.61 5849644.955 5918061.997 5370726.915 5952270.625 6396980.515 6089104.377 5575977.498 6123312.535 5918061.61 5233892.36 6568021.382 6020685.878 6910104.788 6020684.848 5541766.183 6773268.97 6089099.655 2018296.91 0 0 0 0 0 0 
0 0 0 0 0 0 2223547.442 6328558.678 5918058.312 6670644.408 6191727.022 6328561.29 6020685.835 6362770.735 6533813.334 6157520.719 5883853.383 6396980.319 5918062.143 5678603.007 6636439.673 6020687.497 5986478.912 7389025.203 5883853.135 6636438.685 5781227.148 6636437.797 6294352.905 6054893.311 6602227.579 6328559.394 6499600.778 2463006.419 0 0 0 0 0 0 
0 0 0 0 0 0 1607795.837 5986474.363 6533809.916 5541766.16 6225935.413 5541767.185 6157519.553 5233891.988 5781227.484 6225937.566 6089104.03 5849645.07 6294355.069 6362772.043 6568022.728 6225938.138 6568022.56 6123312.449 6396979.802 5541768.321 5986477.73 6157519.602 6636437.239 5918059.433 6328560.099 5815432.956 6910101.839 1265711.622 0 0 0 0 0 0 
0 0 0 0 0 0 478917.8958 5336514.212 6568018.254 6807477.987 5712808.808 5644392.379 5986477.241 6089102.93 6054894.886 5439143.167 5712810.967 5678602.632 6089104.233 5781228.189 5062850.733 6807481.745 6910106.924 5644394.115 5781227.63 6362770.976 6054894.528 6568020.726 6841687.7 6533811.146 6807478.022 5404931.676 6396975.382 410501.0834 0 0 0 0 0 0 
0 0 0 0 0 0 0 5199680.421 6294350.499 5439140.497 5883850.733 6533811.673 6328561.404 5165474.904 6225936.976 5336517.712 6431188.168 4720765.953 5610185.719 6020687.169 6225937.87 6704856.118 5815436.316 6568022.011 5233892.288 7081148.052 6054894.418 6431186.833 5952268.121 5507557.931 6054892.401 6499601.232 5678598.298 0 0 0 0 0 0 0 
0 0 0 0 0 0 0 2941924.338 5849640.977 6260142.59 6157517.845 6670645.117 6739062.466 6670645.976 5849643.797 4823390.821 5439143.028 5507560.066 6294354.439 6431188.257 6020686.886 5849644.62 6670647.281 6260145.681 6089103.269 6157519.736 5747018.09 6362769.472 6191727.03 6739061.331 6636435.266 6499600.868 3831343.425 0 0 0 0 0 0 0 
0 0 0 0 0 0 0 821002.1237 5918057.301 6089100.228 6191725.946 5918059.29 6396977.86 6260144.423 4926015.719 5507559.442 6362770.808 6875897.675 5473351.398 6602230.293 5883852.928 6431187.911 6602230.045 6431187.567 6670646.361 5678601.453 6396978.379 6089101.814 5712808.628 5986475.506 6636435.044 5678598.465 1128877.902 0 0 0 0 0 0 0 
0 0 0 0 0 0 0 0 4481303.359 5883849.35 6533809.922 6294351.585 5883850.955 5986476.586 5747017.943 5404933.659 5575976.083 5678601.688 6465395.899 5678601.951 6465396.116 5918060.959 6089102.859 5883852.086 5439142.086 6910104.92 5678600.519 6225935.125 6054892.715 6499601.538 6499600.963 3557675.941 0 0 0 0 0 0 0 0 
0 0 0 0 0 0 0 0 513126.3601 6054890.788 6431184.26 5986475.189 6465393.728 6260143.601 6260144.063 5610183.959 6431186.686 6670646.285 6294353.256 6089102.813 5883852.122 6568020.89 5747018.161 5610184.206 6704854.021 6944312.807 6225935.19 6089100.926 6431184.825 5918057.85 5097055.131 752585.2582 0 0 0 0 0 0 0 0 
0 0 0 0 0 0 0 0 0 1813046.363 6670642.676 5747015.8 6431184.933 6157517.941 5233890.514 6020684.723 6225935.631 7286397.353 6225935.877 5678601.024 6020685.557 6568020.206 5712809.212 5918059.834 6465394.614 5781225.381 6431185.29 6739060.82 5678598.831 5610181.516 1915671.557 0 0 0 0 0 0 0 0 0 
0 0 0 0 0 0 0 0 0 0 2463006.562 5883848.983 5712807.2 6499601.534 5883850.143 5781225.223 6123309.78 5028640.014 6054893.168 6533811.139 6260143.74 6568019.802 7491647.336 6465394.167 5883850.478 6362768.058 6089100.534 6431184.39 5986474.368 2086713.689 0 0 0 0 0 0 0 0 0 0 
0 0 0 0 0 0 0 0 0 0 0 1505170.657 5439139.443 5712807.139 6465393.125 6396976.287 5815433.185 5986475.583 6465393.915 5918059.002 6294351.824 5952267.209 6841686.494 5610182.819 6191725.653 5781224.257 5678598.688 5404930.862 1710421.059 0 0 0 0 0 0 0 0 0 0 0 
0 0 0 0 0 0 0 0 0 0 0 0 581543.1509 3181383.238 6157516.464 6294350.605 5747015.695 7354811.849 5815433.015 6089100.493 7012727.928 6362767.355 5952266.421 6910102.32 5781224.124 5815432.216 4139219.062 718376.8726 0 0 0 0 0 0 0 0 0 0 0 0 
0 0 0 0 0 0 0 0 0 0 0 0 0 0 923627.4309 3626092.858 4310261.343 5883848.741 5712807.279 6089099.673 5918057.524 6499600.838 6260141.557 5165471.719 3215591.647 992044.2361 0 0 0 0 0 0 0 0 0 0 0 0 0 0 
0 0 0 0 0 0 0 0 0 0 0 0 0 0 0 0 0 410501.0317 1573587.574 2018296.849 2257755.675 1813046.456 513126.3101 0 0 0 0 0 0 0 0 0 0 0 0 0 0 0 0 0 
0 0 0 0 0 0 0 0 0 0 0 0 0 0 0 0 0 0 0 0 0 0 0 0 0 0 0 0 0 0 0 0 0 0 0 0 0 0 0 0 
0 0 0 0 0 0 0 0 0 0 0 0 0 0 0 0 0 0 0 0 0 0 0 0 0 0 0 0 0 0 0 0 0 0 0 0 0 0 0 0 
0 0 0 0 0 0 0 0 0 0 0 0 0 0 0 0 0 0 0 0 0 0 0 0 0 0 0 0 0 0 0 0 0 0 0 0 0 0 0 0 
0 0 0 0 0 0 0 0 0 0 0 0 0 0 0 0 0 0 0 0 0 0 0 0 0 0 0 0 0 0 0 0 0 0 0 0 0 0 0 0 
0 0 0 0 0 0 0 0 0 0 0 0 0 0 0 0 0 0 0 0 0 0 0 0 0 0 0 0 0 0 0 0 0 0 0 0 0 0 0 0 
0 0 0 0 0 0 0 0 0 0 0 0 0 0 0 0 0 0 0 0 0 0 0 0 0 0 0 0 0 0 0 0 0 0 0 0 0 0 0 0 
# Errors [psd_source/PSD_source.dat] I_err:
0 0 0 0 0 0 0 0 0 0 0 0 0 0 0 0 0 0 0 0 0 0 0 0 0 0 0 0 0 0 0 0 0 0 0 0 0 0 0 0 
0 0 0 0 0 0 0 0 0 0 0 0 0 0 0 0 0 0 0 0 0 0 0 0 0 0 0 0 0 0 0 0 0 0 0 0 0 0 0 0 
0 0 0 0 0 0 0 0 0 0 0 0 0 0 0 0 0 0 0 0 0 0 0 0 0 0 0 0 0 0 0 0 0 0 0 0 0 0 0 0 
0 0 0 0 0 0 0 0 0 0 0 0 0 0 0 0 0 0 0 0 0 0 0 0 0 0 0 0 0 0 0 0 0 0 0 0 0 0 0 0 
0 0 0 0 0 0 0 0 0 0 0 0 0 0 0 0 0 0 0 0 0 0 0 0 0 0 0 0 0 0 0 0 0 0 0 0 0 0 0 0 
0 0 0 0 0 0 0 0 0 0 0 0 0 0 0 0 0 0 0 0 0 0 0 0 0 0 0 0 0 0 0 0 0 0 0 0 0 0 0 0 
0 0 0 0 0 0 0 0 0 0 0 0 0 0 0 0 0 127996.1914 229477.0766 267176.2881 275797.1252 251379.5444 113456.4949 0 0 0 0 0 0 0 0 0 0 0 0 0 0 0 0 0 
0 0 0 0 0 0 0 0 0 0 0 0 0 0 149111.0601 333422.4574 414755.0963 461496.8854 438081.5852 477694.6736 474005.8612 457677.5226 417567.0326 416163.442 352197.267 193512.058 0 0 0 0 0 0 0 0 0 0 0 0 0 0 
0 0 0 0 0 0 0 0 0 0 0 0 108176.532 401858.0028 469042.2802 466540.7295 465284.9114 435402.2143 475238.6936 440744.7783 466540.7526 452534.9831 460227.3363 451240.1349 443391.8697 461496.8813 353854.666 132488.6476 0 0 0 0 0 0 0 0 0 0 0 0 
0 0 0 0 0 0 0 0 0 0 0 237002.8962 438081.5893 484988.1497 451240.1712 451240.1697 432706.2434 452535.0129 431351.9141 447333.3072 444709.6138 458954.2939 458954.2711 458954.2903 443391.9288 436743.9722 492173.5577 435402.1642 246680.419 0 0 0 0 0 0 0 0 0 0 0 
0 0 0 0 0 0 0 0 0 0 253696.4583 434056.2451 447333.2401 444709.5735 443391.9421 467793.2724 458954.302 449941.7257 424515.536 474005.9979 464025.8041 475238.7882 466540.8665 455113.609 431351.9327 458954.2717 449941.6435 453826.0639 438081.5852 264977.3028 0 0 0 0 0 0 0 0 0 0 
0 0 0 0 0 0 0 0 0 284156.5004 457677.5293 470288.1363 457677.6039 466540.8179 460227.4284 487395.2073 475238.8127 427263.2611 455113.6814 452535.1299 470288.3014 457677.7267 458954.3598 472770.0124 436744.0937 469042.4276 442070.3704 457677.6001 443391.8927 464025.6598 232012.8023 0 0 0 0 0 0 0 0 0 
0 0 0 0 0 0 0 0 108176.5283 465284.8754 414755.1331 442070.3365 482569.3319 469042.4247 456397.4797 446023.4825 472770.0495 447333.4153 438081.8153 474006.0894 464025.8803 460227.5226 449941.7979 455113.6966 466540.9036 455113.6566 462763.1428 483780.3036 482569.2942 448639.3102 465284.8725 108176.5252 0 0 0 0 0 0 0 0 
0 0 0 0 0 0 0 0 347177.5809 472769.8493 461496.941 442070.3805 462763.1257 411924.1309 474006.0495 451240.336 478918.1744 481355.4758 449941.8383 456397.5697 470288.3548 461497.1504 439415.4189 466540.955 465285.1096 474006.0473 484988.3162 460227.4267 467793.2778 435402.215 462762.9999 353854.6851 0 0 0 0 0 0 0 0 
0 0 0 0 0 0 0 149111.059 458954.1707 461496.9257 467793.2621 452535.0493 477694.8389 429993.4262 464025.8772 448639.5237 420360.4169 449941.8481 444709.798 457677.8227 418966.2082 455113.7796 423135.1087 456397.5767 474006.0936 500426.3566 420360.3527 427263.2407 458954.3017 452535.0136 453826.0915 444709.5193 177752.1714 0 0 0 0 0 0 0 
0 0 0 0 0 0 0 335172.7218 448639.3053 455113.5503 462763.1023 443392.0155 466540.9118 467793.4022 453826.2822 440744.9819 466541.0071 449941.8773 453826.3501 432706.4573 470288.4086 482569.5495 462763.2978 475238.9216 452535.1901 429993.4663 447333.42 481355.4129 456397.4619 469042.398 434056.3143 477694.6675 347177.5734 0 0 0 0 0 0 0 
0 0 0 0 0 0 0 456397.2943 435402.1978 472769.9239 435402.2842 427263.2429 458954.381 457677.7744 462763.2647 444709.8051 449941.8832 446023.6041 461497.2148 458954.5155 488594.3963 439415.4936 467793.5025 466541.027 489790.4197 474006.1144 449941.8122 476468.4436 483780.3685 467793.3017 458954.2669 489790.1445 458954.1675 0 0 0 0 0 0 0 
0 0 0 0 0 0 145134.0394 439415.1639 490983.319 474005.9386 432706.2833 475238.8185 453826.2608 453826.2871 451240.3901 431352.108 477694.9886 462763.3306 442070.6091 457677.8798 451240.4563 484988.4884 457677.8669 461497.2016 444709.8151 464025.936 458954.4347 458954.4057 470288.2745 470288.2365 476468.325 480138.1755 472769.8297 141044.936 0 0 0 0 0 0 
0 0 0 0 0 0 229477.0743 448639.286 457677.5879 455113.5965 475238.7834 457677.7238 477694.8975 446023.5453 439415.4484 466541.0307 462763.3277 455113.8325 431352.1595 449941.9332 451240.4687 443392.2057 427263.4135 434056.5646 444709.8267 462763.2858 478918.2174 427263.3061 431352.0065 452535.0704 465284.9898 439415.2267 476468.226 205250.5353 0 0 0 0 0 0 
0 0 0 0 0 0 255992.3927 431351.8284 460227.349 494545.5802 411924.1264 480138.3316 470288.3307 461497.1489 452535.2159 486193.4044 447333.5301 449941.9218 428630.6711 451240.4716 467793.5448 456397.6688 436744.2644 457677.8673 449941.8923 423135.1183 474006.1141 453826.2736 486193.2763 453826.1959 435402.272 481355.2655 456397.3149 262759.8767 0 0 0 0 0 0 
0 0 0 0 0 0 275797.1168 465284.8877 449941.6416 477694.768 460227.4451 465285.0797 453826.2703 466540.9859 472770.1404 458954.4967 448639.6145 467793.5305 449941.9328 440745.0709 476468.6008 453826.3956 452535.2694 502759.4845 448639.5955 476468.5298 444709.7806 476468.466 464025.8525 455113.6507 475238.7402 465284.9404 471530.6 290268.0901 0 0 0 0 0 0 
0 0 0 0 0 0 234521.126 452534.9256 472769.8931 435402.2702 461497.037 435402.3507 458954.4098 423135.0882 444709.8064 461497.1967 456397.6428 447333.5388 464026.0121 466541.0818 474006.2113 461497.239 474006.1991 457677.8608 467793.4927 435402.44 452535.1801 458954.4134 476468.426 449941.7268 465284.9922 446023.3472 486193.0687 208081.7088 0 0 0 0 0 0 
0 0 0 0 0 0 127996.1916 427263.0842 474005.8884 482569.3198 442070.4179 439415.3508 452535.1431 456397.5603 455113.7691 431352.1114 442070.5849 440745.0418 456397.658 444709.8607 416163.7667 482569.5862 486193.4265 439415.4859 444709.8177 466541.0036 455113.7422 474006.0668 483780.3768 472769.9821 482569.3223 429993.2765 467793.1694 118501.4555 0 0 0 0 0 0 
0 0 0 0 0 0 0 421749.7737 464025.6752 431351.8996 448639.4124 472770.0203 465285.0881 420360.3861 461497.1529 427263.3645 469042.6037 401858.2848 438081.9043 453826.3709 461497.2192 478918.2941 446023.6049 474006.1595 423135.1125 492173.8123 455113.7339 469042.5064 451240.2818 434056.3718 455113.5823 471530.6329 440744.7055 0 0 0 0 0 0 0 
0 0 0 0 0 0 0 317235.8599 447333.2259 462763.0562 458954.2824 477694.8187 480138.3204 477694.8803 447333.4415 406202.7846 431352.1003 434056.5401 464025.9656 469042.6102 453826.3496 447333.5044 477694.9737 462763.2847 456397.5858 458954.4234 443392.0718 466540.8933 460227.4457 480138.2395 476468.2843 471530.6065 362027.9247 0 0 0 0 0 0 0 
0 0 0 0 0 0 0 167586.3567 449941.5647 456397.3578 460227.3651 449941.716 467793.3507 462763.1917 410501.3099 434056.4909 466540.9913 484988.428 432706.4213 475238.9355 448639.5798 469042.585 475238.9176 469042.5599 477694.9078 440744.9503 467793.3886 456397.4767 442070.4039 452535.0119 476468.2684 440744.7184 196512.419 0 0 0 0 0 0 0 
0 0 0 0 0 0 0 0 391533.2924 448639.307 472769.8935 464025.7552 448639.4294 452535.0936 443392.0605 429993.4343 436744.1536 440744.9686 470288.3509 440744.989 470288.3667 449941.8428 456397.555 448639.5156 431352.0257 486193.2855 440744.8778 461497.0157 455113.606 471530.6551 471530.6134 348858.8279 0 0 0 0 0 0 0 0 
0 0 0 0 0 0 0 0 132488.6565 455113.4611 469042.3187 452534.988 470288.1929 462763.1309 462763.165 438081.7669 469042.4957 477694.9024 464025.8784 456397.5516 448639.5183 474006.0786 443392.0772 438081.7862 478918.1444 487395.2097 461497.0205 456397.4102 469042.3599 449941.6065 417567.0264 160451.7162 0 0 0 0 0 0 0 0 
0 0 0 0 0 0 0 0 0 249041.0708 477694.644 443391.8951 469042.3678 458954.2897 423134.969 453826.1865 461497.0532 499255.7202 461497.0714 440744.917 453826.2494 474006.0293 442070.4491 449941.7573 470288.2574 444709.6447 469042.3938 480138.2031 440744.7468 438081.5761 255992.3797 0 0 0 0 0 0 0 0 0 
0 0 0 0 0 0 0 0 0 0 290268.107 448639.279 442070.2934 471530.6548 448639.3674 444709.6325 457677.6614 414755.2379 455113.64 472769.9816 462763.1412 474006.0001 506238.6131 470288.2249 448639.393 466540.7896 456397.3808 469042.3282 452534.9259 267176.3101 0 0 0 0 0 0 0 0 0 0 
0 0 0 0 0 0 0 0 0 0 0 226913.0143 431351.816 442070.2887 470288.1491 467793.2356 446023.3648 452535.0178 470288.2066 449941.6941 464025.7728 451240.2126 483780.2915 438081.6779 460227.3433 444709.5582 440744.7357 429993.2118 241890.0659 0 0 0 0 0 0 0 0 0 0 0 
0 0 0 0 0 0 0 0 0 0 0 0 141044.9316 329894.074 458954.1795 464025.683 443391.887 501594.0049 446023.3517 456397.3777 489790.1641 466540.738 451240.1529 486193.1026 444709.548 446023.2905 376292.642 156762.6855 0 0 0 0 0 0 0 0 0 0 0 0 
0 0 0 0 0 0 0 0 0 0 0 0 0 0 177752.182 352197.2729 383988.5998 448639.2605 442070.2995 456397.3162 449941.5817 471530.6043 462762.9798 420360.1269 331662.9544 184217.9899 0 0 0 0 0 0 0 0 0 0 0 0 0 0 
0 0 0 0 0 0 0 0 0 0 0 0 0 0 0 0 0 118501.4406 232012.8301 262759.8688 277910.5123 249041.0836 132488.6436 0 0 0 0 0 0 0 0 0 0 0 0 0 0 0 0 0 
0 0 0 0 0 0 0 0 0 0 0 0 0 0 0 0 0 0 0 0 0 0 0 0 0 0 0 0 0 0 0 0 0 0 0 0 0 0 0 0 
0 0 0 0 0 0 0 0 0 0 0 0 0 0 0 0 0 0 0 0 0 0 0 0 0 0 0 0 0 0 0 0 0 0 0 0 0 0 0 0 
0 0 0 0 0 0 0 0 0 0 0 0 0 0 0 0 0 0 0 0 0 0 0 0 0 0 0 0 0 0 0 0 0 0 0 0 0 0 0 0 
0 0 0 0 0 0 0 0 0 0 0 0 0 0 0 0 0 0 0 0 0 0 0 0 0 0 0 0 0 0 0 0 0 0 0 0 0 0 0 0 
0 0 0 0 0 0 0 0 0 0 0 0 0 0 0 0 0 0 0 0 0 0 0 0 0 0 0 0 0 0 0 0 0 0 0 0 0 0 0 0 
0 0 0 0 0 0 0 0 0 0 0 0 0 0 0 0 0 0 0 0 0 0 0 0 0 0 0 0 0 0 0 0 0 0 0 0 0 0 0 0 
# Events [psd_source/PSD_source.dat] N:
0 0 0 0 0 0 0 0 0 0 0 0 0 0 0 0 0 0 0 0 0 0 0 0 0 0 0 0 0 0 0 0 0 0 0 0 0 0 0 0 
0 0 0 0 0 0 0 0 0 0 0 0 0 0 0 0 0 0 0 0 0 0 0 0 0 0 0 0 0 0 0 0 0 0 0 0 0 0 0 0 
0 0 0 0 0 0 0 0 0 0 0 0 0 0 0 0 0 0 0 0 0 0 0 0 0 0 0 0 0 0 0 0 0 0 0 0 0 0 0 0 
0 0 0 0 0 0 0 0 0 0 0 0 0 0 0 0 0 0 0 0 0 0 0 0 0 0 0 0 0 0 0 0 0 0 0 0 0 0 0 0 
0 0 0 0 0 0 0 0 0 0 0 0 0 0 0 0 0 0 0 0 0 0 0 0 0 0 0 0 0 0 0 0 0 0 0 0 0 0 0 0 
0 0 0 0 0 0 0 0 0 0 0 0 0 0 0 0 0 0 0 0 0 0 0 0 0 0 0 0 0 0 0 0 0 0 0 0 0 0 0 0 
0 0 0 0 0 0 0 0 0 0 0 0 0 0 0 0 0 14 45 61 65 54 11 0 0 0 0 0 0 0 0 0 0 0 0 0 0 0 0 0 
0 0 0 0 0 0 0 0 0 0 0 0 0 0 19 95 147 182 164 195 192 179 149 148 106 32 0 0 0 0 0 0 0 0 0 0 0 0 0 0 
0 0 0 0 0 0 0 0 0 0 0 0 10 138 188 186 185 162 193 166 186 175 181 174 168 182 107 15 0 0 0 0 0 0 0 0 0 0 0 0 
0 0 0 0 0 0 0 0 0 0 0 48 164 201 174 174 160 175 159 171 169 180 180 180 168 163 207 162 52 0 0 0 0 0 0 0 0 0 0 0 
0 0 0 0 0 0 0 0 0 0 55 161 171 169 168 187 180 173 154 192 184 193 186 177 159 180 173 176 164 60 0 0 0 0 0 0 0 0 0 0 
0 0 0 0 0 0 0 0 0 69 179 189 179 186 181 203 193 156 177 175 189 179 180 191 163 188 167 179 168 184 46 0 0 0 0 0 0 0 0 0 
0 0 0 0 0 0 0 0 10 185 147 167 199 188 178 170 191 171 164 192 184 181 173 177 186 177 183 200 199 172 185 10 0 0 0 0 0 0 0 0 
0 0 0 0 0 0 0 0 103 191 182 167 183 145 192 174 196 198 173 178 189 182 165 186 185 192 201 181 187 162 183 107 0 0 0 0 0 0 0 0 
0 0 0 0 0 0 0 19 180 182 187 175 195 158 184 172 151 173 169 179 150 177 153 178 192 214 151 156 180 175 176 169 27 0 0 0 0 0 0 0 
0 0 0 0 0 0 0 96 172 177 183 168 186 187 176 166 186 173 176 160 189 199 183 193 175 158 171 198 178 188 161 195 103 0 0 0 0 0 0 0 
0 0 0 0 0 0 0 178 162 191 162 156 180 179 183 169 173 170 182 180 204 165 187 186 205 192 173 194 200 187 180 205 180 0 0 0 0 0 0 0 
0 0 0 0 0 0 18 165 206 192 160 193 176 176 174 159 195 183 167 179 174 201 179 182 169 184 180 180 189 189 194 197 191 17 0 0 0 0 0 0 
0 0 0 0 0 0 45 172 179 177 193 179 195 170 165 186 183 177 159 173 174 168 156 161 169 183 196 156 159 175 185 165 194 36 0 0 0 0 0 0 
0 0 0 0 0 0 56 159 181 209 145 197 189 182 175 202 171 173 157 174 187 178 163 179 173 153 192 176 202 176 162 198 178 59 0 0 0 0 0 0 
0 0 0 0 0 0 65 185 173 195 181 185 176 186 191 180 172 187 173 166 194 176 175 216 172 194 169 194 184 177 193 185 190 72 0 0 0 0 0 0 
0 0 0 0 0 0 47 175 191 162 182 162 180 153 169 182 178 171 184 186 192 182 192 179 187 162 175 180 194 173 185 170 202 37 0 0 0 0 0 0 
0 0 0 0 0 0 14 156 192 199 167 165 175 178 177 159 167 166 178 169 148 199 202 165 169 186 177 192 200 191 199 158 187 12 0 0 0 0 0 0 
0 0 0 0 0 0 0 152 184 159 172 191 185 151 182 156 188 138 164 176 182 196 170 192 153 207 177 188 174 161 177 190 166 0 0 0 0 0 0 0 
0 0 0 0 0 0 0 86 171 183 180 195 197 195 171 141 159 161 184 188 176 171 195 183 178 180 168 186 181 197 194 190 112 0 0 0 0 0 0 0 
0 0 0 0 0 0 0 24 173 178 181 173 187 183 144 161 186 201 160 193 172 188 193 188 195 166 187 178 167 175 194 166 33 0 0 0 0 0 0 0 
0 0 0 0 0 0 0 0 131 172 191 184 172 175 168 158 163 166 189 166 189 173 178 172 159 202 166 182 177 190 190 104 0 0 0 0 0 0 0 0 
0 0 0 0 0 0 0 0 15 177 188 175 189 183 183 164 188 195 184 178 172 192 168 164 196 203 182 178 188 173 149 22 0 0 0 0 0 0 0 0 
0 0 0 0 0 0 0 0 0 53 195 168 188 180 153 176 182 213 182 166 176 192 167 173 189 169 188 197 166 164 56 0 0 0 0 0 0 0 0 0 
0 0 0 0 0 0 0 0 0 0 72 172 167 190 172 169 179 147 177 191 183 192 219 189 172 186 178 188 175 61 0 0 0 0 0 0 0 0 0 0 
0 0 0 0 0 0 0 0 0 0 0 44 159 167 189 187 170 175 189 173 184 174 200 164 181 169 166 158 50 0 0 0 0 0 0 0 0 0 0 0 
0 0 0 0 0 0 0 0 0 0 0 0 17 93 180 184 168 215 170 178 205 186 174 202 169 170 121 21 0 0 0 0 0 0 0 0 0 0 0 0 
0 0 0 0 0 0 0 0 0 0 0 0 0 0 27 106 126 172 167 178 173 190 183 151 94 29 0 0 0 0 0 0 0 0 0 0 0 0 0 0 
0 0 0 0 0 0 0 0 0 0 0 0 0 0 0 0 0 12 46 59 66 53 15 0 0 0 0 0 0 0 0 0 0 0 0 0 0 0 0 0 
0 0 0 0 0 0 0 0 0 0 0 0 0 0 0 0 0 0 0 0 0 0 0 0 0 0 0 0 0 0 0 0 0 0 0 0 0 0 0 0 
0 0 0 0 0 0 0 0 0 0 0 0 0 0 0 0 0 0 0 0 0 0 0 0 0 0 0 0 0 0 0 0 0 0 0 0 0 0 0 0 
0 0 0 0 0 0 0 0 0 0 0 0 0 0 0 0 0 0 0 0 0 0 0 0 0 0 0 0 0 0 0 0 0 0 0 0 0 0 0 0 
0 0 0 0 0 0 0 0 0 0 0 0 0 0 0 0 0 0 0 0 0 0 0 0 0 0 0 0 0 0 0 0 0 0 0 0 0 0 0 0 
0 0 0 0 0 0 0 0 0 0 0 0 0 0 0 0 0 0 0 0 0 0 0 0 0 0 0 0 0 0 0 0 0 0 0 0 0 0 0 0 
0 0 0 0 0 0 0 0 0 0 0 0 0 0 0 0 0 0 0 0 0 0 0 0 0 0 0 0 0 0 0 0 0 0 0 0 0 0 0 0 
