# Format: McCode with text headers
# URL: http://www.mccode.org
# Creator: McStas 2.5 - Dec. 12, 2018
# Instrument: ESS_HEIMDAL.instr
# Ncount: 25000
# Trace: no
# Gravitation: no
# Seed: 1565850466
# Directory: TemperatureScan/6
# Nodes: 4
# Param: lmax=4
# Param: lmin=0.5
# Param: T=130
# Param: tau=0
# Param: use_CoFe2O4=1
# Param: use_CoFe=1
# Param: use_magn=1
# Date: Wed Aug 14 12:13:25 2019 (1565777605)
# type: array_2d(40, 40)
# Source: ESS_HEIMDAL (ESS_HEIMDAL.instr)
# component: psd_source
# position: 0 0 0.01
# title: PSD monitor
# Ncount: 100000
# filename: PSD_source.dat
# statistics: X0=0.031215; dX=5.01271; Y0=0.016185; dY=5.00412;
# signal: Min=0; Max=7.62848e+06; Mean=2.13803e+06;
# values: 3.42084e+09 1.08177e+07 100000
# xvar: X 
# yvar: Y 
# xlabel: X position [cm]
# ylabel: Y position [cm]
# zvar: I
# zlabel: Signal per bin
# xylimits: -15 15 -15 15
# variables: I I_err N
# Data [psd_source/PSD_source.dat] I:
0 0 0 0 0 0 0 0 0 0 0 0 0 0 0 0 0 0 0 0 0 0 0 0 0 0 0 0 0 0 0 0 0 0 0 0 0 0 0 0 
0 0 0 0 0 0 0 0 0 0 0 0 0 0 0 0 0 0 0 0 0 0 0 0 0 0 0 0 0 0 0 0 0 0 0 0 0 0 0 0 
0 0 0 0 0 0 0 0 0 0 0 0 0 0 0 0 0 0 0 0 0 0 0 0 0 0 0 0 0 0 0 0 0 0 0 0 0 0 0 0 
0 0 0 0 0 0 0 0 0 0 0 0 0 0 0 0 0 0 0 0 0 0 0 0 0 0 0 0 0 0 0 0 0 0 0 0 0 0 0 0 
0 0 0 0 0 0 0 0 0 0 0 0 0 0 0 0 0 0 0 0 0 0 0 0 0 0 0 0 0 0 0 0 0 0 0 0 0 0 0 0 
0 0 0 0 0 0 0 0 0 0 0 0 0 0 0 0 0 0 0 0 0 0 0 0 0 0 0 0 0 0 0 0 0 0 0 0 0 0 0 0 
0 0 0 0 0 0 0 0 0 0 0 0 0 0 0 0 0 684168.4498 1710421.202 2052505.44 1984088.32 1299919.872 615751.5531 0 0 0 0 0 0 0 0 0 0 0 0 0 0 0 0 0 
0 0 0 0 0 0 0 0 0 0 0 0 0 0 992044.352 3181383.239 4960221.501 6054891.089 5918057.709 6089099.667 6465392.569 6328558.644 6431184.043 5062846.748 3523467.653 1128877.926 0 0 0 0 0 0 0 0 0 0 0 0 0 0 
0 0 0 0 0 0 0 0 0 0 0 0 513126.4011 3968177.049 6191724.749 5781223.799 6499601.262 6602226.498 5370723.404 6396976.174 7183770.333 6465393.197 6089100.092 5986474.57 6978518.778 6123308.177 3865551.82 615751.5877 0 0 0 0 0 0 0 0 0 0 0 0 
0 0 0 0 0 0 0 0 0 0 0 1539378.931 5165472.193 6396975.696 6123308.567 5849641.52 6328559.643 6362768.277 6431185.422 6225934.934 5952267.233 6465393.709 5507557.572 5575974.162 7183770.138 6568017.892 5507556.563 5507556.25 2428798.051 0 0 0 0 0 0 0 0 0 0 0 
0 0 0 0 0 0 0 0 0 0 2257755.865 6157516.326 6020683.179 5849641.612 6465393.477 5302307.198 5883850.791 5883850.935 5986476.429 5644392.009 5541766.709 6499602.75 6328560.593 6157518.113 6123309.737 6157517.807 6225934.311 5815432.523 6568017.533 2189338.931 0 0 0 0 0 0 0 0 0 0 
0 0 0 0 0 0 0 0 0 1505170.48 5747015.221 6191725.421 4994430.674 6225934.568 6089101.418 5131265.482 5610183.694 5610183.847 5781226.236 5541767.302 6978521.69 6533811.734 6089101.858 5233890.979 5781225.773 5541766.556 6294351.638 5952266.852 5849641.116 6362766.955 2086713.73 0 0 0 0 0 0 0 0 0 
0 0 0 0 0 0 0 0 581543.2057 5268097.369 5849641.235 5507557.37 5302307.055 6157518.365 5678600.408 6602228.626 6773271.153 6328561.764 5918060.476 5918060.575 6465395.658 5302308.541 6568020.712 6602228.952 6260144.362 5575975.29 6294352.07 6773269.681 5370723.49 5439139.774 5439139.319 615751.5703 0 0 0 0 0 0 0 0 
0 0 0 0 0 0 0 0 4583928.765 6978518.88 6089100.455 5370724.002 6533811.089 6636436.91 6225935.898 6260144.552 5781226.882 6910105.635 6841688.962 6260145.429 4994432.924 5370725.648 5336517.31 7217981.522 5952268.722 6089102.396 6054893.444 6020684.635 6225934.61 5439140.263 6533809.408 4583928.808 0 0 0 0 0 0 0 0 
0 0 0 0 0 0 0 649960.0283 5439139.322 5986474.892 5610182.837 5644391.742 5883851.344 6568020.325 5815435.042 5473350.917 6054894.723 5918061.17 6020686.727 5986478.091 6362771.076 6191728.736 6157520.257 6704855.037 6739063.263 5849643.633 6396978.142 5678600.564 5986476.093 5404932.135 6396976.103 6362766.955 957835.7987 0 0 0 0 0 0 0 
0 0 0 0 0 0 0 3455050.713 5952266.169 6020683.567 5575974.618 5404932.842 7012729.992 5644392.768 6362770.438 5918061.077 5233892.309 5986478.288 6362771.395 5918061.533 6875898.171 6773272.705 5678602.393 5781227.477 5815435.603 6499604.132 6396978.574 5918059.898 6328560.687 6431185.427 6396976.372 6260141.892 3181383.274 0 0 0 0 0 0 0 
0 0 0 0 0 0 0 4789179.297 6431184.327 6499601.89 6841686.921 6020685.011 5131266.034 5610184.666 6978522.764 5678602.155 5986478.299 6157520.768 5883853.298 6225937.812 6670647.688 6054895.566 6499605.28 7115357.194 5747018.969 4994432.898 6191728.062 6123310.894 6533811.613 5678600.187 6670644.007 6191725.33 5165471.924 0 0 0 0 0 0 0 
0 0 0 0 0 0 615751.614 6191724.776 5473348.557 6739061.129 6465394.338 5918059.9 5918060.383 6260145.211 6260145.543 5575976.995 6191729.184 5747019.553 5404935.213 5712811.297 6294354.922 6225938.043 5952270.24 6704855.98 5747019.147 5610185.091 6089102.987 6020685.587 5541767.044 5062848.478 6191726.198 5747015.97 6396975.351 513126.3059 0 0 0 0 0 0 
0 0 0 0 0 0 1539378.998 5610181.695 6191725.628 6362768.479 6704853.495 5849643.142 6225936.436 6431187.559 6602230.178 5883853.111 5404935.039 6739064.76 5644394.471 6465397.344 5883853.663 5781228.293 6225938.014 6157520.945 5849644.659 5575976.766 6260145.305 5712809.78 5883851.576 5781225.711 6533810.761 6499601.55 6568017.681 1334128.478 0 0 0 0 0 0 
0 0 0 0 0 0 1813046.32 6020682.912 6396976.298 5678599.929 5883851.087 6089102.289 6704854.729 5268100.509 5678602.188 6602230.585 5849644.917 5575977.499 5918062.091 5473352.328 6636439.688 6807481.867 5952270.455 5644394.233 6773272.81 6123311.978 5918060.937 5883852.053 6020685.399 5952267.921 6362768.576 6089100.4 6396975.551 1881463.204 0 0 0 0 0 0 
0 0 0 0 0 0 1949880.099 6465392.362 6020683.577 5610183.033 6533811.376 5678600.976 6636437.879 6910105.87 6362771.105 6328563.034 5815436.507 6362771.871 6260146.652 6704856.571 6978524.223 6499605.814 6089104.255 5678602.694 7286399.554 6191728.898 6260145.413 6157519.598 6499603.505 6910104.164 6089101.068 6123308.849 6499600.851 1778837.961 0 0 0 0 0 0 
0 0 0 0 0 0 1573587.403 6225933.26 5575973.977 6225934.774 6294352.278 6054893.792 5781226.683 6123311.533 5712810.583 5541768.592 6431188.523 6465397.185 6054895.892 6431188.928 5678602.99 6533814.164 6704856.297 5815436.401 6225937.589 6225937.21 6123311.518 5644392.938 5712809.365 6465394.38 6157517.877 6089100.333 5952265.949 1676212.661 0 0 0 0 0 0 
0 0 0 0 0 0 649960.0187 6157516.37 6191725.532 6602227.411 6225935.29 5883851.484 5849643.504 6807480.271 6431187.827 6670647.253 6123312.343 6739064.635 6191729.619 5918062.034 6910107.139 6191729.602 5507560.414 6362771.54 5883852.948 5370725.986 6944314.079 7012730.496 6020685.17 6020684.665 6841686.417 6636435 5918057.332 615751.5836 0 0 0 0 0 0 
0 0 0 0 0 0 0 5952265.769 5986474.728 6944311.58 6020684.496 5747017.509 6157519.175 7149564.533 6431187.608 5302309.296 6020686.901 6123312.328 5473351.986 5747019.494 7217982.959 6328563.173 5233892.65 6465396.68 6602230.191 6054894.724 6533812.602 6568020.66 6294352.595 4960223.03 5336515.321 6670643.364 5815432.014 0 0 0 0 0 0 0 
0 0 0 0 0 0 0 2531423.305 6294350.34 5747016.111 5644391.485 6191726.845 5849642.998 6875896.872 6465395.817 5268100.546 5952269.787 5097058.634 6807481.185 6191729.233 6123312.359 4926016.514 5781227.654 6602230.115 6875897.523 6191728.166 6260144.758 6123310.544 5747017.286 6020684.164 7012728.09 6054891.454 3660301.36 0 0 0 0 0 0 0 
0 0 0 0 0 0 0 1128877.953 7183769.126 6089100.165 6054892.33 7183771.176 6157518.744 5849643.129 5302308.485 6499604.195 6294353.814 6123311.79 6191728.749 5439143.103 6328562.669 6191728.873 6807480.742 5610184.851 7149564.705 6944313.736 5952268.513 6499603.095 6157518.245 5781224.865 6944310.933 5952265.95 889418.9874 0 0 0 0 0 0 0 
0 0 0 0 0 0 0 0 4105010.733 6191725.168 5918058.297 5541766.044 5815433.929 5781225.944 6978521.599 6157519.398 6191728.11 6636438.034 5712810.224 6123311.593 5986477.792 6670646.665 5473350.996 6910105.6 6431186.916 5918060.177 6739062.125 6260143.63 6328560.112 6396976.365 6020683.083 4481303.418 0 0 0 0 0 0 0 0 
0 0 0 0 0 0 0 0 786793.7273 5678598.443 6260142.174 6123308.996 5952267.141 6260143.811 5883851.211 5507558.762 6294353.08 5712809.781 5781226.724 5302308.595 6020685.817 6910105.13 5986477.292 5678601.064 5644392.29 5473349.817 6670644.965 5986475.827 5575974.101 6704851.677 5952265.591 581543.1799 0 0 0 0 0 0 0 0 
0 0 0 0 0 0 0 0 0 2052505.442 6739059.654 5986474.83 6465393.33 6533810.842 5370724.159 6328560.855 5473349.935 5815434.712 5781226.184 5952268.541 5781226.253 6054893.803 5199682.782 6465394.917 6636436.503 6568019.279 5849641.892 6328559.626 6499601.218 5883849.038 2018296.802 0 0 0 0 0 0 0 0 0 
0 0 0 0 0 0 0 0 0 0 1778837.992 5336514.212 6465392.77 6191725.688 5883850.184 5302307.096 6362768.707 5747017.172 5849642.576 5678600.391 6294352.547 6704853.638 5986476.2 5268098.8 5610183.051 6054892.35 5678599.241 6533809.687 6157516.573 1573587.442 0 0 0 0 0 0 0 0 0 0 
0 0 0 0 0 0 0 0 0 0 0 1642004.262 5541764.807 5747015.57 6362767.538 6978519.765 6191726.227 5199681.55 5644391.428 5610183.155 6294351.762 6294352.001 5952267.126 6636435.582 6465393.457 6225934.089 6396975.79 5541764.476 1744629.581 0 0 0 0 0 0 0 0 0 0 0 
0 0 0 0 0 0 0 0 0 0 0 0 513126.3814 3797134.959 5747015.481 5712807.046 6157516.801 7628479.677 7389020.443 6191725.747 6533810.017 6191725.806 6123308.547 6294350.557 6396975.458 6260141.485 3933968.545 718376.7499 0 0 0 0 0 0 0 0 0 0 0 0 
0 0 0 0 0 0 0 0 0 0 0 0 0 0 992044.2471 3523467.639 4686553.985 5507556.226 6533809.414 5507556.673 6704851.345 6191724.667 5883848.768 5541764.53 3455050.979 855210.5602 0 0 0 0 0 0 0 0 0 0 0 0 0 0 
0 0 0 0 0 0 0 0 0 0 0 0 0 0 0 0 0 547334.7426 1778838.03 1984088.624 1847254.935 1676212.644 547334.7608 0 0 0 0 0 0 0 0 0 0 0 0 0 0 0 0 0 
0 0 0 0 0 0 0 0 0 0 0 0 0 0 0 0 0 0 0 0 0 0 0 0 0 0 0 0 0 0 0 0 0 0 0 0 0 0 0 0 
0 0 0 0 0 0 0 0 0 0 0 0 0 0 0 0 0 0 0 0 0 0 0 0 0 0 0 0 0 0 0 0 0 0 0 0 0 0 0 0 
0 0 0 0 0 0 0 0 0 0 0 0 0 0 0 0 0 0 0 0 0 0 0 0 0 0 0 0 0 0 0 0 0 0 0 0 0 0 0 0 
0 0 0 0 0 0 0 0 0 0 0 0 0 0 0 0 0 0 0 0 0 0 0 0 0 0 0 0 0 0 0 0 0 0 0 0 0 0 0 0 
0 0 0 0 0 0 0 0 0 0 0 0 0 0 0 0 0 0 0 0 0 0 0 0 0 0 0 0 0 0 0 0 0 0 0 0 0 0 0 0 
0 0 0 0 0 0 0 0 0 0 0 0 0 0 0 0 0 0 0 0 0 0 0 0 0 0 0 0 0 0 0 0 0 0 0 0 0 0 0 0 
# Errors [psd_source/PSD_source.dat] I_err:
0 0 0 0 0 0 0 0 0 0 0 0 0 0 0 0 0 0 0 0 0 0 0 0 0 0 0 0 0 0 0 0 0 0 0 0 0 0 0 0 
0 0 0 0 0 0 0 0 0 0 0 0 0 0 0 0 0 0 0 0 0 0 0 0 0 0 0 0 0 0 0 0 0 0 0 0 0 0 0 0 
0 0 0 0 0 0 0 0 0 0 0 0 0 0 0 0 0 0 0 0 0 0 0 0 0 0 0 0 0 0 0 0 0 0 0 0 0 0 0 0 
0 0 0 0 0 0 0 0 0 0 0 0 0 0 0 0 0 0 0 0 0 0 0 0 0 0 0 0 0 0 0 0 0 0 0 0 0 0 0 0 
0 0 0 0 0 0 0 0 0 0 0 0 0 0 0 0 0 0 0 0 0 0 0 0 0 0 0 0 0 0 0 0 0 0 0 0 0 0 0 0 
0 0 0 0 0 0 0 0 0 0 0 0 0 0 0 0 0 0 0 0 0 0 0 0 0 0 0 0 0 0 0 0 0 0 0 0 0 0 0 0 
0 0 0 0 0 0 0 0 0 0 0 0 0 0 0 0 0 152984.7162 241890.0861 264977.3129 260523.5598 210874.849 145134.0329 0 0 0 0 0 0 0 0 0 0 0 0 0 0 0 0 0 
0 0 0 0 0 0 0 0 0 0 0 0 0 0 184218.0114 329894.0741 411923.9747 455113.4837 449941.5958 456397.3158 470288.1086 465284.8852 469042.3029 416163.4391 347177.5839 196512.4232 0 0 0 0 0 0 0 0 0 0 0 0 0 0 
0 0 0 0 0 0 0 0 0 0 0 0 132488.6671 368435.9896 460227.2761 444709.523 471530.6351 475238.6623 428630.3909 467793.2274 495727.2493 470288.1543 456397.3476 452534.9412 488594.043 457677.5415 363640.5265 145134.0411 0 0 0 0 0 0 0 0 0 0 0 0 
0 0 0 0 0 0 0 0 0 0 0 229477.0622 420360.1655 467793.1924 457677.5707 447333.2674 465284.9586 466540.8057 469042.4035 461497.0016 451240.2144 470288.1916 434056.3436 436744.0031 495727.2359 474005.8623 434056.264 434056.2393 288245.2979 0 0 0 0 0 0 0 0 0 0 0 
0 0 0 0 0 0 0 0 0 0 277910.5356 458954.1693 453826.0701 447333.2744 470288.1747 425891.5629 448639.4169 448639.4278 452535.0817 439415.322 435402.3133 471530.743 465285.0285 458954.3024 457677.6581 458954.2796 461496.9554 446023.314 474005.8363 273667.3664 0 0 0 0 0 0 0 0 0 0 
0 0 0 0 0 0 0 0 0 226912.9876 443391.8504 460227.3261 413342.0236 461496.9744 456397.4471 418966.0722 438081.7462 438081.7582 444709.7105 435402.3599 488594.2469 472770.0247 456397.48 423135.0066 444709.6748 435402.3013 464025.7591 451240.1855 447333.2365 466540.7087 267176.3154 0 0 0 0 0 0 0 0 0 
0 0 0 0 0 0 0 0 141044.9449 424515.3836 447333.2456 434056.3276 425891.5514 458954.3212 440744.8692 475238.8155 481355.4206 465285.1146 449941.8061 449941.8137 470288.3333 425891.6708 474006.0658 475238.839 462763.1871 436744.0914 464025.7909 481355.316 428630.3978 431351.8423 431351.8062 145134.037 0 0 0 0 0 0 0 0 
0 0 0 0 0 0 0 0 395991.1325 488594.0502 456397.3749 428630.4386 472769.978 476468.4024 461497.073 462763.2012 444709.7601 486193.3358 483780.466 462763.266 413342.2098 428630.57 427263.3323 496906.3404 451240.3273 456397.5203 455113.6607 453826.1799 461496.9775 431351.881 472769.8564 395991.1362 0 0 0 0 0 0 0 0 
0 0 0 0 0 0 0 149111.0569 431351.8065 452534.9656 438081.6793 439415.3012 448639.459 474006.0378 446023.5072 432706.3833 455113.7568 449941.8588 453826.3376 452535.2074 466541.0109 460227.5725 458954.4622 478918.217 480138.3772 447333.429 467793.3713 440744.8813 452535.0563 429993.313 467793.2222 466540.7087 181013.9515 0 0 0 0 0 0 0 
0 0 0 0 0 0 0 343790.3953 451240.1337 453826.0994 436744.0388 429993.3693 489790.3082 439415.3811 466540.9642 449941.8518 423135.1142 452535.2223 466541.0343 449941.8865 484988.463 481355.5309 440745.0233 444709.8059 446023.5502 471530.8433 467793.4029 449941.7622 465285.0354 469042.4038 467793.2418 462763.0046 329894.0778 0 0 0 0 0 0 0 
0 0 0 0 0 0 0 404759.5259 469042.3236 471530.6806 483780.3216 453826.2083 418966.1173 438081.8221 488594.3221 440745.0048 452535.2231 458954.5004 448639.608 461497.2149 477695.0029 455113.8202 471530.9266 493361.254 443392.1396 413342.2077 460227.5223 457677.7446 472770.0159 440744.852 477694.7393 460227.3193 420360.1436 0 0 0 0 0 0 0 
0 0 0 0 0 0 145134.0473 460227.2781 432706.1967 480138.2251 470288.2373 449941.7623 449941.799 462763.25 462763.2745 436744.225 460227.6058 443392.1847 429993.5579 442070.6104 464026.0012 461497.232 451240.4423 478918.2843 443392.1533 438081.8553 456397.5646 453826.2517 435402.3396 416163.5813 460227.3838 443391.9082 467793.1672 132488.6425 0 0 0 0 0 0 
0 0 0 0 0 0 229477.0722 438081.5901 460227.3414 466540.8205 478918.1068 447333.3914 461497.1129 469042.5593 475238.9272 448639.5937 429993.5441 480138.4838 439415.5136 470288.456 448639.6359 444709.8687 461497.2299 458954.5135 447333.5075 436744.2071 462763.2569 442070.4931 448639.4767 444709.6701 472769.9542 471530.6559 474005.847 213631.5302 0 0 0 0 0 0 
0 0 0 0 0 0 249041.065 453826.05 467793.2365 440744.832 448639.4394 456397.5123 478918.195 424515.6367 440745.0074 475238.9565 447333.5272 436744.2645 449941.9289 432706.4948 476468.6018 482569.5949 451240.4587 439415.4951 481355.5384 457677.8256 449941.8412 448639.513 453826.2375 451240.2666 466540.8276 456397.3707 467793.1818 253696.4466 0 0 0 0 0 0 
0 0 0 0 0 0 258267.9283 470288.0936 453826.1001 438081.6946 472769.9987 440744.9133 476468.4719 486193.3524 466541.013 465285.2079 446023.6196 466541.0692 462763.3564 478918.3265 488594.4243 471530.9653 456397.6597 440745.0466 499255.871 460227.5845 462763.2649 458954.4131 471530.7978 486193.2324 456397.4208 457677.5918 471530.6052 246680.4415 0 0 0 0 0 0 
0 0 0 0 0 0 232012.8048 461496.8774 436743.9886 461496.9897 464025.8063 455113.6869 444709.7449 457677.7924 442070.5552 435402.4613 469042.6296 470288.4444 455113.8447 469042.6591 440745.0696 472770.2005 478918.3069 446023.6115 461497.1984 461497.1702 457677.7912 439415.3943 442070.4609 470288.2404 458954.2848 456397.3657 451240.1171 239458.9516 0 0 0 0 0 0 
0 0 0 0 0 0 149111.0547 458954.1726 460227.3343 475238.728 461497.0279 448639.4697 447333.4191 482569.4817 469042.5789 477694.9717 457677.8529 480138.4749 460227.6381 449941.9246 486193.4417 460227.6368 434056.5675 466541.045 448639.5813 428630.5969 487395.299 489790.3434 453826.2202 453826.1822 483780.286 476468.2652 449941.5671 145134.0401 0 0 0 0 0 0 
0 0 0 0 0 0 0 451240.1035 452534.9531 487395.1236 453826.1695 443392.027 458954.3816 494545.7198 469042.5629 425891.7314 453826.3507 457677.8518 432706.4678 443392.1801 496906.4394 465285.2182 423135.1418 470288.4077 475238.9282 455113.757 472770.0874 474006.062 464025.8297 411924.1017 427263.173 477694.6932 446023.275 0 0 0 0 0 0 0 
0 0 0 0 0 0 0 294271.9818 464025.6634 443391.9191 439415.2811 460227.4319 447333.3804 484988.3714 470288.3449 424515.6396 451240.408 417567.3133 482569.5466 460227.6094 457677.8541 410501.3762 444709.8196 475238.9227 484988.4173 460227.5301 462763.2165 457677.7185 443392.0098 453826.1444 489790.1754 455113.5112 353854.6886 0 0 0 0 0 0 0 
0 0 0 0 0 0 0 196512.428 495727.166 456397.3531 455113.577 495727.3075 458954.3495 447333.3904 425891.6663 471530.8479 464025.9196 457677.8116 460227.5734 431352.1063 465285.1811 460227.5826 482569.5152 438081.8366 494545.7317 487395.2749 451240.3115 471530.7681 458954.3123 444709.605 487395.0782 451240.1172 174429.4143 0 0 0 0 0 0 0 
0 0 0 0 0 0 0 0 374734.4962 460227.3073 449941.6405 435402.2611 446023.4219 444709.688 488594.2406 458954.3982 460227.526 476468.483 442070.5274 457677.7968 452535.1848 477694.9297 432706.3895 486193.3334 469042.5124 449941.7834 480138.2961 462763.133 465284.9931 467793.2413 453826.0629 391533.2975 0 0 0 0 0 0 0 0 
0 0 0 0 0 0 0 0 164057.833 440744.7166 462763.0254 457677.6027 451240.2074 462763.1465 448639.4489 434056.4374 464025.8655 442070.4932 444709.748 425891.6751 453826.269 486193.3003 452535.147 440744.9201 439415.3438 432706.2963 477694.8079 452535.0362 436743.9984 478917.9769 451240.09 141044.9386 0 0 0 0 0 0 0 0 
0 0 0 0 0 0 0 0 0 264977.3132 480138.1201 452534.9608 470288.164 472769.9601 428630.4512 465285.0477 432706.3057 446023.4819 444709.7065 451240.3136 444709.7118 455113.6877 421749.9652 470288.2794 476468.3732 474005.9623 447333.2958 465284.9574 471530.6319 448639.2832 262759.8627 0 0 0 0 0 0 0 0 0 
0 0 0 0 0 0 0 0 0 0 246680.4458 427263.0843 470288.1233 460227.3459 448639.3706 425891.5547 466540.8372 443392.001 447333.3481 440744.8679 464025.8262 478918.117 452535.0644 424515.499 438081.696 455113.5785 440744.7786 472769.8765 458954.1877 232012.8107 0 0 0 0 0 0 0 0 0 0 
0 0 0 0 0 0 0 0 0 0 0 237002.9006 435402.1639 443391.8774 466540.7515 488594.1122 460227.386 421749.8652 439415.2767 438081.7041 464025.7683 464025.7859 451240.2063 476468.307 470288.1732 461496.9389 467793.1993 435402.1378 244297.0057 0 0 0 0 0 0 0 0 0 0 0 
0 0 0 0 0 0 0 0 0 0 0 0 132488.662 360408.1007 443391.8705 442070.2815 458954.2046 510840.7832 502759.1607 460227.3503 472769.9004 460227.3547 457677.5691 464025.6794 467793.175 462762.9745 366844.4584 156762.6588 0 0 0 0 0 0 0 0 0 0 0 0 
0 0 0 0 0 0 0 0 0 0 0 0 0 0 184217.992 347177.5825 400399.3286 434056.2374 472769.8567 434056.2727 478917.9532 460227.27 448639.2625 435402.1421 343790.4218 171042.112 0 0 0 0 0 0 0 0 0 0 0 0 0 0 
0 0 0 0 0 0 0 0 0 0 0 0 0 0 0 0 0 136833.6857 246680.451 260523.5997 251379.5564 239458.9492 136833.6902 0 0 0 0 0 0 0 0 0 0 0 0 0 0 0 0 0 
0 0 0 0 0 0 0 0 0 0 0 0 0 0 0 0 0 0 0 0 0 0 0 0 0 0 0 0 0 0 0 0 0 0 0 0 0 0 0 0 
0 0 0 0 0 0 0 0 0 0 0 0 0 0 0 0 0 0 0 0 0 0 0 0 0 0 0 0 0 0 0 0 0 0 0 0 0 0 0 0 
0 0 0 0 0 0 0 0 0 0 0 0 0 0 0 0 0 0 0 0 0 0 0 0 0 0 0 0 0 0 0 0 0 0 0 0 0 0 0 0 
0 0 0 0 0 0 0 0 0 0 0 0 0 0 0 0 0 0 0 0 0 0 0 0 0 0 0 0 0 0 0 0 0 0 0 0 0 0 0 0 
0 0 0 0 0 0 0 0 0 0 0 0 0 0 0 0 0 0 0 0 0 0 0 0 0 0 0 0 0 0 0 0 0 0 0 0 0 0 0 0 
0 0 0 0 0 0 0 0 0 0 0 0 0 0 0 0 0 0 0 0 0 0 0 0 0 0 0 0 0 0 0 0 0 0 0 0 0 0 0 0 
# Events [psd_source/PSD_source.dat] N:
0 0 0 0 0 0 0 0 0 0 0 0 0 0 0 0 0 0 0 0 0 0 0 0 0 0 0 0 0 0 0 0 0 0 0 0 0 0 0 0 
0 0 0 0 0 0 0 0 0 0 0 0 0 0 0 0 0 0 0 0 0 0 0 0 0 0 0 0 0 0 0 0 0 0 0 0 0 0 0 0 
0 0 0 0 0 0 0 0 0 0 0 0 0 0 0 0 0 0 0 0 0 0 0 0 0 0 0 0 0 0 0 0 0 0 0 0 0 0 0 0 
0 0 0 0 0 0 0 0 0 0 0 0 0 0 0 0 0 0 0 0 0 0 0 0 0 0 0 0 0 0 0 0 0 0 0 0 0 0 0 0 
0 0 0 0 0 0 0 0 0 0 0 0 0 0 0 0 0 0 0 0 0 0 0 0 0 0 0 0 0 0 0 0 0 0 0 0 0 0 0 0 
0 0 0 0 0 0 0 0 0 0 0 0 0 0 0 0 0 0 0 0 0 0 0 0 0 0 0 0 0 0 0 0 0 0 0 0 0 0 0 0 
0 0 0 0 0 0 0 0 0 0 0 0 0 0 0 0 0 20 50 60 58 38 18 0 0 0 0 0 0 0 0 0 0 0 0 0 0 0 0 0 
0 0 0 0 0 0 0 0 0 0 0 0 0 0 29 93 145 177 173 178 189 185 188 148 103 33 0 0 0 0 0 0 0 0 0 0 0 0 0 0 
0 0 0 0 0 0 0 0 0 0 0 0 15 116 181 169 190 193 157 187 210 189 178 175 204 179 113 18 0 0 0 0 0 0 0 0 0 0 0 0 
0 0 0 0 0 0 0 0 0 0 0 45 151 187 179 171 185 186 188 182 174 189 161 163 210 192 161 161 71 0 0 0 0 0 0 0 0 0 0 0 
0 0 0 0 0 0 0 0 0 0 66 180 176 171 189 155 172 172 175 165 162 190 185 180 179 180 182 170 192 64 0 0 0 0 0 0 0 0 0 0 
0 0 0 0 0 0 0 0 0 44 168 181 146 182 178 150 164 164 169 162 204 191 178 153 169 162 184 174 171 186 61 0 0 0 0 0 0 0 0 0 
0 0 0 0 0 0 0 0 17 154 171 161 155 180 166 193 198 185 173 173 189 155 192 193 183 163 184 198 157 159 159 18 0 0 0 0 0 0 0 0 
0 0 0 0 0 0 0 0 134 204 178 157 191 194 182 183 169 202 200 183 146 157 156 211 174 178 177 176 182 159 191 134 0 0 0 0 0 0 0 0 
0 0 0 0 0 0 0 19 159 175 164 165 172 192 170 160 177 173 176 175 186 181 180 196 197 171 187 166 175 158 187 186 28 0 0 0 0 0 0 0 
0 0 0 0 0 0 0 101 174 176 163 158 205 165 186 173 153 175 186 173 201 198 166 169 170 190 187 173 185 188 187 183 93 0 0 0 0 0 0 0 
0 0 0 0 0 0 0 140 188 190 200 176 150 164 204 166 175 180 172 182 195 177 190 208 168 146 181 179 191 166 195 181 151 0 0 0 0 0 0 0 
0 0 0 0 0 0 18 181 160 197 189 173 173 183 183 163 181 168 158 167 184 182 174 196 168 164 178 176 162 148 181 168 187 15 0 0 0 0 0 0 
0 0 0 0 0 0 45 164 181 186 196 171 182 188 193 172 158 197 165 189 172 169 182 180 171 163 183 167 172 169 191 190 192 39 0 0 0 0 0 0 
0 0 0 0 0 0 53 176 187 166 172 178 196 154 166 193 171 163 173 160 194 199 174 165 198 179 173 172 176 174 186 178 187 55 0 0 0 0 0 0 
0 0 0 0 0 0 57 189 176 164 191 166 194 202 186 185 170 186 183 196 204 190 178 166 213 181 183 180 190 202 178 179 190 52 0 0 0 0 0 0 
0 0 0 0 0 0 46 182 163 182 184 177 169 179 167 162 188 189 177 188 166 191 196 170 182 182 179 165 167 189 180 178 174 49 0 0 0 0 0 0 
0 0 0 0 0 0 19 180 181 193 182 172 171 199 188 195 179 197 181 173 202 181 161 186 172 157 203 205 176 176 200 194 173 18 0 0 0 0 0 0 
0 0 0 0 0 0 0 174 175 203 176 168 180 209 188 155 176 179 160 168 211 185 153 189 193 177 191 192 184 145 156 195 170 0 0 0 0 0 0 0 
0 0 0 0 0 0 0 74 184 168 165 181 171 201 189 154 174 149 199 181 179 144 169 193 201 181 183 179 168 176 205 177 107 0 0 0 0 0 0 0 
0 0 0 0 0 0 0 33 210 178 177 210 180 171 155 190 184 179 181 159 185 181 199 164 209 203 174 190 180 169 203 174 26 0 0 0 0 0 0 0 
0 0 0 0 0 0 0 0 120 181 173 162 170 169 204 180 181 194 167 179 175 195 160 202 188 173 197 183 185 187 176 131 0 0 0 0 0 0 0 0 
0 0 0 0 0 0 0 0 23 166 183 179 174 183 172 161 184 167 169 155 176 202 175 166 165 160 195 175 163 196 174 17 0 0 0 0 0 0 0 0 
0 0 0 0 0 0 0 0 0 60 197 175 189 191 157 185 160 170 169 174 169 177 152 189 194 192 171 185 190 172 59 0 0 0 0 0 0 0 0 0 
0 0 0 0 0 0 0 0 0 0 52 156 189 181 172 155 186 168 171 166 184 196 175 154 164 177 166 191 180 46 0 0 0 0 0 0 0 0 0 0 
0 0 0 0 0 0 0 0 0 0 0 48 162 168 186 204 181 152 165 164 184 184 174 194 189 182 187 162 51 0 0 0 0 0 0 0 0 0 0 0 
0 0 0 0 0 0 0 0 0 0 0 0 15 111 168 167 180 223 216 181 191 181 179 184 187 183 115 21 0 0 0 0 0 0 0 0 0 0 0 0 
0 0 0 0 0 0 0 0 0 0 0 0 0 0 29 103 137 161 191 161 196 181 172 162 101 25 0 0 0 0 0 0 0 0 0 0 0 0 0 0 
0 0 0 0 0 0 0 0 0 0 0 0 0 0 0 0 0 16 52 58 54 49 16 0 0 0 0 0 0 0 0 0 0 0 0 0 0 0 0 0 
0 0 0 0 0 0 0 0 0 0 0 0 0 0 0 0 0 0 0 0 0 0 0 0 0 0 0 0 0 0 0 0 0 0 0 0 0 0 0 0 
0 0 0 0 0 0 0 0 0 0 0 0 0 0 0 0 0 0 0 0 0 0 0 0 0 0 0 0 0 0 0 0 0 0 0 0 0 0 0 0 
0 0 0 0 0 0 0 0 0 0 0 0 0 0 0 0 0 0 0 0 0 0 0 0 0 0 0 0 0 0 0 0 0 0 0 0 0 0 0 0 
0 0 0 0 0 0 0 0 0 0 0 0 0 0 0 0 0 0 0 0 0 0 0 0 0 0 0 0 0 0 0 0 0 0 0 0 0 0 0 0 
0 0 0 0 0 0 0 0 0 0 0 0 0 0 0 0 0 0 0 0 0 0 0 0 0 0 0 0 0 0 0 0 0 0 0 0 0 0 0 0 
0 0 0 0 0 0 0 0 0 0 0 0 0 0 0 0 0 0 0 0 0 0 0 0 0 0 0 0 0 0 0 0 0 0 0 0 0 0 0 0 
