# Format: McCode with text headers
# URL: http://www.mccode.org
# Creator: McStas 2.4.1 - Jun. 26, 2017
# Instrument: MAGiC_elearning.instr
# Ncount: 2500000
# Trace: no
# Gravitation: no
# Seed: 1563294163
# Directory: MAGiC_HR/32
# Nodes: 40
# Param: spectrum=0
# Param: high_res=1
# Param: coll_set=0.3
# Param: sample_rot=320
# Date: Tue Jul 16 10:42:39 2019 (1563266559)
# type: array_1d(101)
# Source: MAGiC_half_polarized (MAGiC_elearning.instr)
# component: L_out
# position: -0.034 -0.674259 159.42
# title: Wavelength monitor
# Ncount: 100000000
# filename: L_out.txt
# statistics: X0=1.43481; dX=0.352231;
# signal: Min=0; Max=2.42501e+07; Mean=4.28151e+06;
# values: 4.32433e+08 1.12445e+06 290257
# xvar: L
# yvar: (I,I_err)
# xlabel: Wavelength [AA]
# ylabel: Intensity
# xlimits: 0.2 6
# variables: L I I_err N
0.2287128713 0 0 0 
0.2861386139 0 0 0 
0.3435643564 7.183107209e-143 8.294337761e-143 3 
0.400990099 3.537911537e-19 2.14450875e-19 1244 
0.4584158416 527.8486324 141.578675 5627 
0.5158415842 57788.39103 4065.653774 9718 
0.5732673267 329940.2946 12257.39946 10026 
0.6306930693 1016607.406 25259.65236 9941 
0.6881188119 2322133.693 47579.30264 9994 
0.7455445545 4172713.784 77744.87229 9942 
0.802970297 6464468.644 114310.2416 9783 
0.8603960396 9997595.785 161323.7372 10065 
0.9178217822 12948603.41 200779.8723 9978 
0.9752475248 16043711.26 237332.9005 10114 
1.032673267 18140488 262485.8557 9935 
1.09009901 20339280.42 283963.3952 10000 
1.147524752 21827711.13 296287.1554 9987 
1.204950495 23175592.52 304181.6106 9978 
1.262376238 23577249 302024.0692 9936 
1.31980198 24250061.75 300807.5473 10099 
1.377227723 24126364.08 292594.9093 10065 
1.434653465 23647397.94 280978.0977 10027 
1.492079208 22684028.87 266359.3718 9867 
1.54950495 21660532.57 250248.9163 9921 
1.606930693 21233059.42 238661.0882 10064 
1.664356436 20133615.26 223038.0413 9979 
1.721782178 19260216.63 208793.3719 10139 
1.779207921 17875484.27 192567.3072 10040 
1.836633663 16755568.43 178306.2688 9963 
1.894059406 16015144.41 166704.8208 10163 
1.951485149 14319859.08 150338.74 9790 
2.008910891 13554061.29 139820.9675 9969 
2.066336634 10731802.55 119920.4062 8254 
2.123762376 4960707.763 75686.05944 4530 
2.181188119 810219.9539 26011.91717 1116 
2.238613861 0 0 0 
2.296039604 0 0 0 
2.353465347 0 0 0 
2.410891089 0 0 0 
2.468316832 0 0 0 
2.525742574 0 0 0 
2.583168317 0 0 0 
2.640594059 0 0 0 
2.698019802 0 0 0 
2.755445545 0 0 0 
2.812871287 0 0 0 
2.87029703 0 0 0 
2.927722772 0 0 0 
2.985148515 0 0 0 
3.042574257 0 0 0 
3.1 0 0 0 
3.157425743 0 0 0 
3.214851485 0 0 0 
3.272277228 0 0 0 
3.32970297 0 0 0 
3.387128713 0 0 0 
3.444554455 0 0 0 
3.501980198 0 0 0 
3.559405941 0 0 0 
3.616831683 0 0 0 
3.674257426 0 0 0 
3.731683168 0 0 0 
3.789108911 0 0 0 
3.846534653 0 0 0 
3.903960396 0 0 0 
3.961386139 0 0 0 
4.018811881 0 0 0 
4.076237624 0 0 0 
4.133663366 0 0 0 
4.191089109 0 0 0 
4.248514851 0 0 0 
4.305940594 0 0 0 
4.363366337 0 0 0 
4.420792079 0 0 0 
4.478217822 0 0 0 
4.535643564 0 0 0 
4.593069307 0 0 0 
4.65049505 0 0 0 
4.707920792 0 0 0 
4.765346535 0 0 0 
4.822772277 0 0 0 
4.88019802 0 0 0 
4.937623762 0 0 0 
4.995049505 0 0 0 
5.052475248 0 0 0 
5.10990099 0 0 0 
5.167326733 0 0 0 
5.224752475 0 0 0 
5.282178218 0 0 0 
5.33960396 0 0 0 
5.397029703 0 0 0 
5.454455446 0 0 0 
5.511881188 0 0 0 
5.569306931 0 0 0 
5.626732673 0 0 0 
5.684158416 0 0 0 
5.741584158 0 0 0 
5.799009901 0 0 0 
5.856435644 0 0 0 
5.913861386 0 0 0 
5.971287129 0 0 0 
