# Format: McCode with text headers
# URL: http://www.mccode.org
# Creator: McStas 2.5 - Dec. 12, 2018
# Instrument: ESS_HEIMDAL.instr
# Ncount: 250000
# Trace: no
# Gravitation: no
# Seed: 1565866593
# Directory: TauScan/27
# Nodes: 4
# Param: lmax=4
# Param: lmin=0.5
# Param: T=200
# Param: tau=270
# Param: use_CoFe2O4=1
# Param: use_CoFe=1
# Param: use_magn=1
# Date: Wed Aug 14 15:26:53 2019 (1565789213)
# type: array_2d(40, 40)
# Source: ESS_HEIMDAL (ESS_HEIMDAL.instr)
# component: psd_source
# position: 0 0 0.01
# title: PSD monitor
# Ncount: 1000000
# filename: PSD_source.dat
# statistics: X0=-0.0104617; dX=5.00286; Y0=0.00397875; dY=5.00611;
# signal: Min=0; Max=6.5646e+06; Mean=2.13803e+06;
# values: 3.42084e+09 3.42084e+06 1e+06
# xvar: X 
# yvar: Y 
# xlabel: X position [cm]
# ylabel: Y position [cm]
# zvar: I
# zlabel: Signal per bin
# xylimits: -15 15 -15 15
# variables: I I_err N
# Data [psd_source/PSD_source.dat] I:
0 0 0 0 0 0 0 0 0 0 0 0 0 0 0 0 0 0 0 0 0 0 0 0 0 0 0 0 0 0 0 0 0 0 0 0 0 0 0 0 
0 0 0 0 0 0 0 0 0 0 0 0 0 0 0 0 0 0 0 0 0 0 0 0 0 0 0 0 0 0 0 0 0 0 0 0 0 0 0 0 
0 0 0 0 0 0 0 0 0 0 0 0 0 0 0 0 0 0 0 0 0 0 0 0 0 0 0 0 0 0 0 0 0 0 0 0 0 0 0 0 
0 0 0 0 0 0 0 0 0 0 0 0 0 0 0 0 0 0 0 0 0 0 0 0 0 0 0 0 0 0 0 0 0 0 0 0 0 0 0 0 
0 0 0 0 0 0 0 0 0 0 0 0 0 0 0 0 0 0 0 0 0 0 0 0 0 0 0 0 0 0 0 0 0 0 0 0 0 0 0 0 
0 0 0 0 0 0 0 0 0 0 0 0 0 0 0 0 0 0 0 0 0 0 0 0 0 0 0 0 0 0 0 0 0 0 0 0 0 0 0 0 
0 0 0 0 0 0 0 0 0 0 0 0 0 0 0 0 0 564438.9607 1460699.652 2042242.803 1960142.582 1611216.686 584964.0111 0 0 0 0 0 0 0 0 0 0 0 0 0 0 0 0 0 
0 0 0 0 0 0 0 0 0 0 0 0 0 0 913364.8609 3249800.181 5353618.237 6266983.338 6181462.405 5945424.368 6013841.136 6058312.084 5818852.944 5216784.568 3212170.915 913364.8654 0 0 0 0 0 0 0 0 0 0 0 0 0 0 
0 0 0 0 0 0 0 0 0 0 0 0 523388.8653 4125535.75 6301191.772 6308033.75 5996737.297 6082258.584 6106204.545 5969370.905 6212250.772 5976212.58 6157517.048 6109625.173 6308033.732 6201987.317 3995543.808 721797.6794 0 0 0 0 0 0 0 0 0 0 0 0 
0 0 0 0 0 0 0 0 0 0 0 1638583.424 5777802.794 6048049.679 6095941.89 6140413.099 6308034.747 6195147.053 6396976.981 6260143.258 6280668.381 6184884.747 6054892.486 6000158.854 6205409.149 6030945.844 6119887.406 5634127.447 1730946.172 0 0 0 0 0 0 0 0 0 0 0 
0 0 0 0 0 0 0 0 0 0 2247493.402 5983053.37 6027524.873 6041208.65 6078838.31 6164359.662 5986476.088 6041209.676 6379873.342 6349085.866 6260143.963 6140414.336 6222514.375 5753858.676 6075417.779 6061733.977 5996737.649 6116466.685 5955686.655 2124343.041 0 0 0 0 0 0 0 0 0 0 
0 0 0 0 0 0 0 0 0 1737787.896 6065153.628 6048049.953 6154096.556 6075417.543 6208830.79 6106205.917 5904376.297 6318298.606 6236198.503 6048052.096 6061735.544 6154098.134 5962530.852 6455132.159 5791488.291 6003580.23 6027525.802 6082258.896 6113046.003 6024103.454 1693316.937 0 0 0 0 0 0 0 0 0 
0 0 0 0 0 0 0 0 574701.4848 5709385.945 6369609.091 6020683.708 6013842.408 6181464.223 6379873.518 5976214.31 6362769.904 6335403.356 6044631.706 6147257.101 6037790.115 6246461.525 5757280.749 6174623.517 6184885.772 5955688.982 6078838.952 5959109.005 5965950.232 6085679.151 5846219.631 567859.8116 0 0 0 0 0 0 0 0 
0 0 0 0 0 0 0 0 4125535.818 5829115.753 6290930.19 6229355.548 5921480.134 6208831.415 6205410.969 5983056.401 6273828.432 6000161.036 5887273.287 6071998.961 6051473.859 6236199.449 6017265.272 6109627.853 6089102.566 6030947.882 6178043.837 6164360.064 6085680.093 5969370.906 6006999.547 3762926.528 0 0 0 0 0 0 0 0 
0 0 0 0 0 0 0 875735.6039 6092520.381 6277246.559 5972792.119 6331981.232 6106206 6366190.645 6164361.193 6246461.761 5965952.745 6095945.03 5959111.414 6109628.618 6191728.871 6178045.432 6178045.316 6065157.276 6119890.52 6174623.708 6164360.835 6243039.837 6037788.677 5825695.897 5979633.186 6010420.136 988623.3978 0 0 0 0 0 0 0 
0 0 0 0 0 0 0 3390054.714 6140412.501 6455130.664 6113046.973 6140414.311 6273827.727 6085681.728 6061736.163 6260145.446 5918061.211 6205412.341 6068578.773 5818857.077 6349088.032 6178045.739 6400400.53 6089103.488 5897535.924 5989898.415 5897535.285 6085681.271 6516707.117 6034367.614 6030946.165 6048049.642 3287429.42 0 0 0 0 0 0 0 
0 0 0 0 0 0 0 5230467.959 6058312.464 6085679.869 6037788.711 5928322.213 6034368.859 6290932.627 6075419.787 6273829.091 5983057.557 6113049.811 6284092.175 5948849.429 6102787.475 5989899.518 6331983.883 6198570.724 6044632.494 6123311.604 6331982.757 6232777.834 6270406.606 6191726.654 6178042.66 6034366.569 5363880.814 0 0 0 0 0 0 0 
0 0 0 0 0 0 506284.6457 6147253.81 6393555.268 6126730.192 6089101.535 6448290.685 6058314.955 6270407.738 6102786.743 6215674.908 6157520.81 6198571.089 5952270.422 6266988.21 6048054.112 6075420.823 6034370.548 6171204.174 5654656.4 6198570.385 5986477.661 6297774.052 6109627.166 5873588.374 6143834.427 6205408.908 6071995.297 564438.9652 0 0 0 0 0 0 
0 0 0 0 0 0 1460699.629 6290929.345 6243038.274 6345664.272 6095943.336 6236198.496 6338824.308 6003582.003 5788069.148 6229358.408 6201991.896 6068579.116 6468818.132 6243042.412 6089104.387 6174625.459 6119891.809 6407242.603 6099366.299 6191728.807 5880431.611 6113048.589 6304615.358 6126730.9 6260143.196 6345663.572 5883849.093 1515433.103 0 0 0 0 0 0 
0 0 0 0 0 0 1884884.076 6027524.549 5993316.826 6044630.122 6037789.065 6174623.351 5955689.818 5976215.301 6123311.989 6174624.961 5911220.142 6181467.073 5887274.523 6017266.707 5952270.635 5993320.722 6102787.649 5907799.298 6195150.023 6126732.813 6147257.519 6037790.078 5863326.549 6078839.176 6181463.879 6154096.433 6051470.431 1960142.602 0 0 0 0 0 0 
0 0 0 0 0 0 2189339.033 6123308.142 5822274.678 6143834.594 6355927.52 6102785.631 5948848.125 6164361.751 6184887.193 6106208.061 6232779.565 6054895.814 5931745.5 6017266.691 6270409.246 6359351.167 6150679.477 6239621.261 6208833.409 6123311.994 6082261.474 6027527.545 5781226.307 6044630.742 6157517.958 5983054.316 6219091.695 1833571.436 0 0 0 0 0 0 
0 0 0 0 0 0 1443595.425 6174620.678 6246459.146 5825696.116 5877009.34 6253302.706 6243040.668 6485921.071 6229358.088 6366192.23 6167783.444 5825699.149 6147258.699 6034370.862 6109629.46 6232779.822 6407242.803 5863328.258 6113049.699 6270408.235 5945427.646 6020685.804 6013843.613 6095943.331 6301193.31 6236196.6 6109624.691 1642004.268 0 0 0 0 0 0 
0 0 0 0 0 0 561018.122 6113045.406 5965949.912 6280668.154 6184885.143 6027526.879 6249882.223 5791489.547 5890694.387 6000161.696 6184887.54 6154100.133 6136996.028 5873591.032 6126733.547 6010424.764 6160941.824 6167783.349 5863327.896 6085682.518 6260145.209 6109627.619 6301194.409 6095943.21 6191726.195 6195146.355 6239616.583 547334.7473 0 0 0 0 0 0 
0 0 0 0 0 0 0 5045742.477 5962528.884 6116467.462 6140414.017 6229356.469 6219094.47 5955689.871 6164361.746 5791489.963 6195149.904 6243041.941 6058316.439 6277250.574 6171204.38 6366192.456 6102787.301 6010424.309 6184887.114 6256724.546 6379874.559 6273827.963 6126731.165 6109626.353 5952267.037 6154096.079 5168892.796 0 0 0 0 0 0 0 
0 0 0 0 0 0 0 3287429.446 6171200.018 6225934.215 6078838.57 6048051.533 6143835.64 6041210.737 6314878.643 6191728.56 6468817.226 6393558.866 6078841.236 6051474.519 5794911.189 6140416.451 6071999.454 6109628.559 6225937.014 6075419.553 5849643.462 6338823.741 6287510.565 6106205.312 6287509.394 6219091.847 3407158.923 0 0 0 0 0 0 0 
0 0 0 0 0 0 0 906523.2031 6294350.021 6099362.722 6273826.321 6263564.327 6489340.556 6284090.386 6085681.831 6246461.737 5931744.335 6301195.7 6068578.417 6256724.927 6564600.924 6007003.165 6037790.711 6212253.585 6150678.123 6195148.822 6212252.596 6078839.277 6116468.052 6027525.608 5832537.015 6116466.234 834685.4832 0 0 0 0 0 0 0 
0 0 0 0 0 0 0 0 3920285.256 6434604.918 6222513.335 6205409.622 6195147.614 6116468.664 6058314.675 5976214.665 6311457.715 6024106.955 6178045.023 6102786.548 5887273.34 6342245.573 6239620.125 6095944.493 6130152.698 6051472.985 6547494.976 5918059.29 6092521.777 5948845.891 6078837.291 3882656.026 0 0 0 0 0 0 0 0 
0 0 0 0 0 0 0 0 622593.2963 5658073.295 6260142.123 6068575.513 5863325.33 6095943.181 6260143.967 5842801.323 6095944.04 6058314.956 6027527.49 6167782.094 6260144.964 6007002.445 6034369.022 6284090.501 6266985.987 6123310.3 6181464.156 6359347.671 5955687.678 5979633.028 5504135.368 615751.5858 0 0 0 0 0 0 0 0 
0 0 0 0 0 0 0 0 0 1826729.777 6041207.784 6078837.516 6147254.877 5805170.985 5996738.576 6393556.754 6249881.57 6359348.748 6071997.943 6143835.786 6396978.215 5914639.151 6266985.914 5894113.776 6201989.417 6270406.055 5989896.526 6048050.424 5935162.13 5952265.824 1611216.672 0 0 0 0 0 0 0 0 0 
0 0 0 0 0 0 0 0 0 0 2158551.43 5959107.481 5911216.226 6249880.094 6030946.476 5959109.005 6537231.839 6130151.674 6246460.454 6338823.247 5952267.958 6054893.215 6037788.879 6061734.596 6041209.289 6075417.515 5907795.774 6393555.039 6075416.153 2120922.191 0 0 0 0 0 0 0 0 0 0 
0 0 0 0 0 0 0 0 0 0 0 1710421.146 5545185.443 6263562.732 6102783.61 6113046.415 5928321.095 6208830.475 6027525.856 6308035.063 5931742.387 6232776.428 6007000.63 6030946.407 5952266.814 6058312.549 6201987.682 5466506.153 1566745.76 0 0 0 0 0 0 0 0 0 0 0 
0 0 0 0 0 0 0 0 0 0 0 0 588384.8362 3814239.134 6154095.536 5972791.098 6410659.192 6061733.496 6119887.991 6147254.819 6113046.293 6253300.888 6222513.127 6342242.436 6017262.119 6420921.26 3841605.898 649960.0045 0 0 0 0 0 0 0 0 0 0 0 0 
0 0 0 0 0 0 0 0 0 0 0 0 0 0 855210.5435 3383213.032 5497293.611 6284087.554 6109624.677 6102783.044 6219091.779 6054891.255 6359346.07 5425455.986 3331900.401 821002.1565 0 0 0 0 0 0 0 0 0 0 0 0 0 0 
0 0 0 0 0 0 0 0 0 0 0 0 0 0 0 0 0 571280.6443 1529116.433 2083292.911 1936196.697 1508591.47 543913.9026 0 0 0 0 0 0 0 0 0 0 0 0 0 0 0 0 0 
0 0 0 0 0 0 0 0 0 0 0 0 0 0 0 0 0 0 0 0 0 0 0 0 0 0 0 0 0 0 0 0 0 0 0 0 0 0 0 0 
0 0 0 0 0 0 0 0 0 0 0 0 0 0 0 0 0 0 0 0 0 0 0 0 0 0 0 0 0 0 0 0 0 0 0 0 0 0 0 0 
0 0 0 0 0 0 0 0 0 0 0 0 0 0 0 0 0 0 0 0 0 0 0 0 0 0 0 0 0 0 0 0 0 0 0 0 0 0 0 0 
0 0 0 0 0 0 0 0 0 0 0 0 0 0 0 0 0 0 0 0 0 0 0 0 0 0 0 0 0 0 0 0 0 0 0 0 0 0 0 0 
0 0 0 0 0 0 0 0 0 0 0 0 0 0 0 0 0 0 0 0 0 0 0 0 0 0 0 0 0 0 0 0 0 0 0 0 0 0 0 0 
0 0 0 0 0 0 0 0 0 0 0 0 0 0 0 0 0 0 0 0 0 0 0 0 0 0 0 0 0 0 0 0 0 0 0 0 0 0 0 0 
# Errors [psd_source/PSD_source.dat] I_err:
0 0 0 0 0 0 0 0 0 0 0 0 0 0 0 0 0 0 0 0 0 0 0 0 0 0 0 0 0 0 0 0 0 0 0 0 0 0 0 0 
0 0 0 0 0 0 0 0 0 0 0 0 0 0 0 0 0 0 0 0 0 0 0 0 0 0 0 0 0 0 0 0 0 0 0 0 0 0 0 0 
0 0 0 0 0 0 0 0 0 0 0 0 0 0 0 0 0 0 0 0 0 0 0 0 0 0 0 0 0 0 0 0 0 0 0 0 0 0 0 0 
0 0 0 0 0 0 0 0 0 0 0 0 0 0 0 0 0 0 0 0 0 0 0 0 0 0 0 0 0 0 0 0 0 0 0 0 0 0 0 0 
0 0 0 0 0 0 0 0 0 0 0 0 0 0 0 0 0 0 0 0 0 0 0 0 0 0 0 0 0 0 0 0 0 0 0 0 0 0 0 0 
0 0 0 0 0 0 0 0 0 0 0 0 0 0 0 0 0 0 0 0 0 0 0 0 0 0 0 0 0 0 0 0 0 0 0 0 0 0 0 0 
0 0 0 0 0 0 0 0 0 0 0 0 0 0 0 0 0 43941.51349 70688.21066 83583.43375 81886.13111 74240.94604 44733.31597 0 0 0 0 0 0 0 0 0 0 0 0 0 0 0 0 0 
0 0 0 0 0 0 0 0 0 0 0 0 0 0 55897.02172 105437.4407 135328.799 146418.4501 145415.9872 142612.6247 143430.8315 143960.1734 141086.4237 133588.1639 104825.2361 55897.022 0 0 0 0 0 0 0 0 0 0 0 0 0 0 
0 0 0 0 0 0 0 0 0 0 0 0 42313.48186 118797.3358 146817.5202 146897.2109 143226.7264 144244.4133 144528.0816 142899.5459 145777.6875 142981.4131 145134.0687 144568.5548 146897.2105 145657.2049 116910.7577 49690.6015 0 0 0 0 0 0 0 0 0 0 0 0 
0 0 0 0 0 0 0 0 0 0 0 74868.78762 140587.8825 143838.1933 144406.5753 144932.3596 146897.2341 145576.8757 147929.2259 146338.5431 146578.2475 145456.2538 143919.5534 143267.5895 145697.3928 143634.6672 144689.9151 138828.8951 76949.94332 0 0 0 0 0 0 0 0 0 0 0 
0 0 0 0 0 0 0 0 0 0 87683.06869 143063.2122 143593.9225 143756.8295 144203.8575 145214.6982 143104.1498 143756.8539 147731.3406 147374.4559 146338.5595 144932.3888 145898.0741 140296.2927 144163.2841 144000.8363 143226.7348 144649.4735 142735.6492 85246.94976 0 0 0 0 0 0 0 0 0 0 
0 0 0 0 0 0 0 0 0 77101.87008 144041.4346 143838.1998 145093.7563 144163.2785 145737.5651 144528.114 142119.4874 147016.7099 146058.4193 143838.2508 144000.8735 145093.7935 142817.6707 148600.1296 140754.3105 143308.4367 143593.9447 144244.4207 144609.0216 143553.1556 76108.93638 0 0 0 0 0 0 0 0 0 
0 0 0 0 0 0 0 0 44339.18217 139753.0302 147612.4341 143512.4169 143430.8618 145416.03 147731.3446 142981.4545 147533.1945 147215.5816 143797.5776 145013.1341 143716.1774 146178.5611 140338.0216 145335.557 145456.2779 142735.705 144203.8727 142776.6719 142858.5987 144284.9648 141417.8061 44074.46913 0 0 0 0 0 0 0 0 
0 0 0 0 0 0 0 0 118797.3377 141210.7905 146697.9352 145978.2478 142325.1803 145737.5798 145697.4355 143063.2847 146498.4307 143267.6416 141913.5163 144122.7399 143878.9451 146058.4415 143471.698 144568.6183 144325.5723 143634.7158 145375.7983 145214.7077 144284.9871 142899.546 143349.223 113456.5037 0 0 0 0 0 0 0 0 
0 0 0 0 0 0 0 54733.47524 144366.0357 146538.3014 142940.4944 147175.8015 144528.116 147572.8462 145214.7342 146178.5666 142858.6589 144406.6497 142776.7296 144568.6364 145536.7403 145375.8358 145375.8331 144041.5212 144689.9887 145335.5615 145214.7258 146138.5089 143716.1432 141169.3733 143022.3235 143390.0282 58154.31752 0 0 0 0 0 0 0 
0 0 0 0 0 0 0 107688.6371 144932.3455 148600.0952 144609.0446 144932.3882 146498.4142 144285.0259 144000.8883 146338.5942 142284.1098 145697.4677 144082.1518 141086.5239 147374.5062 145375.8431 147968.8365 144325.5942 142037.1548 143145.0663 142037.1394 144285.015 149307.1868 143675.4194 143634.6749 143838.1925 106046.1103 0 0 0 0 0 0 0 
0 0 0 0 0 0 0 133763.2473 143960.1824 144284.9818 143716.144 142407.3874 143675.449 146697.9921 144163.3317 146498.446 143063.3123 144609.1117 146618.2287 142653.7477 144487.6811 143145.0927 147175.8631 145617.129 143797.5964 144730.4275 147175.8369 146018.358 146458.4627 145536.6882 145375.7706 143675.3945 135458.4463 0 0 0 0 0 0 0 
0 0 0 0 0 0 41616.34152 145013.0564 147889.6472 144770.796 144325.5479 148521.3642 143960.2416 146458.4891 144487.6638 145817.8962 145134.1573 145617.1375 142694.7614 146418.5639 143838.2988 144163.3563 143675.4892 145295.3277 139081.637 145617.121 143104.1874 146777.7348 144568.602 141748.4635 144972.7366 145697.3871 144122.6529 43941.51384 0 0 0 0 0 0 
0 0 0 0 0 0 70688.20951 146697.9156 146138.4723 147334.7309 144406.6096 146058.4192 147255.3238 143308.479 140712.7762 145978.3149 145657.3124 144082.16 148757.6048 146138.5692 144325.6155 145335.6028 144690.0192 148047.9096 144447.1722 145536.7388 141831.0327 144609.0828 146857.4314 144770.8128 146338.5416 147334.7147 141872.1996 72000.39956 0 0 0 0 0 0 
0 0 0 0 0 0 80298.76131 143593.9148 143185.8776 143797.5399 143716.1524 145335.5532 142735.725 142981.4782 144730.4366 145335.591 142201.8558 145416.097 141913.5461 143471.7322 142694.7665 143185.9707 144487.6853 142160.7035 145576.9455 144770.858 145013.1439 143716.1765 141624.5925 144203.878 145416.0219 145093.7534 143878.8636 81886.13195 0 0 0 0 0 0 
0 0 0 0 0 0 86541.22394 144730.3457 141127.9108 144972.7406 147453.8381 144487.6375 142653.7164 145214.7474 145456.3113 144528.1648 146018.3986 143919.6325 142448.527 143471.7318 146458.5243 147493.5785 145053.5133 146098.5186 145737.6266 144730.4367 144244.4819 143593.9862 140629.56 143797.5547 145134.0901 143063.2348 145857.9216 79198.22348 0 0 0 0 0 0 
0 0 0 0 0 0 70273.12579 145335.4902 146178.5055 141169.3786 141789.7384 146258.5813 146138.5283 148954.1106 145978.3074 147572.883 145255.0545 141169.4521 145013.1718 143675.4967 144568.6563 146018.4046 148047.9142 141624.6338 144609.109 146458.5007 142612.7033 143512.4669 143430.8906 144406.6095 146817.556 146058.3748 144568.5435 74946.8981 0 0 0 0 0 0 
0 0 0 0 0 0 43808.1553 144609.0075 142858.5911 146578.2422 145456.2631 143593.9703 146218.5792 140754.341 141954.7464 143267.6574 145456.3194 145093.8406 144892.072 141748.5276 144770.8753 143390.1386 145174.4708 145255.0522 141624.6251 144285.0446 146338.5887 144568.6127 146817.5816 144406.6066 145536.6774 145576.8593 146098.409 43270.6111 0 0 0 0 0 0 
0 0 0 0 0 0 0 131379.9436 142817.6236 144649.4919 144932.3813 145978.2694 145857.9867 142735.7263 145214.7473 140754.3511 145576.9427 146138.5582 143960.2768 146538.3951 145295.3325 147572.8882 144487.677 143390.1277 145456.3094 146298.6042 147731.3687 146498.4197 144770.819 144568.5828 142694.6802 145093.7451 132973.559 0 0 0 0 0 0 0 
0 0 0 0 0 0 0 106046.1111 145295.2298 145938.149 144203.8636 143838.2374 144972.7652 143756.8791 146976.9262 145536.733 148757.5839 147889.7305 144203.9269 143878.9608 140795.9237 144932.4388 144122.7516 144568.635 145938.2146 144163.3262 141459.2468 147255.3106 146658.073 144528.0997 146658.0457 145857.9251 107959.9617 0 0 0 0 0 0 0 
0 0 0 0 0 0 0 55687.2777 146737.7915 144447.0875 146498.3814 146378.5261 148993.3554 146618.187 144285.0283 146178.5661 142448.4991 146817.6117 144082.1434 146298.6131 149854.8634 143349.3094 143716.1916 145777.7535 145053.4813 145576.9172 145777.7303 144203.8804 144649.5059 143593.94 141252.2297 144649.4629 53435.2625 0 0 0 0 0 0 0 
0 0 0 0 0 0 0 0 115804.4799 148363.643 145898.0497 145697.4039 145576.8889 144649.5203 143960.2349 142981.463 146937.1093 143553.239 145375.8262 144487.6592 141913.5176 147295.0625 146098.492 144406.637 144811.2459 143878.9244 149659.4715 142284.0637 144366.0688 142653.6629 144203.8333 115247.3602 0 0 0 0 0 0 0 0 
0 0 0 0 0 0 0 0 46149.68554 139123.603 146338.5165 144082.0744 141624.5631 144406.6059 146338.5596 141376.487 144406.6263 143960.2416 143593.9849 145255.0227 146338.5829 143349.2922 143675.4529 146618.1896 146418.512 144730.3967 145416.0284 147493.4975 142735.6737 143022.3198 137217.9998 45895.41343 0 0 0 0 0 0 0 0 
0 0 0 0 0 0 0 0 0 79050.32861 143756.8089 144203.8386 145013.0816 140920.4738 143226.757 147889.6816 146218.5639 147493.5224 144122.7157 144972.7687 147929.2545 142242.9521 146418.5103 141995.9234 145657.2542 146458.4498 143145.0212 143838.2111 142489.495 142694.6512 74240.94537 0 0 0 0 0 0 0 0 0 
0 0 0 0 0 0 0 0 0 0 85930.57564 142776.6354 142201.7616 146218.5294 143634.6823 142776.6719 149542.1236 144811.2217 146178.536 147255.2992 142694.7023 143919.5708 143716.148 144000.851 143756.8447 144163.2778 142160.6188 147889.6419 144163.2455 85178.28495 0 0 0 0 0 0 0 0 0 0 
0 0 0 0 0 0 0 0 0 0 0 76492.35906 137728.7377 146378.4888 144487.5896 144609.0313 142407.3605 145737.5578 143593.9459 146897.2414 142448.4523 146018.3251 143349.2489 143634.6806 142694.6749 143960.1844 145657.2135 136748.1481 73209.22157 0 0 0 0 0 0 0 0 0 0 0 
0 0 0 0 0 0 0 0 0 0 0 0 44863.92316 114227.4506 145093.7323 142940.47 148087.3276 144000.8249 144689.9289 145013.0802 144609.0285 146258.5388 145898.0448 147294.9897 143471.6228 148205.8027 114636.5035 47153.05468 0 0 0 0 0 0 0 0 0 0 0 0 
0 0 0 0 0 0 0 0 0 0 0 0 0 0 54088.26393 107579.9156 137132.6899 146618.1209 144568.5431 144487.5762 145857.9235 143919.5242 147493.4603 136233.7318 106760.9753 52995.46132 0 0 0 0 0 0 0 0 0 0 0 0 0 0 
0 0 0 0 0 0 0 0 0 0 0 0 0 0 0 0 0 44207.02348 72324.72551 84419.28894 81384.41749 71837.68903 43135.1783 0 0 0 0 0 0 0 0 0 0 0 0 0 0 0 0 0 
0 0 0 0 0 0 0 0 0 0 0 0 0 0 0 0 0 0 0 0 0 0 0 0 0 0 0 0 0 0 0 0 0 0 0 0 0 0 0 0 
0 0 0 0 0 0 0 0 0 0 0 0 0 0 0 0 0 0 0 0 0 0 0 0 0 0 0 0 0 0 0 0 0 0 0 0 0 0 0 0 
0 0 0 0 0 0 0 0 0 0 0 0 0 0 0 0 0 0 0 0 0 0 0 0 0 0 0 0 0 0 0 0 0 0 0 0 0 0 0 0 
0 0 0 0 0 0 0 0 0 0 0 0 0 0 0 0 0 0 0 0 0 0 0 0 0 0 0 0 0 0 0 0 0 0 0 0 0 0 0 0 
0 0 0 0 0 0 0 0 0 0 0 0 0 0 0 0 0 0 0 0 0 0 0 0 0 0 0 0 0 0 0 0 0 0 0 0 0 0 0 0 
0 0 0 0 0 0 0 0 0 0 0 0 0 0 0 0 0 0 0 0 0 0 0 0 0 0 0 0 0 0 0 0 0 0 0 0 0 0 0 0 
# Events [psd_source/PSD_source.dat] N:
0 0 0 0 0 0 0 0 0 0 0 0 0 0 0 0 0 0 0 0 0 0 0 0 0 0 0 0 0 0 0 0 0 0 0 0 0 0 0 0 
0 0 0 0 0 0 0 0 0 0 0 0 0 0 0 0 0 0 0 0 0 0 0 0 0 0 0 0 0 0 0 0 0 0 0 0 0 0 0 0 
0 0 0 0 0 0 0 0 0 0 0 0 0 0 0 0 0 0 0 0 0 0 0 0 0 0 0 0 0 0 0 0 0 0 0 0 0 0 0 0 
0 0 0 0 0 0 0 0 0 0 0 0 0 0 0 0 0 0 0 0 0 0 0 0 0 0 0 0 0 0 0 0 0 0 0 0 0 0 0 0 
0 0 0 0 0 0 0 0 0 0 0 0 0 0 0 0 0 0 0 0 0 0 0 0 0 0 0 0 0 0 0 0 0 0 0 0 0 0 0 0 
0 0 0 0 0 0 0 0 0 0 0 0 0 0 0 0 0 0 0 0 0 0 0 0 0 0 0 0 0 0 0 0 0 0 0 0 0 0 0 0 
0 0 0 0 0 0 0 0 0 0 0 0 0 0 0 0 0 165 427 597 573 471 171 0 0 0 0 0 0 0 0 0 0 0 0 0 0 0 0 0 
0 0 0 0 0 0 0 0 0 0 0 0 0 0 267 950 1565 1832 1807 1738 1758 1771 1701 1525 939 267 0 0 0 0 0 0 0 0 0 0 0 0 0 0 
0 0 0 0 0 0 0 0 0 0 0 0 153 1206 1842 1844 1753 1778 1785 1745 1816 1747 1800 1786 1844 1813 1168 211 0 0 0 0 0 0 0 0 0 0 0 0 
0 0 0 0 0 0 0 0 0 0 0 479 1689 1768 1782 1795 1844 1811 1870 1830 1836 1808 1770 1754 1814 1763 1789 1647 506 0 0 0 0 0 0 0 0 0 0 0 
0 0 0 0 0 0 0 0 0 0 657 1749 1762 1766 1777 1802 1750 1766 1865 1856 1830 1795 1819 1682 1776 1772 1753 1788 1741 621 0 0 0 0 0 0 0 0 0 0 
0 0 0 0 0 0 0 0 0 508 1773 1768 1799 1776 1815 1785 1726 1847 1823 1768 1772 1799 1743 1887 1693 1755 1762 1778 1787 1761 495 0 0 0 0 0 0 0 0 0 
0 0 0 0 0 0 0 0 168 1669 1862 1760 1758 1807 1865 1747 1860 1852 1767 1797 1765 1826 1683 1805 1808 1741 1777 1742 1744 1779 1709 166 0 0 0 0 0 0 0 0 
0 0 0 0 0 0 0 0 1206 1704 1839 1821 1731 1815 1814 1749 1834 1754 1721 1775 1769 1823 1759 1786 1780 1763 1806 1802 1779 1745 1756 1100 0 0 0 0 0 0 0 0 
0 0 0 0 0 0 0 256 1781 1835 1746 1851 1785 1861 1802 1826 1744 1782 1742 1786 1810 1806 1806 1773 1789 1805 1802 1825 1765 1703 1748 1757 289 0 0 0 0 0 0 0 
0 0 0 0 0 0 0 991 1795 1887 1787 1795 1834 1779 1772 1830 1730 1814 1774 1701 1856 1806 1871 1780 1724 1751 1724 1779 1905 1764 1763 1768 961 0 0 0 0 0 0 0 
0 0 0 0 0 0 0 1529 1771 1779 1765 1733 1764 1839 1776 1834 1749 1787 1837 1739 1784 1751 1851 1812 1767 1790 1851 1822 1833 1810 1806 1764 1568 0 0 0 0 0 0 0 
0 0 0 0 0 0 148 1797 1869 1791 1780 1885 1771 1833 1784 1817 1800 1812 1740 1832 1768 1776 1764 1804 1653 1812 1750 1841 1786 1717 1796 1814 1775 165 0 0 0 0 0 0 
0 0 0 0 0 0 427 1839 1825 1855 1782 1823 1853 1755 1692 1821 1813 1774 1891 1825 1780 1805 1789 1873 1783 1810 1719 1787 1843 1791 1830 1855 1720 443 0 0 0 0 0 0 
0 0 0 0 0 0 551 1762 1752 1767 1765 1805 1741 1747 1790 1805 1728 1807 1721 1759 1740 1752 1784 1727 1811 1791 1797 1765 1714 1777 1807 1799 1769 573 0 0 0 0 0 0 
0 0 0 0 0 0 640 1790 1702 1796 1858 1784 1739 1802 1808 1785 1822 1770 1734 1759 1833 1859 1798 1824 1815 1790 1778 1762 1690 1767 1800 1749 1818 536 0 0 0 0 0 0 
0 0 0 0 0 0 422 1805 1826 1703 1718 1828 1825 1896 1821 1861 1803 1703 1797 1764 1786 1822 1873 1714 1787 1833 1738 1760 1758 1782 1842 1823 1786 480 0 0 0 0 0 0 
0 0 0 0 0 0 164 1787 1744 1836 1808 1762 1827 1693 1722 1754 1808 1799 1794 1717 1791 1757 1801 1803 1714 1779 1830 1786 1842 1782 1810 1811 1824 160 0 0 0 0 0 0 
0 0 0 0 0 0 0 1475 1743 1788 1795 1821 1818 1741 1802 1693 1811 1825 1771 1835 1804 1861 1784 1757 1808 1829 1865 1834 1791 1786 1740 1799 1511 0 0 0 0 0 0 0 
0 0 0 0 0 0 0 961 1804 1820 1777 1768 1796 1766 1846 1810 1891 1869 1777 1769 1694 1795 1775 1786 1820 1776 1710 1853 1838 1785 1838 1818 996 0 0 0 0 0 0 0 
0 0 0 0 0 0 0 265 1840 1783 1834 1831 1897 1837 1779 1826 1734 1842 1774 1829 1919 1756 1765 1816 1798 1811 1816 1777 1788 1762 1705 1788 244 0 0 0 0 0 0 0 
0 0 0 0 0 0 0 0 1146 1881 1819 1814 1811 1788 1771 1747 1845 1761 1806 1784 1721 1854 1824 1782 1792 1769 1914 1730 1781 1739 1777 1135 0 0 0 0 0 0 0 0 
0 0 0 0 0 0 0 0 182 1654 1830 1774 1714 1782 1830 1708 1782 1771 1762 1803 1830 1756 1764 1837 1832 1790 1807 1859 1741 1748 1609 180 0 0 0 0 0 0 0 0 
0 0 0 0 0 0 0 0 0 534 1766 1777 1797 1697 1753 1869 1827 1859 1775 1796 1870 1729 1832 1723 1813 1833 1751 1768 1735 1740 471 0 0 0 0 0 0 0 0 0 
0 0 0 0 0 0 0 0 0 0 631 1742 1728 1827 1763 1742 1911 1792 1826 1853 1740 1770 1765 1772 1766 1776 1727 1869 1776 620 0 0 0 0 0 0 0 0 0 0 
0 0 0 0 0 0 0 0 0 0 0 500 1621 1831 1784 1787 1733 1815 1762 1844 1734 1822 1756 1763 1740 1771 1813 1598 458 0 0 0 0 0 0 0 0 0 0 0 
0 0 0 0 0 0 0 0 0 0 0 0 172 1115 1799 1746 1874 1772 1789 1797 1787 1828 1819 1854 1759 1877 1123 190 0 0 0 0 0 0 0 0 0 0 0 0 
0 0 0 0 0 0 0 0 0 0 0 0 0 0 250 989 1607 1837 1786 1784 1818 1770 1859 1586 974 240 0 0 0 0 0 0 0 0 0 0 0 0 0 0 
0 0 0 0 0 0 0 0 0 0 0 0 0 0 0 0 0 167 447 609 566 441 159 0 0 0 0 0 0 0 0 0 0 0 0 0 0 0 0 0 
0 0 0 0 0 0 0 0 0 0 0 0 0 0 0 0 0 0 0 0 0 0 0 0 0 0 0 0 0 0 0 0 0 0 0 0 0 0 0 0 
0 0 0 0 0 0 0 0 0 0 0 0 0 0 0 0 0 0 0 0 0 0 0 0 0 0 0 0 0 0 0 0 0 0 0 0 0 0 0 0 
0 0 0 0 0 0 0 0 0 0 0 0 0 0 0 0 0 0 0 0 0 0 0 0 0 0 0 0 0 0 0 0 0 0 0 0 0 0 0 0 
0 0 0 0 0 0 0 0 0 0 0 0 0 0 0 0 0 0 0 0 0 0 0 0 0 0 0 0 0 0 0 0 0 0 0 0 0 0 0 0 
0 0 0 0 0 0 0 0 0 0 0 0 0 0 0 0 0 0 0 0 0 0 0 0 0 0 0 0 0 0 0 0 0 0 0 0 0 0 0 0 
0 0 0 0 0 0 0 0 0 0 0 0 0 0 0 0 0 0 0 0 0 0 0 0 0 0 0 0 0 0 0 0 0 0 0 0 0 0 0 0 
