# Format: McCode with text headers
# URL: http://www.mccode.org
# Creator: McStas 2.4.1 - Jun. 26, 2017
# Instrument: MAGiC_elearning.instr
# Ncount: 2500000
# Trace: no
# Gravitation: no
# Seed: 1563291513
# Directory: MAGiC_HR/3
# Nodes: 40
# Param: spectrum=0
# Param: high_res=1
# Param: coll_set=0.3
# Param: sample_rot=30
# Date: Tue Jul 16 10:22:36 2019 (1563265356)
# type: array_1d(101)
# Source: MAGiC_half_polarized (MAGiC_elearning.instr)
# component: L_out
# position: -0.034 -0.674259 159.42
# title: Wavelength monitor
# Ncount: 100000000
# filename: L_out.txt
# statistics: X0=1.43435; dX=0.351891;
# signal: Min=0; Max=2.47114e+07; Mean=4.30759e+06;
# values: 4.35066e+08 1.12774e+06 292090
# xvar: L
# yvar: (I,I_err)
# xlabel: Wavelength [AA]
# ylabel: Intensity
# xlimits: 0.2 6
# variables: L I I_err N
0.2287128713 0 0 0 
0.2861386139 0 0 0 
0.3435643564 4.394530717e-127 5.382178958e-127 2 
0.400990099 6.909620524e-18 4.595947309e-18 1212 
0.4584158416 401.7267519 111.6427779 5555 
0.5158415842 61083.46071 4275.58597 9846 
0.5732673267 361361.7047 13012.27636 10123 
0.6306930693 1033466.203 25445.34143 10025 
0.6881188119 2368269.525 47903.57468 10067 
0.7455445545 4200202.606 78315.23815 10010 
0.802970297 6535966.809 114401.1271 9965 
0.8603960396 9586408.067 156862.055 10017 
0.9178217822 12807352.19 198545.6039 10074 
0.9752475248 16024383.14 236602.4 10192 
1.032673267 19308668.22 271242.8218 10242 
1.09009901 20487640 284352.7372 10126 
1.147524752 21339437.59 292289.1257 9775 
1.204950495 23646684.48 307417.6382 10133 
1.262376238 23577828.71 302447.1947 9939 
1.31980198 24711376.81 303124.3306 10243 
1.377227723 24407993.7 294167.6168 10203 
1.434653465 23781163.21 282212.5272 10111 
1.492079208 22959778.65 267462.5977 10090 
1.54950495 22407884.34 254812.8204 10187 
1.606930693 20793386.38 235783.7023 9923 
1.664356436 20171379.61 223235.8023 10039 
1.721782178 19153392.52 208397.5191 10060 
1.779207921 18169293.13 194463.197 10093 
1.836633663 16641426.75 177685.8372 9905 
1.894059406 15525210.19 164042.6756 9882 
1.951485149 14696703.16 152448.3896 10009 
2.008910891 13754393.17 140831.1214 10113 
2.066336634 10684480.71 119722.1253 8220 
2.123762376 5064749.41 76660.2768 4602 
2.181188119 804341.5656 25925.7502 1107 
2.238613861 0 0 0 
2.296039604 0 0 0 
2.353465347 0 0 0 
2.410891089 0 0 0 
2.468316832 0 0 0 
2.525742574 0 0 0 
2.583168317 0 0 0 
2.640594059 0 0 0 
2.698019802 0 0 0 
2.755445545 0 0 0 
2.812871287 0 0 0 
2.87029703 0 0 0 
2.927722772 0 0 0 
2.985148515 0 0 0 
3.042574257 0 0 0 
3.1 0 0 0 
3.157425743 0 0 0 
3.214851485 0 0 0 
3.272277228 0 0 0 
3.32970297 0 0 0 
3.387128713 0 0 0 
3.444554455 0 0 0 
3.501980198 0 0 0 
3.559405941 0 0 0 
3.616831683 0 0 0 
3.674257426 0 0 0 
3.731683168 0 0 0 
3.789108911 0 0 0 
3.846534653 0 0 0 
3.903960396 0 0 0 
3.961386139 0 0 0 
4.018811881 0 0 0 
4.076237624 0 0 0 
4.133663366 0 0 0 
4.191089109 0 0 0 
4.248514851 0 0 0 
4.305940594 0 0 0 
4.363366337 0 0 0 
4.420792079 0 0 0 
4.478217822 0 0 0 
4.535643564 0 0 0 
4.593069307 0 0 0 
4.65049505 0 0 0 
4.707920792 0 0 0 
4.765346535 0 0 0 
4.822772277 0 0 0 
4.88019802 0 0 0 
4.937623762 0 0 0 
4.995049505 0 0 0 
5.052475248 0 0 0 
5.10990099 0 0 0 
5.167326733 0 0 0 
5.224752475 0 0 0 
5.282178218 0 0 0 
5.33960396 0 0 0 
5.397029703 0 0 0 
5.454455446 0 0 0 
5.511881188 0 0 0 
5.569306931 0 0 0 
5.626732673 0 0 0 
5.684158416 0 0 0 
5.741584158 0 0 0 
5.799009901 0 0 0 
5.856435644 0 0 0 
5.913861386 0 0 0 
5.971287129 0 0 0 
