# Format: McCode with text headers
# URL: http://www.mccode.org
# Creator: McStas 2.4.1 - Jun. 26, 2017
# Instrument: MAGiC_elearning.instr
# Ncount: 2500000
# Trace: no
# Gravitation: no
# Seed: 1563292976
# Directory: MAGiC_HR/19
# Nodes: 40
# Param: spectrum=0
# Param: high_res=1
# Param: coll_set=0.3
# Param: sample_rot=190
# Date: Tue Jul 16 10:33:42 2019 (1563266022)
# type: array_1d(101)
# Source: MAGiC_half_polarized (MAGiC_elearning.instr)
# component: L_out
# position: -0.034 -0.674259 159.42
# title: Wavelength monitor
# Ncount: 100000000
# filename: L_out.txt
# statistics: X0=1.43488; dX=0.352163;
# signal: Min=0; Max=2.3964e+07; Mean=4.29783e+06;
# values: 4.34081e+08 1.12644e+06 292046
# xvar: L
# yvar: (I,I_err)
# xlabel: Wavelength [AA]
# ylabel: Intensity
# xlimits: 0.2 6
# variables: L I I_err N
0.2287128713 0 0 0 
0.2861386139 0 0 0 
0.3435643564 1.139581909e-127 1.395697098e-127 2 
0.400990099 3.153501131e-17 1.885364172e-17 1267 
0.4584158416 1105.329468 308.6097362 5607 
0.5158415842 58251.62016 4033.212859 9691 
0.5732673267 319678.5127 12085.59735 10121 
0.6306930693 1007459.88 25260.65365 10142 
0.6881188119 2343983.67 47628.19623 10019 
0.7455445545 3996048.743 76125.35066 9845 
0.802970297 6652090.599 115454.594 10068 
0.8603960396 9596148.278 157139.956 9947 
0.9178217822 12843976.5 199933.3946 9951 
0.9752475248 16034308.72 237187.6497 10242 
1.032673267 18762577.7 266457.6393 10204 
1.09009901 20463594.02 284162.5129 10043 
1.147524752 22869241.77 303608.7925 10120 
1.204950495 23126844.19 303673.5173 10055 
1.262376238 23759620.75 304041.0054 10089 
1.31980198 23646207.3 297288.6782 9807 
1.377227723 23964018.04 291485.4974 10087 
1.434653465 23654647.83 280430.028 10193 
1.492079208 23103565.13 268245.6935 10114 
1.54950495 22058718.92 252744.465 10134 
1.606930693 21300631.42 238642.5811 10136 
1.664356436 19923296.55 221768.07 9988 
1.721782178 19040138.05 207660.174 9989 
1.779207921 18070107.57 193477.2032 10091 
1.836633663 16656019.81 177480.8543 9902 
1.894059406 15664774.56 164522.5913 9977 
1.951485149 14805715.91 152965.8244 10115 
2.008910891 13813364.53 141018.4224 10167 
2.066336634 10582510.92 119159.2091 8125 
2.123762376 5141880.354 77242.35649 4668 
2.181188119 820426.7526 26158.34779 1140 
2.238613861 0 0 0 
2.296039604 0 0 0 
2.353465347 0 0 0 
2.410891089 0 0 0 
2.468316832 0 0 0 
2.525742574 0 0 0 
2.583168317 0 0 0 
2.640594059 0 0 0 
2.698019802 0 0 0 
2.755445545 0 0 0 
2.812871287 0 0 0 
2.87029703 0 0 0 
2.927722772 0 0 0 
2.985148515 0 0 0 
3.042574257 0 0 0 
3.1 0 0 0 
3.157425743 0 0 0 
3.214851485 0 0 0 
3.272277228 0 0 0 
3.32970297 0 0 0 
3.387128713 0 0 0 
3.444554455 0 0 0 
3.501980198 0 0 0 
3.559405941 0 0 0 
3.616831683 0 0 0 
3.674257426 0 0 0 
3.731683168 0 0 0 
3.789108911 0 0 0 
3.846534653 0 0 0 
3.903960396 0 0 0 
3.961386139 0 0 0 
4.018811881 0 0 0 
4.076237624 0 0 0 
4.133663366 0 0 0 
4.191089109 0 0 0 
4.248514851 0 0 0 
4.305940594 0 0 0 
4.363366337 0 0 0 
4.420792079 0 0 0 
4.478217822 0 0 0 
4.535643564 0 0 0 
4.593069307 0 0 0 
4.65049505 0 0 0 
4.707920792 0 0 0 
4.765346535 0 0 0 
4.822772277 0 0 0 
4.88019802 0 0 0 
4.937623762 0 0 0 
4.995049505 0 0 0 
5.052475248 0 0 0 
5.10990099 0 0 0 
5.167326733 0 0 0 
5.224752475 0 0 0 
5.282178218 0 0 0 
5.33960396 0 0 0 
5.397029703 0 0 0 
5.454455446 0 0 0 
5.511881188 0 0 0 
5.569306931 0 0 0 
5.626732673 0 0 0 
5.684158416 0 0 0 
5.741584158 0 0 0 
5.799009901 0 0 0 
5.856435644 0 0 0 
5.913861386 0 0 0 
5.971287129 0 0 0 
