# Format: McCode with text headers
# URL: http://www.mccode.org
# Creator: McStas 2.4.1 - Jun. 26, 2017
# Instrument: MAGiC_elearning.instr
# Ncount: 2500000
# Trace: no
# Gravitation: no
# Seed: 1563293252
# Directory: MAGiC_HR/22
# Nodes: 40
# Param: spectrum=0
# Param: high_res=1
# Param: coll_set=0.3
# Param: sample_rot=220
# Date: Tue Jul 16 10:35:46 2019 (1563266146)
# type: array_1d(101)
# Source: MAGiC_half_polarized (MAGiC_elearning.instr)
# component: L_out
# position: -0.034 -0.674259 159.42
# title: Wavelength monitor
# Ncount: 100000000
# filename: L_out.txt
# statistics: X0=1.4326; dX=0.353361;
# signal: Min=0; Max=2.45181e+07; Mean=4.3128e+06;
# values: 4.35593e+08 1.12868e+06 291832
# xvar: L
# yvar: (I,I_err)
# xlabel: Wavelength [AA]
# ylabel: Intensity
# xlimits: 0.2 6
# variables: L I I_err N
0.2287128713 0 0 0 
0.2861386139 0 0 0 
0.3435643564 1.969450794e-124 2.127249985e-124 6 
0.400990099 1.101318739e-17 9.934128785e-18 1245 
0.4584158416 774.3875747 223.8978602 5601 
0.5158415842 53242.29429 3889.485125 9511 
0.5732673267 349984.2291 12591.94577 10178 
0.6306930693 985242.3481 24834.08682 10073 
0.6881188119 2437309.227 48744.37455 10133 
0.7455445545 4358299.135 79682.34218 10117 
0.802970297 6963259.333 118381.8016 10227 
0.8603960396 9979557.04 160827.0233 10024 
0.9178217822 13192934.56 201447.054 10300 
0.9752475248 16428043.97 240734.6053 10150 
1.032673267 18372961.23 264012.9892 10031 
1.09009901 20765468.01 286793.4775 10037 
1.147524752 22172893.09 298729.718 9988 
1.204950495 22985704.25 303492.6262 9783 
1.262376238 23839597.71 304769.1587 9965 
1.31980198 24518117.21 302675.772 10112 
1.377227723 24105198.12 292201.5142 10131 
1.434653465 23460753.22 279681.4102 10093 
1.492079208 22757160.25 266656.2614 9927 
1.54950495 22149666.66 253336.1282 10013 
1.606930693 21102315.87 237601.7957 10048 
1.664356436 20319249.73 223762.3809 10116 
1.721782178 18996521.47 207294.3122 10025 
1.779207921 17571701.08 190917.2403 9816 
1.836633663 17019348.69 179747.1059 10081 
1.894059406 15802907 165498.1086 10032 
1.951485149 14617188.07 151968.1336 9975 
2.008910891 13540033.28 139618.1675 10002 
2.066336634 10802506.3 120313.0823 8310 
2.123762376 5105938.078 77013.54536 4632 
2.181188119 838872.9791 26485.70505 1150 
2.238613861 0 0 0 
2.296039604 0 0 0 
2.353465347 0 0 0 
2.410891089 0 0 0 
2.468316832 0 0 0 
2.525742574 0 0 0 
2.583168317 0 0 0 
2.640594059 0 0 0 
2.698019802 0 0 0 
2.755445545 0 0 0 
2.812871287 0 0 0 
2.87029703 0 0 0 
2.927722772 0 0 0 
2.985148515 0 0 0 
3.042574257 0 0 0 
3.1 0 0 0 
3.157425743 0 0 0 
3.214851485 0 0 0 
3.272277228 0 0 0 
3.32970297 0 0 0 
3.387128713 0 0 0 
3.444554455 0 0 0 
3.501980198 0 0 0 
3.559405941 0 0 0 
3.616831683 0 0 0 
3.674257426 0 0 0 
3.731683168 0 0 0 
3.789108911 0 0 0 
3.846534653 0 0 0 
3.903960396 0 0 0 
3.961386139 0 0 0 
4.018811881 0 0 0 
4.076237624 0 0 0 
4.133663366 0 0 0 
4.191089109 0 0 0 
4.248514851 0 0 0 
4.305940594 0 0 0 
4.363366337 0 0 0 
4.420792079 0 0 0 
4.478217822 0 0 0 
4.535643564 0 0 0 
4.593069307 0 0 0 
4.65049505 0 0 0 
4.707920792 0 0 0 
4.765346535 0 0 0 
4.822772277 0 0 0 
4.88019802 0 0 0 
4.937623762 0 0 0 
4.995049505 0 0 0 
5.052475248 0 0 0 
5.10990099 0 0 0 
5.167326733 0 0 0 
5.224752475 0 0 0 
5.282178218 0 0 0 
5.33960396 0 0 0 
5.397029703 0 0 0 
5.454455446 0 0 0 
5.511881188 0 0 0 
5.569306931 0 0 0 
5.626732673 0 0 0 
5.684158416 0 0 0 
5.741584158 0 0 0 
5.799009901 0 0 0 
5.856435644 0 0 0 
5.913861386 0 0 0 
5.971287129 0 0 0 
