# Format: McCode with text headers
# URL: http://www.mccode.org
# Creator: McStas 2.5 - Dec. 12, 2018
# Instrument: ESS_HEIMDAL.instr
# Ncount: 25000
# Trace: no
# Gravitation: no
# Seed: 1565850459
# Directory: TemperatureScan/5
# Nodes: 4
# Param: lmax=4
# Param: lmin=0.5
# Param: T=110
# Param: tau=0
# Param: use_CoFe2O4=1
# Param: use_CoFe=1
# Param: use_magn=1
# Date: Wed Aug 14 12:13:23 2019 (1565777603)
# type: array_2d(40, 40)
# Source: ESS_HEIMDAL (ESS_HEIMDAL.instr)
# component: psd_source
# position: 0 0 0.01
# title: PSD monitor
# Ncount: 100000
# filename: PSD_source.dat
# statistics: X0=0.009945; dX=5.00393; Y0=-0.0223425; dY=5.01311;
# signal: Min=0; Max=7.56006e+06; Mean=2.13803e+06;
# values: 3.42084e+09 1.08177e+07 100000
# xvar: X 
# yvar: Y 
# xlabel: X position [cm]
# ylabel: Y position [cm]
# zvar: I
# zlabel: Signal per bin
# xylimits: -15 15 -15 15
# variables: I I_err N
# Data [psd_source/PSD_source.dat] I:
0 0 0 0 0 0 0 0 0 0 0 0 0 0 0 0 0 0 0 0 0 0 0 0 0 0 0 0 0 0 0 0 0 0 0 0 0 0 0 0 
0 0 0 0 0 0 0 0 0 0 0 0 0 0 0 0 0 0 0 0 0 0 0 0 0 0 0 0 0 0 0 0 0 0 0 0 0 0 0 0 
0 0 0 0 0 0 0 0 0 0 0 0 0 0 0 0 0 0 0 0 0 0 0 0 0 0 0 0 0 0 0 0 0 0 0 0 0 0 0 0 
0 0 0 0 0 0 0 0 0 0 0 0 0 0 0 0 0 0 0 0 0 0 0 0 0 0 0 0 0 0 0 0 0 0 0 0 0 0 0 0 
0 0 0 0 0 0 0 0 0 0 0 0 0 0 0 0 0 0 0 0 0 0 0 0 0 0 0 0 0 0 0 0 0 0 0 0 0 0 0 0 
0 0 0 0 0 0 0 0 0 0 0 0 0 0 0 0 0 0 0 0 0 0 0 0 0 0 0 0 0 0 0 0 0 0 0 0 0 0 0 0 
0 0 0 0 0 0 0 0 0 0 0 0 0 0 0 0 0 547334.7517 1368336.931 1607795.98 1881463.233 1881463.18 444709.4626 0 0 0 0 0 0 0 0 0 0 0 0 0 0 0 0 0 
0 0 0 0 0 0 0 0 0 0 0 0 0 0 1094669.566 3352425.453 5268097.102 6533809.028 5781223.607 5678598.484 5849640.365 6670642.578 6533809.031 5747014.926 3694509.875 786793.7817 0 0 0 0 0 0 0 0 0 0 0 0 0 0 
0 0 0 0 0 0 0 0 0 0 0 0 581543.2052 3489259.078 6294350.131 5849640.693 6191725.225 6499601.393 5986475.258 5781224.443 6328559.509 6431184.463 5918058.414 6328559.049 6636434.508 5473348.087 3044549.545 376292.6027 0 0 0 0 0 0 0 0 0 0 0 0 
0 0 0 0 0 0 0 0 0 0 0 1710421.122 5165471.877 6157516.657 5781224.335 5507557.161 6260142.959 6157517.894 5610182.955 6157517.877 6191726.278 5610183.066 6773269.528 6773269.398 6533810.009 5781224.337 6191724.815 5233888.662 1915671.626 0 0 0 0 0 0 0 0 0 0 0 
0 0 0 0 0 0 0 0 0 0 2120922.282 5849640.585 6191725.274 6636435.277 6260143.102 5952267.704 6362768.807 6499602.602 6089101.66 6294352.246 6294352.245 6260143.633 5918059.338 6294352.057 6704852.833 6841686.381 6260142.414 6089100.151 5883848.982 1984088.426 0 0 0 0 0 0 0 0 0 0 
0 0 0 0 0 0 0 0 0 1573587.448 5952265.855 5439139.971 6978519.86 6362768.693 5849642.392 5644392.123 6191727.241 6499603.288 7012730.272 5575975.765 6670645.605 6602228.839 5610184.025 5849642.911 6773270.196 6568019.62 6157517.827 6773269.245 6739060.081 5233888.979 2120922.191 0 0 0 0 0 0 0 0 0 
0 0 0 0 0 0 0 0 547334.7677 6328558.27 6773268.592 6465393.2 6157517.913 6362768.997 5712809.078 5541767.148 7046938.708 6225936.215 6225936.399 6123311.218 5541767.662 5610184.407 6328561.498 6396978.43 6020685.236 5233890.98 6807478.539 6396976.838 5952266.865 5678598.906 4960221.54 581543.1617 0 0 0 0 0 0 0 0 
0 0 0 0 0 0 0 0 4139219.142 6670642.981 6910102.631 6123309.416 6260143.584 5712809.046 6910104.779 6704854.528 5986477.574 5883852.133 5712810.198 6807480.538 6225936.977 5849643.982 6533812.781 5952269.002 5781226.584 5883851.753 6602228.567 6123309.915 5883850.361 6362767.845 5918057.565 4070802.385 0 0 0 0 0 0 0 0 
0 0 0 0 0 0 0 786793.747 6225933.128 6636435.083 6533810.368 6465394.182 6602228.255 6465395.037 5678601.421 5439142.577 6568021.354 6944314.508 6602230.219 6225937.201 5747019.169 6670647.026 5370725.967 6568021.339 6807480.222 7217981.271 6191727.607 5952268.192 6020684.521 6191726.017 6739060.273 6944310.097 786793.6938 0 0 0 0 0 0 0 
0 0 0 0 0 0 0 3660301.274 4994430.066 6499601.679 6568019.171 6157518.452 5712809.377 6875896.782 5952269.099 6294353.97 6020686.551 5781227.619 6841689.444 6020686.925 6944315.161 5473351.793 6123312.071 5952269.717 6431187.709 5575976.302 6089102.637 5986476.887 6020684.773 7115354.17 6123308.877 6225933.618 3455050.767 0 0 0 0 0 0 0 
0 0 0 0 0 0 0 5062846.625 5747015.813 6123309.175 6123309.757 5883851.315 6533812.13 6704854.697 5849644.05 6089103.395 6225937.541 6225937.693 5952270.269 5575977.275 5918061.886 6020687.066 6807481.342 6225937.549 5439142.973 6431187.623 6191728.174 5712809.598 5918059.701 6704853.173 6157517.537 6157516.882 4994429.911 0 0 0 0 0 0 0 
0 0 0 0 0 0 615751.5843 5541764.719 5781224.379 6431185.302 6396977.441 5062848.906 7286398.014 6362770.523 6978522.987 6910106.345 5986478.594 6054895.658 5849645.065 6362771.831 5302309.908 6225938.048 6157521.002 6465396.805 5610185.307 5575976.577 6123311.411 5815435.063 6328561.144 5507558.178 5370723.888 5918058.083 6910101.695 376292.6417 0 0 0 0 0 0 
0 0 0 0 0 0 1573587.454 6294350.18 5712807.625 6260143.164 6225935.427 6704854.099 5918060.475 5199683.565 6465396.457 6568022.086 6704856.117 6294354.916 5918062.075 7286400.204 5575977.648 6225938.147 7183774.642 6089104.041 5541768.626 6568021.696 6431187.529 5747018.245 5781226.249 5747017.306 6636435.979 5644390.767 6054891.21 1368336.88 0 0 0 0 0 0 
0 0 0 0 0 0 1710421.12 6328558.682 5986475.191 4994431.228 5541766.735 5507558.77 5986477.452 5781227.177 5918061.334 5849644.69 6020687.165 6533814.123 5610186.089 7081149.564 5507560.751 5507560.729 6020687.373 6225937.842 5883853.124 6054895.095 6910105.865 6465395.61 6054893.798 6533811.364 6465393.884 5815433.011 6260141.793 1642004.25 0 0 0 0 0 0 
0 0 0 0 0 0 1949880.069 6636434.498 6260142.574 5199681.814 6123310.145 6089102.287 6602229.422 6396979.156 5986478.169 6225937.597 5575977.34 5097059.214 6670648.068 6123312.901 6533814.308 6431188.927 6328563.433 5747019.583 5575977.108 6362771.108 5883852.558 6089102.744 6260144.446 6020684.821 6807478.176 5952266.711 6123308.197 2189339.072 0 0 0 0 0 0 
0 0 0 0 0 0 1539378.975 6225933.387 5815432.939 6020684.111 6807478.808 6568020.297 6431187.053 5507559.52 4891807.848 6328562.88 6294354.736 6020687.272 5233893.056 5644394.517 5712811.419 5644394.466 5541768.971 6499605.392 6328562.932 6123311.92 6260145.319 5678601.37 6020685.261 6910104.15 6157517.975 6533809.921 5781223.801 1642004.281 0 0 0 0 0 0 
0 0 0 0 0 0 649960.0058 6396975.402 6294350.838 5781225.084 5370724.369 6089102.087 5986477.306 6089102.936 5883852.673 6020686.755 6431188.395 6362771.71 5712811.31 6910107.109 5473352.143 5678602.8 6396980.186 6431188.37 6054895.251 5507559.717 5712810.076 6191727.92 5336516.477 5575975 5952267.187 5849641.273 6225933.252 615751.6201 0 0 0 0 0 0 
0 0 0 0 0 0 0 5747015.134 6362767.442 5849641.625 6431185.7 6054893.46 6396978.325 6636437.945 5541768.071 5712810.552 4823391.216 6157520.847 6225937.775 5370726.684 6362771.636 6396980.022 6260146.161 6191729.069 6739063.962 6020686.303 5610184.586 5610184.196 5952268.123 6704853.183 6978519.932 5541765.213 5952265.634 0 0 0 0 0 0 0 
0 0 0 0 0 0 0 2634048.538 5541764.894 5575974.069 5815433.75 7012729.607 5747017.68 5747018.221 6499604.266 5404934.445 6020686.528 6396979.754 6533813.59 5815436.26 6328562.947 6020686.88 6362771.202 6396979.409 6123311.706 6020685.976 5986477.282 6191727.421 6294352.29 6260143.201 5918058.364 6704851.58 3147174.94 0 0 0 0 0 0 0 
0 0 0 0 0 0 0 1060461.045 6089099.54 5712807.384 6020684.01 7560064.041 6431186.203 5575975.655 5986477.417 6978522.376 6431187.777 6704855.297 7286399.256 6533813.334 5028641.635 6020686.492 6020686.269 6191728.486 5302308.708 5644392.931 5712809.432 5336516.268 5849642.224 6020683.963 6396976.028 4652345.708 992044.2026 0 0 0 0 0 0 0 
0 0 0 0 0 0 0 0 3660301.271 5815432.549 5747016.16 6396976.897 6431186.015 6191727.204 5712809.383 5199683.177 5918060.618 5233891.924 6020686.047 6260145.399 6533812.98 5370725.891 5678601.661 6123311.307 6123310.994 6910104.844 6225935.717 5952267.845 6089100.981 6431184.662 6431184.071 4173427.61 0 0 0 0 0 0 0 0 
0 0 0 0 0 0 0 0 547334.7697 5541764.77 5883849.221 5781224.696 6841686.488 6602227.924 6465394.596 5918059.885 5918060.186 5507559.001 5918060.495 6054894.458 6328561.888 6465395.499 5781226.688 6260144.677 6568020.202 6328560.82 5849642.38 6294351.726 5404931.985 6841685.544 5849640.489 718376.8613 0 0 0 0 0 0 0 0 
0 0 0 0 0 0 0 0 0 1778837.988 6225933.074 5849640.998 6089100.673 5268098.515 6123309.816 5678600.468 5781225.818 5815434.546 5473350.351 6396978.166 5712809.298 5370725.018 6191727.345 6396977.843 5815434.26 5781225.418 6328560.051 6431184.867 5336514.658 6533809.002 1984088.603 0 0 0 0 0 0 0 0 0 
0 0 0 0 0 0 0 0 0 0 1915671.577 5712806.752 5473348.44 6739060.417 6636435.615 5883850.684 5986476.059 6157518.513 5610183.546 6533811.425 6191726.676 6225935.373 6568019.641 5712808.87 6602227.646 5849641.781 6533810.151 6875893.923 6431183.565 2257755.971 0 0 0 0 0 0 0 0 0 0 
0 0 0 0 0 0 0 0 0 0 0 1505170.497 5131263.774 6739059.819 6944311.017 6157517.554 5952267.04 5918058.651 5336515.666 6875895.108 6499602.216 6191726.535 5815433.463 6670644.144 5439140.337 5986475.043 5883849.086 5815432.225 1813046.478 0 0 0 0 0 0 0 0 0 0 0 
0 0 0 0 0 0 0 0 0 0 0 0 307875.837 3523467.644 6054891.07 6431184.092 6636434.898 5644390.738 5986475.327 6123308.763 5815432.958 6260142.439 6568018.031 6328559.187 6499601.153 5952266.066 4036593.897 649960.0441 0 0 0 0 0 0 0 0 0 0 0 0 
0 0 0 0 0 0 0 0 0 0 0 0 0 0 1265711.508 3694509.508 4789179.245 6978518.432 5815432.073 5849640.92 6944310.043 6396975.384 5883848.851 5302305.697 3010341.296 855210.5108 0 0 0 0 0 0 0 0 0 0 0 0 0 0 
0 0 0 0 0 0 0 0 0 0 0 0 0 0 0 0 0 478917.9863 1436753.739 2326172.887 1847254.762 1368336.92 752585.2808 0 0 0 0 0 0 0 0 0 0 0 0 0 0 0 0 0 
0 0 0 0 0 0 0 0 0 0 0 0 0 0 0 0 0 0 0 0 0 0 0 0 0 0 0 0 0 0 0 0 0 0 0 0 0 0 0 0 
0 0 0 0 0 0 0 0 0 0 0 0 0 0 0 0 0 0 0 0 0 0 0 0 0 0 0 0 0 0 0 0 0 0 0 0 0 0 0 0 
0 0 0 0 0 0 0 0 0 0 0 0 0 0 0 0 0 0 0 0 0 0 0 0 0 0 0 0 0 0 0 0 0 0 0 0 0 0 0 0 
0 0 0 0 0 0 0 0 0 0 0 0 0 0 0 0 0 0 0 0 0 0 0 0 0 0 0 0 0 0 0 0 0 0 0 0 0 0 0 0 
0 0 0 0 0 0 0 0 0 0 0 0 0 0 0 0 0 0 0 0 0 0 0 0 0 0 0 0 0 0 0 0 0 0 0 0 0 0 0 0 
0 0 0 0 0 0 0 0 0 0 0 0 0 0 0 0 0 0 0 0 0 0 0 0 0 0 0 0 0 0 0 0 0 0 0 0 0 0 0 0 
# Errors [psd_source/PSD_source.dat] I_err:
0 0 0 0 0 0 0 0 0 0 0 0 0 0 0 0 0 0 0 0 0 0 0 0 0 0 0 0 0 0 0 0 0 0 0 0 0 0 0 0 
0 0 0 0 0 0 0 0 0 0 0 0 0 0 0 0 0 0 0 0 0 0 0 0 0 0 0 0 0 0 0 0 0 0 0 0 0 0 0 0 
0 0 0 0 0 0 0 0 0 0 0 0 0 0 0 0 0 0 0 0 0 0 0 0 0 0 0 0 0 0 0 0 0 0 0 0 0 0 0 0 
0 0 0 0 0 0 0 0 0 0 0 0 0 0 0 0 0 0 0 0 0 0 0 0 0 0 0 0 0 0 0 0 0 0 0 0 0 0 0 0 
0 0 0 0 0 0 0 0 0 0 0 0 0 0 0 0 0 0 0 0 0 0 0 0 0 0 0 0 0 0 0 0 0 0 0 0 0 0 0 0 
0 0 0 0 0 0 0 0 0 0 0 0 0 0 0 0 0 0 0 0 0 0 0 0 0 0 0 0 0 0 0 0 0 0 0 0 0 0 0 0 
0 0 0 0 0 0 0 0 0 0 0 0 0 0 0 0 0 136833.6879 216353.0655 234521.1469 253696.4506 253696.4434 123340.2131 0 0 0 0 0 0 0 0 0 0 0 0 0 0 0 0 0 
0 0 0 0 0 0 0 0 0 0 0 0 0 0 193512.0683 338646.1101 424515.3622 472769.8289 444709.5082 440744.7199 447333.1791 477694.637 472769.8291 443391.8276 355504.3785 164057.8444 0 0 0 0 0 0 0 0 0 0 0 0 0 0 
0 0 0 0 0 0 0 0 0 0 0 0 141044.9448 345488.1303 464025.648 447333.2041 460227.3115 471530.6446 452534.9932 444709.5725 465284.9488 469042.3335 449941.6493 465284.915 476468.2299 432706.1596 322721.6063 113456.4886 0 0 0 0 0 0 0 0 0 0 0 0 
0 0 0 0 0 0 0 0 0 0 0 241890.0748 420360.1398 458954.1939 444709.5643 434056.3111 462763.0834 458954.2861 438081.6885 458954.2849 460227.3898 438081.6971 481355.3052 481355.2959 472769.8998 444709.5644 460227.281 423134.8193 255992.3889 0 0 0 0 0 0 0 0 0 0 0 
0 0 0 0 0 0 0 0 0 0 269357.3991 447333.1959 460227.3151 476468.2851 462763.0941 451240.2502 466540.8446 471530.7323 456397.4652 464025.8039 464025.8039 462763.1333 449941.7196 464025.79 478918.0595 483780.2835 462763.0432 456397.3521 448639.2789 260523.5737 0 0 0 0 0 0 0 0 0 0 
0 0 0 0 0 0 0 0 0 232012.8115 451240.1099 431351.8579 488594.1188 466540.8362 447333.3341 439415.3308 460227.4613 471530.782 489790.3278 436744.1287 477694.8537 475238.8308 438081.772 447333.3738 481355.3526 474005.9869 458954.2811 481355.285 480138.1505 423134.8449 269357.3876 0 0 0 0 0 0 0 0 0 
0 0 0 0 0 0 0 0 136833.6919 465284.8577 481355.2386 470288.1545 458954.2876 466540.8585 442070.4388 435402.3478 490983.4847 461497.0965 461497.1101 457677.7689 435402.3882 438081.8019 465285.095 467793.3924 453826.2252 423135.0068 482569.359 467793.276 451240.1865 440744.7526 411923.978 141044.9342 0 0 0 0 0 0 0 0 
0 0 0 0 0 0 0 0 376292.6493 477694.6658 486193.1245 457677.6341 462763.1297 442070.4363 486193.2756 478918.1806 452535.1683 448639.5192 442070.5254 482569.5007 461497.153 447333.4557 472770.1004 451240.3485 444709.7372 448639.4902 475238.8112 457677.6714 448639.384 466540.774 449941.5848 373169.8428 0 0 0 0 0 0 0 0 
0 0 0 0 0 0 0 164057.8371 461496.8676 476468.2712 472769.9258 470288.226 475238.7888 470288.2881 440744.9478 431352.0646 474006.1121 487395.3291 475238.9302 461497.1696 443392.1551 477694.9555 428630.5954 474006.111 482569.4783 496906.3232 460227.4885 451240.2871 453826.1713 460227.3704 480138.1641 487395.0195 164057.8261 0 0 0 0 0 0 0 
0 0 0 0 0 0 0 353854.6802 413341.9733 471530.6653 474005.9546 458954.3277 442070.4619 484988.365 451240.3559 464025.9311 453826.3243 444709.8168 483780.5001 453826.3525 487395.3749 432706.4525 457677.8326 451240.4027 469042.5703 436744.1707 456397.5384 452535.1163 453826.1903 493361.0443 457677.5939 461496.904 343790.4007 0 0 0 0 0 0 0 
0 0 0 0 0 0 0 416163.429 443391.8961 457677.6161 457677.6596 448639.4568 472770.0533 478918.1927 447333.4609 456397.5952 461497.1948 461497.206 451240.4446 436744.247 449941.9133 453826.3632 482569.5577 461497.1954 431352.0959 469042.564 460227.5307 442070.479 449941.7472 478918.0838 458954.2595 458954.2107 413341.9605 0 0 0 0 0 0 0 
0 0 0 0 0 0 145134.0403 435402.157 444709.5676 469042.3947 467793.32 416163.6165 499255.7654 466540.9704 488594.3377 486193.3858 452535.2454 455113.8271 447333.5385 466541.0663 425891.7806 461497.2323 458954.5178 470288.4168 438081.8721 436744.1923 457677.7832 446023.5088 465285.069 434056.3913 428630.4295 449941.6241 486193.0586 113456.5004 0 0 0 0 0 0 
0 0 0 0 0 0 232012.8125 464025.6517 442070.3263 462763.0986 461497.0381 478918.1499 449941.8061 421750.0287 470288.3914 474006.1649 478918.2941 464026.0008 449941.9277 499255.9155 436744.2762 461497.2397 495727.5466 456397.6436 435402.4639 474006.1368 469042.5571 443392.0838 444709.7115 443392.0113 476468.3355 439415.2252 455113.4928 216353.0573 0 0 0 0 0 0 
0 0 0 0 0 0 241890.0745 465284.888 452534.9881 413342.0695 435402.3153 434056.438 452535.159 444709.7828 449941.8714 447333.5098 453826.3706 472770.1975 438081.9332 492173.9174 434056.5941 434056.5924 453826.3863 461497.2171 448639.5948 455113.7848 486193.3521 470288.3298 455113.6873 472769.9979 470288.2043 446023.3515 462762.9972 237002.899 0 0 0 0 0 0 
0 0 0 0 0 0 258267.9244 476468.2292 462763.055 421749.8866 457677.6886 456397.5121 475238.8728 467793.4455 452535.2133 461497.1989 436744.2521 417567.3609 477695.0301 457677.8946 472770.2109 469042.6591 465285.2373 443392.187 436744.2339 466541.0133 448639.5515 456397.5464 462763.1934 453826.1939 482569.3333 451240.1749 457677.543 273667.384 0 0 0 0 0 0 
0 0 0 0 0 0 229477.0687 461496.8869 446023.3459 453826.1404 482569.378 474006.0358 469042.5224 434056.4971 409073.5227 465285.1966 464025.9875 453826.3787 423135.1745 439415.5172 442070.6199 439415.5132 435402.491 471530.9347 465285.2005 457677.8213 462763.2579 440744.9439 453826.2271 486193.2313 458954.2922 472769.8935 444709.5232 237002.9034 0 0 0 0 0 0 
0 0 0 0 0 0 149111.0517 467793.1709 464025.7002 444709.6219 428630.4679 456397.4971 452535.148 456397.5608 448639.5603 453826.3397 469042.6202 466541.0574 442070.6115 486193.4395 432706.4802 440745.0549 467793.5208 469042.6184 455113.7966 434056.5126 442070.516 460227.5118 427263.2656 436744.0688 451240.2109 447333.2485 461496.8768 145134.0487 0 0 0 0 0 0 
0 0 0 0 0 0 0 443391.8437 466540.7445 447333.2755 469042.4237 455113.6619 467793.3847 476468.4767 435402.4203 442070.5528 406202.8178 458954.5062 461497.2121 428630.6526 466541.052 467793.5088 462763.3202 460227.5972 480138.4269 453826.3056 438081.8158 438081.7854 451240.2819 478918.0845 488594.1239 435402.1958 451240.0932 0 0 0 0 0 0 0 
0 0 0 0 0 0 0 300177.6898 435402.1707 436743.9958 446023.4081 489790.2814 443392.0401 443392.0819 471530.853 429993.4968 453826.3226 467793.4892 472770.159 446023.6006 465285.2016 453826.3491 466541.0201 467793.464 457677.8053 453826.281 452535.1462 460227.4747 464025.8072 462763.1013 449941.6455 478917.97 328115.6693 0 0 0 0 0 0 0 
0 0 0 0 0 0 0 190464.4263 456397.3062 442070.3077 453826.1328 508544.9401 469042.4604 436744.1201 452535.1564 488594.2949 469042.5752 478918.2355 499255.8506 472770.1404 414755.3717 453826.3199 453826.3031 460227.5539 425891.6842 439415.3938 442070.4661 427263.2489 447333.3212 453826.1292 467793.2167 398935.3532 184217.9837 0 0 0 0 0 0 0 
0 0 0 0 0 0 0 0 353854.68 446023.316 443391.9229 467793.2802 469042.4467 460227.4586 442070.4624 421749.9972 449941.8169 423135.0831 453826.2863 462763.2638 472770.1148 428630.5894 440744.9664 457677.7754 457677.7521 486193.2802 461497.0596 451240.2608 456397.4143 469042.348 469042.3049 377844.3822 0 0 0 0 0 0 0 0 
0 0 0 0 0 0 0 0 136833.6924 435402.161 448639.2971 444709.592 483780.2911 475238.765 470288.2561 449941.7612 449941.7841 434056.4561 449941.8075 455113.7369 465285.1237 470288.3218 444709.7453 462763.2104 474006.029 465285.0452 447333.3332 464025.7656 429993.3011 483780.2243 447333.1885 156762.6831 0 0 0 0 0 0 0 0 
0 0 0 0 0 0 0 0 0 246680.4452 461496.8637 447333.2275 456397.3912 424515.476 457677.664 440744.8738 444709.6783 446023.4692 432706.3386 467793.373 442070.4558 428630.5197 460227.4691 467793.3494 446023.4472 444709.6475 465284.9886 469042.363 427263.12 472769.827 260523.597 0 0 0 0 0 0 0 0 0 
0 0 0 0 0 0 0 0 0 0 255992.3824 442070.2588 432706.1875 480138.1744 476468.3094 448639.4087 452535.0537 458954.3322 438081.7346 472770.0023 460227.4194 461497.0341 474005.9884 442070.4227 475238.745 447333.2874 472769.9101 484988.1634 469042.268 277910.5487 0 0 0 0 0 0 0 0 0 0 
0 0 0 0 0 0 0 0 0 0 0 226912.9901 418965.9327 480138.1318 487395.0841 458954.2608 451240.1998 449941.6674 427263.2006 484988.2469 471530.7043 460227.4089 446023.3861 477694.7491 431351.8869 452534.9769 448639.2868 446023.2911 249041.0867 0 0 0 0 0 0 0 0 0 0 0 
0 0 0 0 0 0 0 0 0 0 0 0 102625.279 347177.583 455113.4823 469042.3065 476468.2579 439415.223 452534.9985 457677.5853 446023.3473 462763.045 474005.8723 465284.9251 471530.6272 451240.126 371598.5885 149111.0605 0 0 0 0 0 0 0 0 0 0 0 0 
0 0 0 0 0 0 0 0 0 0 0 0 0 0 208081.6901 355504.3432 404759.5216 488594.0188 446023.2795 447333.2215 487395.0157 467793.1696 448639.2689 425891.4424 320903.4604 171042.1022 0 0 0 0 0 0 0 0 0 0 0 0 0 0 
0 0 0 0 0 0 0 0 0 0 0 0 0 0 0 0 0 127996.2158 221695.9149 282089.8975 251379.5329 216353.0638 160451.721 0 0 0 0 0 0 0 0 0 0 0 0 0 0 0 0 0 
0 0 0 0 0 0 0 0 0 0 0 0 0 0 0 0 0 0 0 0 0 0 0 0 0 0 0 0 0 0 0 0 0 0 0 0 0 0 0 0 
0 0 0 0 0 0 0 0 0 0 0 0 0 0 0 0 0 0 0 0 0 0 0 0 0 0 0 0 0 0 0 0 0 0 0 0 0 0 0 0 
0 0 0 0 0 0 0 0 0 0 0 0 0 0 0 0 0 0 0 0 0 0 0 0 0 0 0 0 0 0 0 0 0 0 0 0 0 0 0 0 
0 0 0 0 0 0 0 0 0 0 0 0 0 0 0 0 0 0 0 0 0 0 0 0 0 0 0 0 0 0 0 0 0 0 0 0 0 0 0 0 
0 0 0 0 0 0 0 0 0 0 0 0 0 0 0 0 0 0 0 0 0 0 0 0 0 0 0 0 0 0 0 0 0 0 0 0 0 0 0 0 
0 0 0 0 0 0 0 0 0 0 0 0 0 0 0 0 0 0 0 0 0 0 0 0 0 0 0 0 0 0 0 0 0 0 0 0 0 0 0 0 
# Events [psd_source/PSD_source.dat] N:
0 0 0 0 0 0 0 0 0 0 0 0 0 0 0 0 0 0 0 0 0 0 0 0 0 0 0 0 0 0 0 0 0 0 0 0 0 0 0 0 
0 0 0 0 0 0 0 0 0 0 0 0 0 0 0 0 0 0 0 0 0 0 0 0 0 0 0 0 0 0 0 0 0 0 0 0 0 0 0 0 
0 0 0 0 0 0 0 0 0 0 0 0 0 0 0 0 0 0 0 0 0 0 0 0 0 0 0 0 0 0 0 0 0 0 0 0 0 0 0 0 
0 0 0 0 0 0 0 0 0 0 0 0 0 0 0 0 0 0 0 0 0 0 0 0 0 0 0 0 0 0 0 0 0 0 0 0 0 0 0 0 
0 0 0 0 0 0 0 0 0 0 0 0 0 0 0 0 0 0 0 0 0 0 0 0 0 0 0 0 0 0 0 0 0 0 0 0 0 0 0 0 
0 0 0 0 0 0 0 0 0 0 0 0 0 0 0 0 0 0 0 0 0 0 0 0 0 0 0 0 0 0 0 0 0 0 0 0 0 0 0 0 
0 0 0 0 0 0 0 0 0 0 0 0 0 0 0 0 0 16 40 47 55 55 13 0 0 0 0 0 0 0 0 0 0 0 0 0 0 0 0 0 
0 0 0 0 0 0 0 0 0 0 0 0 0 0 32 98 154 191 169 166 171 195 191 168 108 23 0 0 0 0 0 0 0 0 0 0 0 0 0 0 
0 0 0 0 0 0 0 0 0 0 0 0 17 102 184 171 181 190 175 169 185 188 173 185 194 160 89 11 0 0 0 0 0 0 0 0 0 0 0 0 
0 0 0 0 0 0 0 0 0 0 0 50 151 180 169 161 183 180 164 180 181 164 198 198 191 169 181 153 56 0 0 0 0 0 0 0 0 0 0 0 
0 0 0 0 0 0 0 0 0 0 62 171 181 194 183 174 186 190 178 184 184 183 173 184 196 200 183 178 172 58 0 0 0 0 0 0 0 0 0 0 
0 0 0 0 0 0 0 0 0 46 174 159 204 186 171 165 181 190 205 163 195 193 164 171 198 192 180 198 197 153 62 0 0 0 0 0 0 0 0 0 
0 0 0 0 0 0 0 0 16 185 198 189 180 186 167 162 206 182 182 179 162 164 185 187 176 153 199 187 174 166 145 17 0 0 0 0 0 0 0 0 
0 0 0 0 0 0 0 0 121 195 202 179 183 167 202 196 175 172 167 199 182 171 191 174 169 172 193 179 172 186 173 119 0 0 0 0 0 0 0 0 
0 0 0 0 0 0 0 23 182 194 191 189 193 189 166 159 192 203 193 182 168 195 157 192 199 211 181 174 176 181 197 203 23 0 0 0 0 0 0 0 
0 0 0 0 0 0 0 107 146 190 192 180 167 201 174 184 176 169 200 176 203 160 179 174 188 163 178 175 176 208 179 182 101 0 0 0 0 0 0 0 
0 0 0 0 0 0 0 148 168 179 179 172 191 196 171 178 182 182 174 163 173 176 199 182 159 188 181 167 173 196 180 180 146 0 0 0 0 0 0 0 
0 0 0 0 0 0 18 162 169 188 187 148 213 186 204 202 175 177 171 186 155 182 180 189 164 163 179 170 185 161 157 173 202 11 0 0 0 0 0 0 
0 0 0 0 0 0 46 184 167 183 182 196 173 152 189 192 196 184 173 213 163 182 210 178 162 192 188 168 169 168 194 165 177 40 0 0 0 0 0 0 
0 0 0 0 0 0 50 185 175 146 162 161 175 169 173 171 176 191 164 207 161 161 176 182 172 177 202 189 177 191 189 170 183 48 0 0 0 0 0 0 
0 0 0 0 0 0 57 194 183 152 179 178 193 187 175 182 163 149 195 179 191 188 185 168 163 186 172 178 183 176 199 174 179 64 0 0 0 0 0 0 
0 0 0 0 0 0 45 182 170 176 199 192 188 161 143 185 184 176 153 165 167 165 162 190 185 179 183 166 176 202 180 191 169 48 0 0 0 0 0 0 
0 0 0 0 0 0 19 187 184 169 157 178 175 178 172 176 188 186 167 202 160 166 187 188 177 161 167 181 156 163 174 171 182 18 0 0 0 0 0 0 
0 0 0 0 0 0 0 168 186 171 188 177 187 194 162 167 141 180 182 157 186 187 183 181 197 176 164 164 174 196 204 162 174 0 0 0 0 0 0 0 
0 0 0 0 0 0 0 77 162 163 170 205 168 168 190 158 176 187 191 170 185 176 186 187 179 176 175 181 184 183 173 196 92 0 0 0 0 0 0 0 
0 0 0 0 0 0 0 31 178 167 176 221 188 163 175 204 188 196 213 191 147 176 176 181 155 165 167 156 171 176 187 136 29 0 0 0 0 0 0 0 
0 0 0 0 0 0 0 0 107 170 168 187 188 181 167 152 173 153 176 183 191 157 166 179 179 202 182 174 178 188 188 122 0 0 0 0 0 0 0 0 
0 0 0 0 0 0 0 0 16 162 172 169 200 193 189 173 173 161 173 177 185 189 169 183 192 185 171 184 158 200 171 21 0 0 0 0 0 0 0 0 
0 0 0 0 0 0 0 0 0 52 182 171 178 154 179 166 169 170 160 187 167 157 181 187 170 169 185 188 156 191 58 0 0 0 0 0 0 0 0 0 
0 0 0 0 0 0 0 0 0 0 56 167 160 197 194 172 175 180 164 191 181 182 192 167 193 171 191 201 188 66 0 0 0 0 0 0 0 0 0 0 
0 0 0 0 0 0 0 0 0 0 0 44 150 197 203 180 174 173 156 201 190 181 170 195 159 175 172 170 53 0 0 0 0 0 0 0 0 0 0 0 
0 0 0 0 0 0 0 0 0 0 0 0 9 103 177 188 194 165 175 179 170 183 192 185 190 174 118 19 0 0 0 0 0 0 0 0 0 0 0 0 
0 0 0 0 0 0 0 0 0 0 0 0 0 0 37 108 140 204 170 171 203 187 172 155 88 25 0 0 0 0 0 0 0 0 0 0 0 0 0 0 
0 0 0 0 0 0 0 0 0 0 0 0 0 0 0 0 0 14 42 68 54 40 22 0 0 0 0 0 0 0 0 0 0 0 0 0 0 0 0 0 
0 0 0 0 0 0 0 0 0 0 0 0 0 0 0 0 0 0 0 0 0 0 0 0 0 0 0 0 0 0 0 0 0 0 0 0 0 0 0 0 
0 0 0 0 0 0 0 0 0 0 0 0 0 0 0 0 0 0 0 0 0 0 0 0 0 0 0 0 0 0 0 0 0 0 0 0 0 0 0 0 
0 0 0 0 0 0 0 0 0 0 0 0 0 0 0 0 0 0 0 0 0 0 0 0 0 0 0 0 0 0 0 0 0 0 0 0 0 0 0 0 
0 0 0 0 0 0 0 0 0 0 0 0 0 0 0 0 0 0 0 0 0 0 0 0 0 0 0 0 0 0 0 0 0 0 0 0 0 0 0 0 
0 0 0 0 0 0 0 0 0 0 0 0 0 0 0 0 0 0 0 0 0 0 0 0 0 0 0 0 0 0 0 0 0 0 0 0 0 0 0 0 
0 0 0 0 0 0 0 0 0 0 0 0 0 0 0 0 0 0 0 0 0 0 0 0 0 0 0 0 0 0 0 0 0 0 0 0 0 0 0 0 
