# Format: McCode with text headers
# URL: http://www.mccode.org
# Creator: McStas 2.4.1 - Jun. 26, 2017
# Instrument: MAGiC_elearning.instr
# Ncount: 2500000
# Trace: no
# Gravitation: no
# Seed: 1563293067
# Directory: MAGiC_HR/20
# Nodes: 40
# Param: spectrum=0
# Param: high_res=1
# Param: coll_set=0.3
# Param: sample_rot=200
# Date: Tue Jul 16 10:34:23 2019 (1563266063)
# type: array_1d(101)
# Source: MAGiC_half_polarized (MAGiC_elearning.instr)
# component: L_out
# position: -0.034 -0.674259 159.42
# title: Wavelength monitor
# Ncount: 100000000
# filename: L_out.txt
# statistics: X0=1.4341; dX=0.352709;
# signal: Min=0; Max=2.39803e+07; Mean=4.29699e+06;
# values: 4.33996e+08 1.12645e+06 291770
# xvar: L
# yvar: (I,I_err)
# xlabel: Wavelength [AA]
# ylabel: Intensity
# xlimits: 0.2 6
# variables: L I I_err N
0.2287128713 0 0 0 
0.2861386139 0 0 0 
0.3435643564 2.687272646e-130 2.872813544e-130 7 
0.400990099 5.11087993e-18 2.198491196e-18 1251 
0.4584158416 348.2776843 97.34190398 5540 
0.5158415842 62250.84277 4171.479979 9774 
0.5732673267 329281.5541 12170.69863 10071 
0.6306930693 1062776.599 26010.51347 10053 
0.6881188119 2351802.688 47817.43974 10202 
0.7455445545 4266978.804 78749.9448 10147 
0.802970297 6792333.96 116967.7234 10103 
0.8603960396 9643557.044 158144.4583 9888 
0.9178217822 12714917.75 198249.7455 10238 
0.9752475248 15998601.31 237490.0583 10030 
1.032673267 18536649.03 265513.8067 9971 
1.09009901 20694995.22 285968.2057 10109 
1.147524752 22544999.53 301531.3031 10167 
1.204950495 23786083.81 307978.4508 10153 
1.262376238 23301625.36 301116.9157 9834 
1.31980198 23822499.8 297978.7744 9913 
1.377227723 23980332.47 291418.2725 10060 
1.434653465 23568839.63 280294.9952 10096 
1.492079208 22905790.63 267107.3228 10056 
1.54950495 21783689.11 251048.5345 9893 
1.606930693 21019123.56 236918.9518 10107 
1.664356436 20229662.36 223550.9314 10032 
1.721782178 19117314.9 208033.1598 10104 
1.779207921 18133507.98 194094.3015 10082 
1.836633663 16776622.72 178341.7391 9980 
1.894059406 15614298.87 164572.2003 9907 
1.951485149 14845069.12 153179.0597 10116 
2.008910891 13439936.96 139154.0689 9892 
2.066336634 10783000.75 120367.9258 8262 
2.123762376 5044865.397 76643.93045 4560 
2.181188119 844426.7006 26458.13254 1172 
2.238613861 0 0 0 
2.296039604 0 0 0 
2.353465347 0 0 0 
2.410891089 0 0 0 
2.468316832 0 0 0 
2.525742574 0 0 0 
2.583168317 0 0 0 
2.640594059 0 0 0 
2.698019802 0 0 0 
2.755445545 0 0 0 
2.812871287 0 0 0 
2.87029703 0 0 0 
2.927722772 0 0 0 
2.985148515 0 0 0 
3.042574257 0 0 0 
3.1 0 0 0 
3.157425743 0 0 0 
3.214851485 0 0 0 
3.272277228 0 0 0 
3.32970297 0 0 0 
3.387128713 0 0 0 
3.444554455 0 0 0 
3.501980198 0 0 0 
3.559405941 0 0 0 
3.616831683 0 0 0 
3.674257426 0 0 0 
3.731683168 0 0 0 
3.789108911 0 0 0 
3.846534653 0 0 0 
3.903960396 0 0 0 
3.961386139 0 0 0 
4.018811881 0 0 0 
4.076237624 0 0 0 
4.133663366 0 0 0 
4.191089109 0 0 0 
4.248514851 0 0 0 
4.305940594 0 0 0 
4.363366337 0 0 0 
4.420792079 0 0 0 
4.478217822 0 0 0 
4.535643564 0 0 0 
4.593069307 0 0 0 
4.65049505 0 0 0 
4.707920792 0 0 0 
4.765346535 0 0 0 
4.822772277 0 0 0 
4.88019802 0 0 0 
4.937623762 0 0 0 
4.995049505 0 0 0 
5.052475248 0 0 0 
5.10990099 0 0 0 
5.167326733 0 0 0 
5.224752475 0 0 0 
5.282178218 0 0 0 
5.33960396 0 0 0 
5.397029703 0 0 0 
5.454455446 0 0 0 
5.511881188 0 0 0 
5.569306931 0 0 0 
5.626732673 0 0 0 
5.684158416 0 0 0 
5.741584158 0 0 0 
5.799009901 0 0 0 
5.856435644 0 0 0 
5.913861386 0 0 0 
5.971287129 0 0 0 
