# Format: McCode with text headers
# URL: http://www.mccode.org
# Creator: McStas 2.5 - Dec. 12, 2018
# Instrument: ESS_HEIMDAL.instr
# Ncount: 250000
# Trace: no
# Gravitation: no
# Seed: 1565866562
# Directory: TauScan/25
# Nodes: 4
# Param: lmax=4
# Param: lmin=0.5
# Param: T=200
# Param: tau=250
# Param: use_CoFe2O4=1
# Param: use_CoFe=1
# Param: use_magn=1
# Date: Wed Aug 14 15:26:33 2019 (1565789193)
# type: array_2d(40, 40)
# Source: ESS_HEIMDAL (ESS_HEIMDAL.instr)
# component: psd_source
# position: 0 0 0.01
# title: PSD monitor
# Ncount: 1000000
# filename: PSD_source.dat
# statistics: X0=-0.004887; dX=5.00836; Y0=-0.0057285; dY=5.0027;
# signal: Min=0; Max=6.53381e+06; Mean=2.13803e+06;
# values: 3.42084e+09 3.42084e+06 1e+06
# xvar: X 
# yvar: Y 
# xlabel: X position [cm]
# ylabel: Y position [cm]
# zvar: I
# zlabel: Signal per bin
# xylimits: -15 15 -15 15
# variables: I I_err N
# Data [psd_source/PSD_source.dat] I:
0 0 0 0 0 0 0 0 0 0 0 0 0 0 0 0 0 0 0 0 0 0 0 0 0 0 0 0 0 0 0 0 0 0 0 0 0 0 0 0 
0 0 0 0 0 0 0 0 0 0 0 0 0 0 0 0 0 0 0 0 0 0 0 0 0 0 0 0 0 0 0 0 0 0 0 0 0 0 0 0 
0 0 0 0 0 0 0 0 0 0 0 0 0 0 0 0 0 0 0 0 0 0 0 0 0 0 0 0 0 0 0 0 0 0 0 0 0 0 0 0 
0 0 0 0 0 0 0 0 0 0 0 0 0 0 0 0 0 0 0 0 0 0 0 0 0 0 0 0 0 0 0 0 0 0 0 0 0 0 0 0 
0 0 0 0 0 0 0 0 0 0 0 0 0 0 0 0 0 0 0 0 0 0 0 0 0 0 0 0 0 0 0 0 0 0 0 0 0 0 0 0 
0 0 0 0 0 0 0 0 0 0 0 0 0 0 0 0 0 0 0 0 0 0 0 0 0 0 0 0 0 0 0 0 0 0 0 0 0 0 0 0 
0 0 0 0 0 0 0 0 0 0 0 0 0 0 0 0 0 543913.9084 1515433.077 1919092.476 1956721.704 1522274.795 523388.8482 0 0 0 0 0 0 0 0 0 0 0 0 0 0 0 0 0 
0 0 0 0 0 0 0 0 0 0 0 0 0 0 930469.098 3434525.622 5192838.702 6143833.062 6208829.056 6030945.357 6085678.845 6294350.126 6130149.614 5151788.576 3643196.981 909944.0487 0 0 0 0 0 0 0 0 0 0 0 0 0 0 
0 0 0 0 0 0 0 0 0 0 0 0 516547.1746 3975018.775 5938582.423 6160937.538 6345663.389 6133571.236 5866745.555 6054892.042 6273825.976 6017262.665 6249879.818 6266983.952 5853061.614 6013841.027 3834764.216 502863.8029 0 0 0 0 0 0 0 0 0 0 0 0 
0 0 0 0 0 0 0 0 0 0 0 1795942.187 5757277.661 5890690.972 6054891.709 6208829.973 5911216.92 6133571.772 6270405.779 6349085.127 6071996.903 6232776.417 6054892.421 5736753.926 6297771.904 5976212.361 6150675.019 5808590.395 1734367.027 0 0 0 0 0 0 0 0 0 0 0 
0 0 0 0 0 0 0 0 0 0 2322751.855 6123307.927 6331979.868 6085679.635 6147255.17 6174622.164 6253301.802 6123309.97 6010422.246 6314877.467 6065155.738 5948847.077 6000159.554 6082259.656 5955688.253 6143834.25 5900954.111 5959108.026 6037786.946 2192759.892 0 0 0 0 0 0 0 0 0 0 
0 0 0 0 0 0 0 0 0 1768575.433 5986474.254 6355925.774 6304613.642 5829116.877 6174622.416 5979634.701 6232777.277 5962530.817 5846222.246 6143835.812 6041210.424 6266986.123 6246460.862 6246460.701 5996738.81 6311456.145 6044629.981 6260142.699 6249879.719 6201987.4 1642004.298 0 0 0 0 0 0 0 0 0 
0 0 0 0 0 0 0 0 615751.6161 5719648.428 6205408.644 6082258.809 6280668.295 6061734.674 6061735.101 6041210.329 6301194.725 6092523.41 6150677.877 6198569.782 6205411.413 6331982.604 6212252.943 6058314.798 6256723.46 6017264.123 6054892.961 6201988.841 6208830.078 6455130.179 5788065.276 571280.6639 0 0 0 0 0 0 0 0 
0 0 0 0 0 0 0 0 3930547.795 5853061.742 6130150.538 6092521.848 6236197.712 6007001.62 6208831.773 6277248.966 6157519.676 6236199.274 6164361.684 5716231.113 6201991.02 6102786.503 6201990.879 6048052.692 6160940.255 6092523.138 6157518.748 6533811.151 6314876.637 6095942.108 6109624.887 3851868.436 0 0 0 0 0 0 0 0 
0 0 0 0 0 0 0 1053619.405 6010420.112 6027525.043 6078838.268 6075417.967 5877009.53 5959110.176 6130152.763 6082261.252 6037790.496 6058315.755 6191728.808 6136995.36 5959111.407 6123311.92 6284091.491 6071998.955 6243040.948 6178044.584 6188306.727 6232777.295 6236197.58 6212251.185 6225933.902 5996736.779 821002.1414 0 0 0 0 0 0 0 
0 0 0 0 0 0 0 3246379.336 6191725.072 6065154.602 6167780.501 6051472.365 6013843.589 6037789.89 6260145.132 6085682.386 6164362.057 6308037.725 6157520.653 6102787.222 5794911.164 6051474.497 6338825.323 6164362.066 6184886.848 6270407.673 6201990.443 6270406.881 6171201.846 6123309.558 6136992.254 6219091.848 3280587.736 0 0 0 0 0 0 0 
0 0 0 0 0 0 0 5268097.202 6222512.948 5962529.562 6236197.608 6082260.196 6154098.417 6000160.861 5996740.386 6403821.165 6239620.884 6246462.748 6243042.061 5866749.159 6136995.892 6362771.638 6068578.813 6044632.72 6236199.797 6000161.201 5969373.261 6191727.689 6318298.408 6027526.204 6154096.766 6301192.322 4977325.635 0 0 0 0 0 0 0 
0 0 0 0 0 0 615751.5993 6167778.901 6256721.545 6308034.88 5983055.373 6143835.568 5962531.319 6212253.368 6034369.824 6109628.725 6215675.155 5931745.228 6181467.033 6154100.327 6331984.28 6054895.743 6030949.727 6000161.933 6263566.73 6236199.668 6058315.383 5904376.965 6048051.949 6277247.922 6290930.679 5914637.256 6219091.513 557597.2779 0 0 0 0 0 0 
0 0 0 0 0 0 1559904.053 6044628.686 5979633.391 6219093.091 6277248.042 5924901.692 6212253.071 6061736.355 6092524.318 6256725.168 6297775.563 6345667.586 6373034.477 6078841.844 6113050.3 6290934.198 5969374.614 6174625.134 6089103.785 6239620.65 6263566.166 6171202.939 6181464.983 6150676.838 6383293.567 6167779.743 5859903.176 1549641.527 0 0 0 0 0 0 
0 0 0 0 0 0 1915671.654 6400396.372 6048050.33 6181463.864 6164360.284 6058314.664 6102786.126 6133574.14 6287512.526 6089103.84 6284092.251 6266988.208 6020687.493 6123312.902 6048054.296 5753861.574 6010424.826 6017266.342 6181466.653 6160941.269 5948848.549 6082261.054 6030947.895 6048051.601 6078838.563 5948845.879 6082257.998 1895146.598 0 0 0 0 0 0 
0 0 0 0 0 0 1795942.174 6013841.161 6065154.528 6287510.007 6082260.029 6184885.876 5921481.372 6092524.018 6068578.461 6184887.489 6150679.295 6188308.768 5900957.903 5863328.666 5962533.173 6075421.007 6208833.843 6263567.174 6424346.646 6071999.313 6164361.736 6065156.83 6095943.957 6147256.044 6331980.972 5911216.596 6191724.982 1939617.554 0 0 0 0 0 0 
0 0 0 0 0 0 1570166.59 6201987.427 6089100.361 6290930.804 6359348.259 6427765.742 6277249.106 6071998.883 6123311.917 5962532.527 6331984.019 6208833.798 6229358.975 5907799.591 6072000.16 6119891.937 5989899.691 5853065.728 6205412.49 6113049.371 5979636.103 6017264.945 6304615.365 5962530.424 6198568.034 6304613.458 6212249.955 1621479.21 0 0 0 0 0 0 
0 0 0 0 0 0 571280.6476 6150674.67 6099362.744 5986475.631 6092522.379 6048051.94 6246461.388 6383295.617 6342245.87 6020686.778 6054895.438 6106208.324 6013845.617 6078841.735 5962532.998 6024108.154 6010424.654 6085683.048 6058316.066 6260145.589 5900956.551 5969373.029 5935164.105 5911217.649 6215672.111 6136992.046 6119887.08 526809.7014 0 0 0 0 0 0 
0 0 0 0 0 0 0 5032059.121 6058312.492 6198567.72 6246460.147 6352506.877 6420924.257 6201990.664 5986477.842 6099365.993 6273829.328 6130154.026 6424346.837 6106208.297 6373034.242 6003582.888 6116470.658 6287512.733 6164362.052 6048053.014 6048052.656 6352507.335 5976214.062 6434606.547 6082259.055 6143833.539 5233888.783 0 0 0 0 0 0 0 
0 0 0 0 0 0 0 3547413.445 6102783.196 6294351.093 6246459.889 5972792.994 6150677.335 6075419.17 5798331.155 6178045.179 6284091.634 6037790.978 6061737.03 6246462.731 6058316.215 6106207.988 6167783.13 6205412.192 6208832.808 5870168.913 5965952.174 6007001.889 5907796.968 6424343.738 6065154.615 5859903.376 3465313.222 0 0 0 0 0 0 0 
0 0 0 0 0 0 0 1063881.918 6068574.424 6099362.708 6195146.947 5969371.845 6338823.441 6027527.037 5719651.441 6082261.233 6071998.948 6034369.846 6078840.954 6191728.864 6219095.646 6174624.55 6140416.011 5952269.364 5996740.132 5866747.786 5962531.046 6379873.52 6010421.98 6171201.012 6140412.834 6044628.608 868893.9276 0 0 0 0 0 0 0 
0 0 0 0 0 0 0 0 3728718.092 6160937.485 6359347.047 6280668.204 5846221.562 6099364.396 6215673.511 6048052.416 6027527.603 5866748.087 5962531.881 5945427.713 6205411.92 6167782.535 5948848.399 6205411.489 5965952.115 6024106.245 6287510.825 6205410.097 6109626.013 6198567.428 5972791.172 3790293.3 0 0 0 0 0 0 0 0 
0 0 0 0 0 0 0 0 523388.8482 5760698.568 6085679.132 6184884.171 6054892.573 5904375.866 6051472.526 6167781.557 6048052.229 6253303.102 6191728.017 6181465.488 6034369.275 6136994.437 6290932.36 6119889.979 6140414.831 6030947.501 6359348.098 6119888.663 6160938.292 6373029.981 5623864.875 626014.1297 0 0 0 0 0 0 0 0 
0 0 0 0 0 0 0 0 0 1748050.403 6362766.948 6458551.091 6051471.308 6178042.909 6297772.752 6222514.562 6068576.813 5835959.652 5945426.712 6013843.706 6051472.896 6061735.415 6266985.953 6157518.801 6010422.254 6068576.212 6205409.575 5989896.135 6020683.207 5979632.578 1624900.079 0 0 0 0 0 0 0 0 0 
0 0 0 0 0 0 0 0 0 0 2226968.3 6075416.138 6355925.771 6082258.718 6106204.99 6010421.775 6359347.97 6215672.739 6065155.702 6113047.639 6195147.857 5986476.31 6390135.748 6133572.338 6246459.848 6198567.732 6123308.86 6034366.499 6089099.527 2329593.58 0 0 0 0 0 0 0 0 0 0 
0 0 0 0 0 0 0 0 0 0 0 1679633.567 6030945.069 6195145.918 6232775.597 6359347.027 5976212.937 6092521.731 6030946.691 6239618.247 6058313.513 5699124.934 5880429.475 6184884.308 6184884.065 6020683.353 6294350.362 5788065.285 1720683.628 0 0 0 0 0 0 0 0 0 0 0 
0 0 0 0 0 0 0 0 0 0 0 0 574701.4746 3769768.175 5938582.467 6263562.679 6109625.108 6167779.652 6078837.766 6345663.658 6208829.949 6089100.362 5883849.738 5894112.073 6314875.371 6010420.195 3821080.878 602068.2373 0 0 0 0 0 0 0 0 0 0 0 0 
0 0 0 0 0 0 0 0 0 0 0 0 0 0 889418.9674 3478996.562 5110738.484 5921478.181 6205408.373 5955686.845 5948845.069 6034366.252 6003578.554 5288622.252 3095862.24 940731.6142 0 0 0 0 0 0 0 0 0 0 0 0 0 0 
0 0 0 0 0 0 0 0 0 0 0 0 0 0 0 0 0 496022.1419 1580429.122 1884884.097 1936196.691 1491487.215 567859.7978 0 0 0 0 0 0 0 0 0 0 0 0 0 0 0 0 0 
0 0 0 0 0 0 0 0 0 0 0 0 0 0 0 0 0 0 0 0 0 0 0 0 0 0 0 0 0 0 0 0 0 0 0 0 0 0 0 0 
0 0 0 0 0 0 0 0 0 0 0 0 0 0 0 0 0 0 0 0 0 0 0 0 0 0 0 0 0 0 0 0 0 0 0 0 0 0 0 0 
0 0 0 0 0 0 0 0 0 0 0 0 0 0 0 0 0 0 0 0 0 0 0 0 0 0 0 0 0 0 0 0 0 0 0 0 0 0 0 0 
0 0 0 0 0 0 0 0 0 0 0 0 0 0 0 0 0 0 0 0 0 0 0 0 0 0 0 0 0 0 0 0 0 0 0 0 0 0 0 0 
0 0 0 0 0 0 0 0 0 0 0 0 0 0 0 0 0 0 0 0 0 0 0 0 0 0 0 0 0 0 0 0 0 0 0 0 0 0 0 0 
0 0 0 0 0 0 0 0 0 0 0 0 0 0 0 0 0 0 0 0 0 0 0 0 0 0 0 0 0 0 0 0 0 0 0 0 0 0 0 0 
# Errors [psd_source/PSD_source.dat] I_err:
0 0 0 0 0 0 0 0 0 0 0 0 0 0 0 0 0 0 0 0 0 0 0 0 0 0 0 0 0 0 0 0 0 0 0 0 0 0 0 0 
0 0 0 0 0 0 0 0 0 0 0 0 0 0 0 0 0 0 0 0 0 0 0 0 0 0 0 0 0 0 0 0 0 0 0 0 0 0 0 0 
0 0 0 0 0 0 0 0 0 0 0 0 0 0 0 0 0 0 0 0 0 0 0 0 0 0 0 0 0 0 0 0 0 0 0 0 0 0 0 0 
0 0 0 0 0 0 0 0 0 0 0 0 0 0 0 0 0 0 0 0 0 0 0 0 0 0 0 0 0 0 0 0 0 0 0 0 0 0 0 0 
0 0 0 0 0 0 0 0 0 0 0 0 0 0 0 0 0 0 0 0 0 0 0 0 0 0 0 0 0 0 0 0 0 0 0 0 0 0 0 0 
0 0 0 0 0 0 0 0 0 0 0 0 0 0 0 0 0 0 0 0 0 0 0 0 0 0 0 0 0 0 0 0 0 0 0 0 0 0 0 0 
0 0 0 0 0 0 0 0 0 0 0 0 0 0 0 0 0 43135.17876 72000.39832 81024.14783 81814.64455 72162.74602 42313.48048 0 0 0 0 0 0 0 0 0 0 0 0 0 0 0 0 0 
0 0 0 0 0 0 0 0 0 0 0 0 0 0 56417.97606 108392.6675 133281.2162 144972.7044 145737.5244 143634.6556 144284.9575 146737.7939 144811.173 132753.3673 111636.9209 55792.2493 0 0 0 0 0 0 0 0 0 0 0 0 0 0 
0 0 0 0 0 0 0 0 0 0 0 0 42036.01291 116610.0872 142530.5392 145174.3698 147334.7104 144851.5907 141665.8562 143919.5429 146498.3733 143471.6358 146218.523 146418.4645 141500.538 143430.8289 114534.3775 41475.50742 0 0 0 0 0 0 0 0 0 0 0 0 
0 0 0 0 0 0 0 0 0 0 0 78381.34303 140337.9464 141954.6641 143919.535 145737.546 142201.7783 144851.6033 146458.4434 147374.4387 144122.6911 146018.3248 143919.5519 140087.5985 146777.6847 142981.4078 145053.4081 140961.9534 77025.94382 0 0 0 0 0 0 0 0 0 0 0 
0 0 0 0 0 0 0 0 0 0 89139.03506 144730.3406 147175.7698 144284.9762 145013.0885 145335.5252 146258.5602 144730.3889 143390.0785 146976.8988 144041.4847 142653.6913 143267.6062 144244.4388 142735.6875 144972.7324 142078.2789 142776.6484 143716.102 86608.80852 0 0 0 0 0 0 0 0 0 0 
0 0 0 0 0 0 0 0 0 77781.85859 143104.106 147453.7976 146857.3914 141210.8177 145335.5311 143022.3598 146018.345 142817.6699 141417.8694 144972.7693 143756.8717 146418.5152 146178.5456 146178.5419 143226.7625 146937.0727 143797.5366 146338.53 146218.5206 145657.2068 74946.89948 0 0 0 0 0 0 0 0 0 
0 0 0 0 0 0 0 0 45895.4157 139878.5746 145697.381 144244.4187 146578.2455 144000.8529 144000.863 143756.8694 146817.589 144366.1075 145053.4755 145617.1068 145697.446 147175.8334 145777.7384 143960.2378 146298.5788 143471.6706 143919.5647 145657.2407 145737.5484 148600.084 140712.6821 44207.025 0 0 0 0 0 0 0 0 
0 0 0 0 0 0 0 0 115955.9577 141500.5411 144811.1948 144366.0705 146058.4008 143349.2725 145737.5882 146538.3575 145134.1306 146058.4374 145214.7458 139836.8249 145657.2918 144487.6581 145657.2885 143838.265 145174.4338 144366.101 145134.1087 149502.9954 146976.8795 144406.5805 144568.5481 114789.5226 0 0 0 0 0 0 0 0 
0 0 0 0 0 0 0 60035.5374 143390.0276 143593.9266 144203.8565 144163.2885 141789.743 142776.6999 144811.2474 144244.4766 143716.1865 143960.2606 145536.7388 144892.0562 142776.7294 144730.435 146618.2127 144122.7398 146138.5349 145375.8159 145496.5007 146018.3454 146058.3977 145777.6972 145938.1416 143226.714 52995.46034 0 0 0 0 0 0 0 
0 0 0 0 0 0 0 105381.9327 145536.651 144041.4577 145254.9851 143878.9096 143430.89 143716.172 146338.5869 144285.0415 145214.7546 146897.3034 145134.1536 144487.6752 140795.9231 143878.9603 147255.3474 145214.7548 145456.3032 146458.4876 145657.2783 146458.4691 145295.2728 144730.3791 144891.9828 145857.9252 105935.7031 0 0 0 0 0 0 0 
0 0 0 0 0 0 0 134243.5472 145898.0406 142817.6398 146058.3984 144244.4516 145093.8002 143267.6374 143226.8002 148008.369 146098.5097 146178.5898 146138.561 141665.9432 144892.0687 147533.2347 144082.1528 143797.6017 146058.4496 143267.6456 142899.6023 145536.7125 147016.7053 143593.9542 145093.7613 146817.533 130486.1923 0 0 0 0 0 0 0 
0 0 0 0 0 0 45895.41445 145254.9475 146298.534 146897.2372 143063.2601 144972.7635 142817.6819 145777.7484 143675.472 144568.6389 145817.902 142448.5205 145416.0961 145093.8452 147175.8723 143919.6309 143634.7597 143267.663 146378.5822 146058.4466 143960.2518 142119.5035 143838.2473 146538.3332 146697.9466 142242.9065 145857.9173 43674.38948 0 0 0 0 0 0 
0 0 0 0 0 0 73049.20018 143797.5058 143022.3284 145857.9543 146538.336 142366.3022 145777.7414 144000.8928 144366.129 146298.6188 146777.77 147334.8079 147652.1722 144203.9413 144609.1233 146698.0287 142899.6347 145335.5951 144325.6012 146098.5043 146378.5691 145295.2986 145416.0478 145053.451 147770.9272 145254.9673 141583.2114 72808.51026 0 0 0 0 0 0 
0 0 0 0 0 0 80951.90245 147968.7403 143838.2088 145416.0215 145214.7129 143960.2347 144487.6492 144851.6593 146658.1187 144325.6025 146618.2305 146418.5639 143512.5071 144730.4582 143838.3031 140296.3634 143390.14 143471.7235 145416.0871 145174.4577 142653.7266 144244.4719 143634.7161 143838.239 144203.8635 142653.6626 144244.3994 80517.06357 0 0 0 0 0 0 
0 0 0 0 0 0 78381.34244 143430.8321 144041.4559 146658.06 144244.4476 145456.2803 142325.2101 144366.1219 144082.1444 145456.3182 145053.509 145496.5486 142078.3702 141624.6437 142817.7263 144163.3607 145737.6368 146378.5926 148245.3817 144122.7483 145214.747 144041.5106 144406.6243 145013.1091 147175.7954 142201.7705 145536.6489 81456.28074 0 0 0 0 0 0 
0 0 0 0 0 0 73289.10016 145657.2075 144325.52 146697.9496 147493.5111 148284.8051 146538.3608 144122.7381 144730.4349 142817.7108 147175.8663 145737.6357 145978.3282 142160.7106 144122.7684 144690.0222 143145.0968 141500.6375 145697.4712 144609.1013 143022.3933 143471.6902 146857.4316 142817.6605 145617.0658 146857.3871 145777.6683 74477.00673 0 0 0 0 0 0 
0 0 0 0 0 0 44207.02374 145053.3999 144447.088 143104.1389 144366.0831 143838.2471 146178.5579 147770.9747 147295.0694 143512.4901 143919.6236 144528.171 143430.9383 144203.9387 142817.7221 143553.2676 143390.1359 144285.0572 143960.268 146338.5976 142078.3377 142899.5968 142489.5425 142201.7959 145817.8306 144891.9779 144689.9074 42451.53551 0 0 0 0 0 0 
0 0 0 0 0 0 0 131201.6808 143960.183 145617.0584 146178.5289 147414.1566 148205.8719 145657.2835 143104.1917 144447.165 146498.4516 144811.2773 148245.3861 144528.1704 147652.1668 143308.5001 144649.5675 146658.1236 145214.7545 143838.2726 143838.2641 147414.1672 142981.4485 148363.6806 144244.4245 144972.7156 133806.9817 0 0 0 0 0 0 0 
0 0 0 0 0 0 0 110159.6201 144487.5798 146737.8165 146178.5228 142940.5153 145053.4627 144163.3171 140837.4535 145375.8299 146618.2161 143716.1979 144000.9088 146178.5893 143960.2715 144528.163 145255.0471 145697.4643 145737.6125 141707.2129 142858.6452 143349.2789 142160.6475 148245.3146 144041.458 141583.2162 108877.4079 0 0 0 0 0 0 0 
0 0 0 0 0 0 0 60327.20894 144082.0486 144447.0872 145576.8732 142899.5684 147255.3037 143593.9741 139878.6483 144244.4762 144122.7396 143675.4725 144203.9202 145536.7401 145858.0142 145335.5814 144932.4284 142694.736 143226.7941 141665.9101 142817.6754 147731.3447 143390.0721 145295.2532 144932.3534 143797.5039 54519.25389 0 0 0 0 0 0 0 
0 0 0 0 0 0 0 0 112939.6145 145174.3685 147493.483 146578.2433 141417.8528 144447.1271 145817.8635 143838.2584 143593.9876 141665.9173 142817.6954 142612.7049 145697.4579 145255.033 142653.723 145697.4477 142858.6438 143553.2221 146658.079 145697.4151 144568.5747 145617.0515 142940.4717 113868.3264 0 0 0 0 0 0 0 0 
0 0 0 0 0 0 0 0 42313.48048 140379.6346 144284.9643 145456.2402 143919.5555 142119.477 143878.9135 145255.01 143838.254 146258.5906 145536.7202 145416.0597 143675.4589 144892.0344 146697.9859 144689.9759 144932.4005 143634.7067 147493.5074 144689.9448 145174.3875 147652.068 138702.3984 46276.29606 0 0 0 0 0 0 0 0 
0 0 0 0 0 0 0 0 0 77329.19706 147533.1259 148639.4551 143878.8845 145375.7765 146777.7045 145898.0785 144082.1053 141293.69 142612.6809 143430.8928 143878.9222 144000.8705 146418.5112 145134.11 143390.0787 144082.091 145697.4028 143145.0118 143512.405 143022.309 74555.52882 0 0 0 0 0 0 0 0 0 
0 0 0 0 0 0 0 0 0 0 87281.76919 144163.2451 147453.7975 144244.4165 144528.0921 143390.0673 147493.5044 145817.8454 144041.4838 144609.0603 145576.8946 143104.1551 147850.1087 144851.6167 146178.5219 145617.0587 144730.3627 143675.3928 144325.5003 89270.21995 0 0 0 0 0 0 0 0 0 0 
0 0 0 0 0 0 0 0 0 0 0 75800.80177 143634.6488 145576.849 146018.3056 147493.4825 142981.4216 144366.0677 143634.6874 146098.448 143960.2073 139627.409 141830.9812 145456.2434 145456.2377 143512.4085 146737.7994 140712.6823 76721.49092 0 0 0 0 0 0 0 0 0 0 0 
0 0 0 0 0 0 0 0 0 0 0 0 44339.18138 113559.598 142530.5403 146378.4876 144568.5533 145254.9652 144203.8445 147334.7167 145737.5454 144325.5201 141872.2151 141995.8823 146976.85 143390.0296 114329.8526 45382.60094 0 0 0 0 0 0 0 0 0 0 0 0 
0 0 0 0 0 0 0 0 0 0 0 0 0 0 55159.42278 109092.1556 132223.412 142325.1334 145697.3746 142735.6538 142653.6432 143675.387 143308.3967 134504.8062 102909.943 56728.25078 0 0 0 0 0 0 0 0 0 0 0 0 0 0 
0 0 0 0 0 0 0 0 0 0 0 0 0 0 0 0 0 41192.39679 73528.21719 80298.76221 81384.41721 71429.28295 44074.46806 0 0 0 0 0 0 0 0 0 0 0 0 0 0 0 0 0 
0 0 0 0 0 0 0 0 0 0 0 0 0 0 0 0 0 0 0 0 0 0 0 0 0 0 0 0 0 0 0 0 0 0 0 0 0 0 0 0 
0 0 0 0 0 0 0 0 0 0 0 0 0 0 0 0 0 0 0 0 0 0 0 0 0 0 0 0 0 0 0 0 0 0 0 0 0 0 0 0 
0 0 0 0 0 0 0 0 0 0 0 0 0 0 0 0 0 0 0 0 0 0 0 0 0 0 0 0 0 0 0 0 0 0 0 0 0 0 0 0 
0 0 0 0 0 0 0 0 0 0 0 0 0 0 0 0 0 0 0 0 0 0 0 0 0 0 0 0 0 0 0 0 0 0 0 0 0 0 0 0 
0 0 0 0 0 0 0 0 0 0 0 0 0 0 0 0 0 0 0 0 0 0 0 0 0 0 0 0 0 0 0 0 0 0 0 0 0 0 0 0 
0 0 0 0 0 0 0 0 0 0 0 0 0 0 0 0 0 0 0 0 0 0 0 0 0 0 0 0 0 0 0 0 0 0 0 0 0 0 0 0 
# Events [psd_source/PSD_source.dat] N:
0 0 0 0 0 0 0 0 0 0 0 0 0 0 0 0 0 0 0 0 0 0 0 0 0 0 0 0 0 0 0 0 0 0 0 0 0 0 0 0 
0 0 0 0 0 0 0 0 0 0 0 0 0 0 0 0 0 0 0 0 0 0 0 0 0 0 0 0 0 0 0 0 0 0 0 0 0 0 0 0 
0 0 0 0 0 0 0 0 0 0 0 0 0 0 0 0 0 0 0 0 0 0 0 0 0 0 0 0 0 0 0 0 0 0 0 0 0 0 0 0 
0 0 0 0 0 0 0 0 0 0 0 0 0 0 0 0 0 0 0 0 0 0 0 0 0 0 0 0 0 0 0 0 0 0 0 0 0 0 0 0 
0 0 0 0 0 0 0 0 0 0 0 0 0 0 0 0 0 0 0 0 0 0 0 0 0 0 0 0 0 0 0 0 0 0 0 0 0 0 0 0 
0 0 0 0 0 0 0 0 0 0 0 0 0 0 0 0 0 0 0 0 0 0 0 0 0 0 0 0 0 0 0 0 0 0 0 0 0 0 0 0 
0 0 0 0 0 0 0 0 0 0 0 0 0 0 0 0 0 159 443 561 572 445 153 0 0 0 0 0 0 0 0 0 0 0 0 0 0 0 0 0 
0 0 0 0 0 0 0 0 0 0 0 0 0 0 272 1004 1518 1796 1815 1763 1779 1840 1792 1506 1065 266 0 0 0 0 0 0 0 0 0 0 0 0 0 0 
0 0 0 0 0 0 0 0 0 0 0 0 151 1162 1736 1801 1855 1793 1715 1770 1834 1759 1827 1832 1711 1758 1121 147 0 0 0 0 0 0 0 0 0 0 0 0 
0 0 0 0 0 0 0 0 0 0 0 525 1683 1722 1770 1815 1728 1793 1833 1856 1775 1822 1770 1677 1841 1747 1798 1698 507 0 0 0 0 0 0 0 0 0 0 0 
0 0 0 0 0 0 0 0 0 0 679 1790 1851 1779 1797 1805 1828 1790 1757 1846 1773 1739 1754 1778 1741 1796 1725 1742 1765 641 0 0 0 0 0 0 0 0 0 0 
0 0 0 0 0 0 0 0 0 517 1750 1858 1843 1704 1805 1748 1822 1743 1709 1796 1766 1832 1826 1826 1753 1845 1767 1830 1827 1813 480 0 0 0 0 0 0 0 0 0 
0 0 0 0 0 0 0 0 180 1672 1814 1778 1836 1772 1772 1766 1842 1781 1798 1812 1814 1851 1816 1771 1829 1759 1770 1813 1815 1887 1692 167 0 0 0 0 0 0 0 0 
0 0 0 0 0 0 0 0 1149 1711 1792 1781 1823 1756 1815 1835 1800 1823 1802 1671 1813 1784 1813 1768 1801 1781 1800 1910 1846 1782 1786 1126 0 0 0 0 0 0 0 0 
0 0 0 0 0 0 0 308 1757 1762 1777 1776 1718 1742 1792 1778 1765 1771 1810 1794 1742 1790 1837 1775 1825 1806 1809 1822 1823 1816 1820 1753 240 0 0 0 0 0 0 0 
0 0 0 0 0 0 0 949 1810 1773 1803 1769 1758 1765 1830 1779 1802 1844 1800 1784 1694 1769 1853 1802 1808 1833 1813 1833 1804 1790 1794 1818 959 0 0 0 0 0 0 0 
0 0 0 0 0 0 0 1540 1819 1743 1823 1778 1799 1754 1753 1872 1824 1826 1825 1715 1794 1860 1774 1767 1823 1754 1745 1810 1847 1762 1799 1842 1455 0 0 0 0 0 0 0 
0 0 0 0 0 0 180 1803 1829 1844 1749 1796 1743 1816 1764 1786 1817 1734 1807 1799 1851 1770 1763 1754 1831 1823 1771 1726 1768 1835 1839 1729 1818 163 0 0 0 0 0 0 
0 0 0 0 0 0 456 1767 1748 1818 1835 1732 1816 1772 1781 1829 1841 1855 1863 1777 1787 1839 1745 1805 1780 1824 1831 1804 1807 1798 1866 1803 1713 453 0 0 0 0 0 0 
0 0 0 0 0 0 560 1871 1768 1807 1802 1771 1784 1793 1838 1780 1837 1832 1760 1790 1768 1682 1757 1759 1807 1801 1739 1778 1763 1768 1777 1739 1778 554 0 0 0 0 0 0 
0 0 0 0 0 0 525 1758 1773 1838 1778 1808 1731 1781 1774 1808 1798 1809 1725 1714 1743 1776 1815 1831 1878 1775 1802 1773 1782 1797 1851 1728 1810 567 0 0 0 0 0 0 
0 0 0 0 0 0 459 1813 1780 1839 1859 1879 1835 1775 1790 1743 1851 1815 1821 1727 1775 1789 1751 1711 1814 1787 1748 1759 1843 1743 1812 1843 1816 474 0 0 0 0 0 0 
0 0 0 0 0 0 167 1798 1783 1750 1781 1768 1826 1866 1854 1760 1770 1785 1758 1777 1743 1761 1757 1779 1771 1830 1725 1745 1735 1728 1817 1794 1789 154 0 0 0 0 0 0 
0 0 0 0 0 0 0 1471 1771 1812 1826 1857 1877 1813 1750 1783 1834 1792 1878 1785 1863 1755 1788 1838 1802 1768 1768 1857 1747 1881 1778 1796 1530 0 0 0 0 0 0 0 
0 0 0 0 0 0 0 1037 1784 1840 1826 1746 1798 1776 1695 1806 1837 1765 1772 1826 1771 1785 1803 1814 1815 1716 1744 1756 1727 1878 1773 1713 1013 0 0 0 0 0 0 0 
0 0 0 0 0 0 0 311 1774 1783 1811 1745 1853 1762 1672 1778 1775 1764 1777 1810 1818 1805 1795 1740 1753 1715 1743 1865 1757 1804 1795 1767 254 0 0 0 0 0 0 0 
0 0 0 0 0 0 0 0 1090 1801 1859 1836 1709 1783 1817 1768 1762 1715 1743 1738 1814 1803 1739 1814 1744 1761 1838 1814 1786 1812 1746 1108 0 0 0 0 0 0 0 0 
0 0 0 0 0 0 0 0 153 1684 1779 1808 1770 1726 1769 1803 1768 1828 1810 1807 1764 1794 1839 1789 1795 1763 1859 1789 1801 1863 1644 183 0 0 0 0 0 0 0 0 
0 0 0 0 0 0 0 0 0 511 1860 1888 1769 1806 1841 1819 1774 1706 1738 1758 1769 1772 1832 1800 1757 1774 1814 1751 1760 1748 475 0 0 0 0 0 0 0 0 0 
0 0 0 0 0 0 0 0 0 0 651 1776 1858 1778 1785 1757 1859 1817 1773 1787 1811 1750 1868 1793 1826 1812 1790 1764 1780 681 0 0 0 0 0 0 0 0 0 0 
0 0 0 0 0 0 0 0 0 0 0 491 1763 1811 1822 1859 1747 1781 1763 1824 1771 1666 1719 1808 1808 1760 1840 1692 503 0 0 0 0 0 0 0 0 0 0 0 
0 0 0 0 0 0 0 0 0 0 0 0 168 1102 1736 1831 1786 1803 1777 1855 1815 1780 1720 1723 1846 1757 1117 176 0 0 0 0 0 0 0 0 0 0 0 0 
0 0 0 0 0 0 0 0 0 0 0 0 0 0 260 1017 1494 1731 1814 1741 1739 1764 1755 1546 905 275 0 0 0 0 0 0 0 0 0 0 0 0 0 0 
0 0 0 0 0 0 0 0 0 0 0 0 0 0 0 0 0 145 462 551 566 436 166 0 0 0 0 0 0 0 0 0 0 0 0 0 0 0 0 0 
0 0 0 0 0 0 0 0 0 0 0 0 0 0 0 0 0 0 0 0 0 0 0 0 0 0 0 0 0 0 0 0 0 0 0 0 0 0 0 0 
0 0 0 0 0 0 0 0 0 0 0 0 0 0 0 0 0 0 0 0 0 0 0 0 0 0 0 0 0 0 0 0 0 0 0 0 0 0 0 0 
0 0 0 0 0 0 0 0 0 0 0 0 0 0 0 0 0 0 0 0 0 0 0 0 0 0 0 0 0 0 0 0 0 0 0 0 0 0 0 0 
0 0 0 0 0 0 0 0 0 0 0 0 0 0 0 0 0 0 0 0 0 0 0 0 0 0 0 0 0 0 0 0 0 0 0 0 0 0 0 0 
0 0 0 0 0 0 0 0 0 0 0 0 0 0 0 0 0 0 0 0 0 0 0 0 0 0 0 0 0 0 0 0 0 0 0 0 0 0 0 0 
0 0 0 0 0 0 0 0 0 0 0 0 0 0 0 0 0 0 0 0 0 0 0 0 0 0 0 0 0 0 0 0 0 0 0 0 0 0 0 0 
