# Format: McCode with text headers
# URL: http://www.mccode.org
# Creator: McStas 2.5 - Dec. 12, 2018
# Instrument: ESS_HEIMDAL.instr
# Ncount: 25000
# Trace: no
# Gravitation: no
# Seed: 1565850507
# Directory: TemperatureScan/10
# Nodes: 4
# Param: lmax=4
# Param: lmin=0.5
# Param: T=210
# Param: tau=0
# Param: use_CoFe2O4=1
# Param: use_CoFe=1
# Param: use_magn=1
# Date: Wed Aug 14 12:13:34 2019 (1565777614)
# type: array_2d(40, 40)
# Source: ESS_HEIMDAL (ESS_HEIMDAL.instr)
# component: psd_source
# position: 0 0 0.01
# title: PSD monitor
# Ncount: 100000
# filename: PSD_source.dat
# statistics: X0=-0.0146775; dX=5.00454; Y0=0.0121875; dY=4.99619;
# signal: Min=0; Max=7.52585e+06; Mean=2.13803e+06;
# values: 3.42084e+09 1.08177e+07 100000
# xvar: X 
# yvar: Y 
# xlabel: X position [cm]
# ylabel: Y position [cm]
# zvar: I
# zlabel: Signal per bin
# xylimits: -15 15 -15 15
# variables: I I_err N
# Data [psd_source/PSD_source.dat] I:
0 0 0 0 0 0 0 0 0 0 0 0 0 0 0 0 0 0 0 0 0 0 0 0 0 0 0 0 0 0 0 0 0 0 0 0 0 0 0 0 
0 0 0 0 0 0 0 0 0 0 0 0 0 0 0 0 0 0 0 0 0 0 0 0 0 0 0 0 0 0 0 0 0 0 0 0 0 0 0 0 
0 0 0 0 0 0 0 0 0 0 0 0 0 0 0 0 0 0 0 0 0 0 0 0 0 0 0 0 0 0 0 0 0 0 0 0 0 0 0 0 
0 0 0 0 0 0 0 0 0 0 0 0 0 0 0 0 0 0 0 0 0 0 0 0 0 0 0 0 0 0 0 0 0 0 0 0 0 0 0 0 
0 0 0 0 0 0 0 0 0 0 0 0 0 0 0 0 0 0 0 0 0 0 0 0 0 0 0 0 0 0 0 0 0 0 0 0 0 0 0 0 
0 0 0 0 0 0 0 0 0 0 0 0 0 0 0 0 0 0 0 0 0 0 0 0 0 0 0 0 0 0 0 0 0 0 0 0 0 0 0 0 
0 0 0 0 0 0 0 0 0 0 0 0 0 0 0 0 0 478917.8853 1128877.938 1915671.784 2531423.33 1436753.515 786793.7109 0 0 0 0 0 0 0 0 0 0 0 0 0 0 0 0 0 
0 0 0 0 0 0 0 0 0 0 0 0 0 0 684168.4101 3420842.257 5199680.376 6157516.322 5165472.335 5165472.068 6396975.454 5918057.388 5986474.199 5302305.986 3660301.035 1094669.528 0 0 0 0 0 0 0 0 0 0 0 0 0 0 
0 0 0 0 0 0 0 0 0 0 0 0 752585.327 3352425.566 6020682.627 5918057.725 5883849.593 5952266.472 5849641.39 5233889.714 6123309.045 5575973.949 5439139.978 6294350.624 6294350.187 5712807.059 4583928.646 547334.6971 0 0 0 0 0 0 0 0 0 0 0 0 
0 0 0 0 0 0 0 0 0 0 0 1881463.197 5165471.984 6294350.336 6396976.141 6225934.205 6875894.606 5781224.884 5986475.753 6396976.962 6089101.188 6089101.202 5507557.476 6465393.496 7115353.349 5644390.587 6739060.152 5062846.737 1334128.562 0 0 0 0 0 0 0 0 0 0 0 
0 0 0 0 0 0 0 0 0 0 2805090.712 6636434.302 6533809.651 6020683.354 6294351.245 5952267.342 6362768.941 5610183.405 6773270.557 5747017.391 6431185.961 6396977.783 5644392.103 5747017.143 6157517.979 5473349.075 6123308.923 5747015.893 5678598.58 2018296.932 0 0 0 0 0 0 0 0 0 0 
0 0 0 0 0 0 0 0 0 1744629.519 6431183.845 6054891.561 5747016.194 6260142.995 6362768.749 6054893.291 6739062.157 6089101.948 6602228.654 6568020.486 7183772.19 6020685.279 6465394.854 6568019.762 5404932.951 5712808.747 6089100.833 5781224.743 5883849.5 6431183.755 1881463.193 0 0 0 0 0 0 0 0 0 
0 0 0 0 0 0 0 0 581543.2012 5404930.77 5918057.9 5336515.077 6739061.293 5918059.296 5507558.414 5473350.291 6807479.612 6465395.318 5781226.837 6533812.481 6773271.501 5815435.165 5952268.816 5370725.036 5404933.573 5439141.46 5370724.216 5712808.16 6328559.53 6533809.656 6157516.152 547334.7606 0 0 0 0 0 0 0 0 
0 0 0 0 0 0 0 0 4207636.048 5370722.951 6773269.02 6602227.515 5712808.674 5610183.793 6191727.769 5233891.643 6704854.887 6499604.191 6225936.941 6294353.662 6362770.838 5815435.446 5952269.195 6328561.875 5678601.207 6568020.387 6362769.488 7115354.57 5849641.947 6020683.652 6191725.043 3112966.447 0 0 0 0 0 0 0 0 
0 0 0 0 0 0 0 1163086.338 6294350.007 6225933.956 5610182.964 5644391.68 6499602.986 5952268.625 6328561.672 6362770.449 5883852.486 5849644.169 6294354.137 5747019.082 6739064.046 6260145.786 5815435.902 5541768.115 5815435.397 5952268.872 5507558.77 5781225.942 5131265.197 6670644.046 6260142.374 6499600.565 855210.6062 0 0 0 0 0 0 0 
0 0 0 0 0 0 0 3078758.068 5918057.575 6191725.776 6123309.456 6294352.2 6089102.163 5541767.542 6020685.971 6020686.4 6362771.104 6225937.453 5986478.478 6568022.11 5439143.34 5815436.272 6499604.995 6739063.96 5781227.284 6533812.743 6396978.555 7046938.379 6499602.884 5952267.424 6704852.294 5883849.226 3147174.822 0 0 0 0 0 0 0 
0 0 0 0 0 0 0 5268097.188 5815432.632 7525854.85 6499602.608 6533811.595 6396978.329 5849643.69 6431187.667 7012731.464 5883853.009 6465396.917 5644394.135 6328563.182 6260146.271 6260146.264 5678602.539 6807481.097 6089103.504 6157520.016 5165474.899 6739062.75 6328560.971 5986476.063 6773269.401 5952266.382 4994429.834 0 0 0 0 0 0 0 
0 0 0 0 0 0 342084.2283 6020682.668 6773268.856 6157517.758 6328560.612 5678600.802 6362770.131 6431187.387 5610185.085 5473351.581 6328563.141 6533813.926 6191729.593 6465397.273 6602231.054 5883853.514 6328563.263 5131267.345 6807480.984 5712810.428 5404934.162 6396978.544 5952268.328 5986476.294 6533810.509 6191725.439 6499600.566 615751.5947 0 0 0 0 0 0 
0 0 0 0 0 0 1744629.533 6294350.18 5404931.729 5610182.991 6602228.191 6294352.832 6328561.833 5336517.327 6636438.636 6157520.654 6328563.19 6533814.035 6910107.141 6294355.113 5883853.692 6499605.712 6191729.506 6807481.452 5815436.179 6191728.828 7081148.056 5883852.046 6225935.993 5918059.482 5918058.852 5747016.045 5610181.695 1299920.053 0 0 0 0 0 0 
0 0 0 0 0 0 1915671.645 5883849.213 6225934.146 5849642.033 6089101.737 6499603.54 6533812.469 6225936.968 5781227.534 5302309.522 6396980.127 5952270.468 6704856.491 5918062.188 5199684.71 6739064.965 6260146.508 6328563.236 6191729.188 6739064.02 6978522.761 5815435.199 6123310.729 6225935.474 5575974.631 5952266.729 6396975.589 1915671.678 0 0 0 0 0 0 
0 0 0 0 0 0 1505170.596 5610181.743 6294351.02 6499602.28 5986476.362 5747017.89 6328561.844 6362770.718 5678602.188 6123312.285 5541768.894 6294355.007 6533814.278 6191729.804 5849645.265 5712811.434 5918062.003 5918061.839 5712810.934 6054895.114 6533812.951 6670646.293 5336516.563 6602228.271 6465393.835 5986475.164 5815432.306 1744629.547 0 0 0 0 0 0 
0 0 0 0 0 0 1368336.878 6636434.409 6294350.93 6260143.213 5712808.846 6568020.344 6602229.302 5781227.136 5575976.783 6875898.059 5952270.232 7046940.813 5610186.008 5747019.861 5918062.092 5986478.936 5849645.06 5883853.302 6123312.224 6054895.018 6089103.063 5747018.255 5883851.471 5473349.764 6328560.059 5747016.068 5439139.533 1128877.95 0 0 0 0 0 0 
0 0 0 0 0 0 478917.9253 7457436.539 5747015.849 6841686.412 5644391.826 6054893.633 5986477.196 5747018.603 6328562.503 6362771.174 6089103.834 5918061.895 6260146.457 6739064.84 6260146.493 6225938.042 6294354.744 6020686.896 5575976.899 5815435.835 6362770.591 6225936.321 6773270.907 6568019.662 6533810.51 6602226.669 6670642.761 513126.3431 0 0 0 0 0 0 
0 0 0 0 0 0 0 5062846.623 6773268.582 6328559.768 6670644.672 5268099.361 5747017.997 6054894.351 5883852.547 5918061.215 5986478.369 6054895.461 5849644.809 5849644.991 6294354.815 6157520.929 7423233.37 5849644.604 6431187.918 5781227.214 5507559.234 6123310.84 5439141.537 5918059.168 5439140.554 6602226.504 4857596.098 0 0 0 0 0 0 0 
0 0 0 0 0 0 0 3523467.561 5918057.621 6260142.568 6260143.329 5883851.119 6260144.404 6020685.756 6191728.181 6294353.868 6636438.651 6294354.282 6191729.167 5404934.831 6396979.891 5883853.147 5678602.216 5507559.863 6054894.791 5439142.473 5986477.165 6739062.422 5781225.692 5644391.487 6807477.603 5781224.031 3694509.693 0 0 0 0 0 0 0 
0 0 0 0 0 0 0 957835.8128 6533809.014 5849641.353 6020683.979 5541766.377 6910104.299 6499603.453 5644392.955 6875896.967 6841688.887 6396979.254 6773272.36 6191728.779 5986478.242 6089103.535 7149565.192 5815435.654 6465395.699 6260144.901 6875896.222 6396977.693 5952267.564 6123309.119 6020683.365 5952265.782 855210.5361 0 0 0 0 0 0 0 
0 0 0 0 0 0 0 0 3591884.49 6328558.919 5507557.029 5747016.67 6739061.694 6191727.026 6978521.716 6225936.253 5952269.099 5952269.182 6123311.523 5336517.283 6294353.912 6739063.654 5678601.769 5815435.272 6499603.897 6568020.517 5815434.355 6875895.482 6362768.521 6157517.217 6089099.655 4036593.969 0 0 0 0 0 0 0 0 
0 0 0 0 0 0 0 0 752585.3069 5507556.214 5815432.539 6123309.067 6191726.326 5952267.886 6294352.44 5986476.934 6294352.986 6465395.453 5541767.615 5952268.803 6636437.683 6499603.926 6704854.464 5747017.825 6533811.735 5883851.073 6020684.612 5678600.03 6191725.927 6225933.814 6362766.727 615751.6405 0 0 0 0 0 0 0 0 
0 0 0 0 0 0 0 0 0 1607795.857 5918057.475 5404931.467 5815432.966 6636435.743 6054892.783 6396977.518 6602228.666 6294352.783 5883851.668 5370725.055 6499603.33 5336516.676 5747017.519 5747017.602 5952267.977 6294352.144 6533810.58 5678599.367 6157516.822 6875893.503 1949880.107 0 0 0 0 0 0 0 0 0 
0 0 0 0 0 0 0 0 0 0 2086713.758 6123307.89 6499601.072 6499601.779 5541765.841 6157517.939 6431185.676 6636436.533 6533811.337 6807478.767 5986476.328 5849642.414 6123309.958 5747017.261 5986475.663 5268098.402 5883849.864 6191725.524 5404930.975 2052505.463 0 0 0 0 0 0 0 0 0 0 
0 0 0 0 0 0 0 0 0 0 0 1778837.924 5986474.228 6807476.646 6020683.334 5781224.374 6260142.86 5781224.902 5712808.171 6602227.56 6020684.229 6260143.465 6260143.201 4891805.664 6465393.235 5541765.247 6739060.019 5918057.252 1334128.381 0 0 0 0 0 0 0 0 0 0 0 
0 0 0 0 0 0 0 0 0 0 0 0 478917.8753 4344469.607 5815432.454 5610181.965 5918057.842 6602226.867 6157517.022 6602226.766 5781224.511 6225934.068 6465393.151 6841685.407 6020683.052 6225933.232 3865551.678 581543.1883 0 0 0 0 0 0 0 0 0 0 0 0 
0 0 0 0 0 0 0 0 0 0 0 0 0 0 923627.4395 2770882.415 4994429.812 6225933.258 5747015.071 6054891.325 5439139.469 6294350.281 6123308.026 5165471.974 3489259.123 1334128.542 0 0 0 0 0 0 0 0 0 0 0 0 0 0 
0 0 0 0 0 0 0 0 0 0 0 0 0 0 0 0 0 889419.0729 1505170.637 2497214.677 1334128.448 1710421.101 581543.172 0 0 0 0 0 0 0 0 0 0 0 0 0 0 0 0 0 
0 0 0 0 0 0 0 0 0 0 0 0 0 0 0 0 0 0 0 0 0 0 0 0 0 0 0 0 0 0 0 0 0 0 0 0 0 0 0 0 
0 0 0 0 0 0 0 0 0 0 0 0 0 0 0 0 0 0 0 0 0 0 0 0 0 0 0 0 0 0 0 0 0 0 0 0 0 0 0 0 
0 0 0 0 0 0 0 0 0 0 0 0 0 0 0 0 0 0 0 0 0 0 0 0 0 0 0 0 0 0 0 0 0 0 0 0 0 0 0 0 
0 0 0 0 0 0 0 0 0 0 0 0 0 0 0 0 0 0 0 0 0 0 0 0 0 0 0 0 0 0 0 0 0 0 0 0 0 0 0 0 
0 0 0 0 0 0 0 0 0 0 0 0 0 0 0 0 0 0 0 0 0 0 0 0 0 0 0 0 0 0 0 0 0 0 0 0 0 0 0 0 
0 0 0 0 0 0 0 0 0 0 0 0 0 0 0 0 0 0 0 0 0 0 0 0 0 0 0 0 0 0 0 0 0 0 0 0 0 0 0 0 
# Errors [psd_source/PSD_source.dat] I_err:
0 0 0 0 0 0 0 0 0 0 0 0 0 0 0 0 0 0 0 0 0 0 0 0 0 0 0 0 0 0 0 0 0 0 0 0 0 0 0 0 
0 0 0 0 0 0 0 0 0 0 0 0 0 0 0 0 0 0 0 0 0 0 0 0 0 0 0 0 0 0 0 0 0 0 0 0 0 0 0 0 
0 0 0 0 0 0 0 0 0 0 0 0 0 0 0 0 0 0 0 0 0 0 0 0 0 0 0 0 0 0 0 0 0 0 0 0 0 0 0 0 
0 0 0 0 0 0 0 0 0 0 0 0 0 0 0 0 0 0 0 0 0 0 0 0 0 0 0 0 0 0 0 0 0 0 0 0 0 0 0 0 
0 0 0 0 0 0 0 0 0 0 0 0 0 0 0 0 0 0 0 0 0 0 0 0 0 0 0 0 0 0 0 0 0 0 0 0 0 0 0 0 
0 0 0 0 0 0 0 0 0 0 0 0 0 0 0 0 0 0 0 0 0 0 0 0 0 0 0 0 0 0 0 0 0 0 0 0 0 0 0 0 
0 0 0 0 0 0 0 0 0 0 0 0 0 0 0 0 0 127996.1888 196512.4252 255992.41 294271.9848 221695.8804 164057.8296 0 0 0 0 0 0 0 0 0 0 0 0 0 0 0 0 0 
0 0 0 0 0 0 0 0 0 0 0 0 0 0 152984.7073 342084.2257 421749.77 458954.169 420360.1771 420360.1553 467793.1747 449941.5713 452534.9132 425891.4656 353854.6572 193512.0616 0 0 0 0 0 0 0 0 0 0 0 0 0 0 
0 0 0 0 0 0 0 0 0 0 0 0 160451.7308 338646.1215 453826.0285 449941.5969 448639.3255 451240.1567 447333.2574 423134.9044 457677.6064 436743.9865 431351.8584 464025.6843 464025.6521 442070.2825 395991.1222 136833.6743 0 0 0 0 0 0 0 0 0 0 0 0 
0 0 0 0 0 0 0 0 0 0 0 253696.4457 420360.1485 464025.6631 467793.225 461496.9475 484988.2116 444709.6065 452535.0306 467793.285 456397.4298 456397.4309 434056.336 470288.1761 493360.9874 439415.2112 480138.1555 416163.4382 213631.5435 0 0 0 0 0 0 0 0 0 0 0 
0 0 0 0 0 0 0 0 0 0 309770.4482 476468.2151 472769.8739 453826.0834 464025.7302 451240.2227 466540.8543 438081.7236 481355.3783 443392.0179 469042.4428 467793.3451 439415.3293 443391.9987 458954.2925 432706.2376 457677.5973 443391.9023 440744.7273 262759.8797 0 0 0 0 0 0 0 0 0 0 
0 0 0 0 0 0 0 0 0 244296.9969 469042.2885 455113.5192 443391.9255 462763.0861 466540.8403 455113.6492 480138.2983 456397.4867 475238.8175 474006.0495 495727.3774 453826.2284 470288.2748 474005.9972 429993.378 442070.4131 456397.4032 444709.5956 448639.3184 469042.2819 253696.4452 0 0 0 0 0 0 0 0 0 
0 0 0 0 0 0 0 0 141044.9438 429993.2045 449941.6103 427263.1536 480138.2368 449941.7164 434056.4099 432706.3338 482569.435 470288.3086 444709.7567 472770.0787 481355.4453 446023.5167 451240.3344 428630.5212 429993.4275 431351.976 428630.4557 442070.3678 465284.9503 472769.8743 458954.1563 136833.6902 0 0 0 0 0 0 0 0 
0 0 0 0 0 0 0 0 379389.7658 428630.3547 481355.2691 475238.7356 442070.4075 438081.754 460227.5006 423135.0603 478918.2062 471530.8476 461497.1503 464025.9084 466540.9934 446023.5382 451240.3631 465285.1227 440744.9312 474006.0423 466540.8945 493361.072 447333.3001 453826.1058 460227.298 326327.5523 0 0 0 0 0 0 0 0 
0 0 0 0 0 0 0 199467.6614 464025.6389 461496.9291 438081.6892 439415.2963 471530.7601 451240.3199 465285.1078 466540.965 448639.5461 447333.47 464025.9433 443392.1483 480138.4329 462763.2924 446023.5732 435402.4237 446023.5344 451240.3387 434056.438 444709.6879 418966.0489 477694.7421 462763.0402 471530.5845 171042.1212 0 0 0 0 0 0 0 
0 0 0 0 0 0 0 324529.5953 449941.5856 460227.3524 457677.6371 464025.8005 456397.5029 435402.3787 453826.2806 453826.3129 466541.0129 461497.1882 452535.2366 474006.1667 431352.1251 446023.6016 471530.9059 480138.4268 444709.7911 472770.0977 467793.4015 490983.4619 471530.7528 451240.2289 478918.021 448639.2975 328115.657 0 0 0 0 0 0 0 
0 0 0 0 0 0 0 424515.3691 446023.3224 507393.0305 471530.7327 472770.0146 467793.385 447333.4333 469042.5672 489790.4111 448639.586 470288.4249 439415.4874 465285.2188 462763.3283 462763.3277 440745.0346 482569.5403 456397.6034 458954.4443 420360.3857 480138.3406 465285.0562 452535.0541 481355.2961 451240.1499 413341.9541 0 0 0 0 0 0 0 
0 0 0 0 0 0 108176.5313 453826.0316 481355.2574 458954.276 465285.0299 440744.8998 466540.9416 469042.5468 438081.8548 432706.4358 465285.2158 472770.1833 460227.6361 470288.4509 475238.9903 448639.6245 465285.2248 418966.2243 482569.5323 442070.5433 429993.4743 467793.4007 451240.2974 452535.0715 472769.936 460227.3274 471530.5846 145134.0427 0 0 0 0 0 0 
0 0 0 0 0 0 244296.999 464025.6516 429993.2807 438081.6913 475238.7842 464025.8471 465285.1197 427263.3336 476468.5263 458954.4918 465285.2194 472770.1911 486193.4418 464026.0153 448639.6381 471530.9579 460227.6297 482569.5655 446023.5945 460227.5793 492173.8126 448639.5125 461497.0801 449941.7306 449941.6827 443391.914 438081.5901 210874.8784 0 0 0 0 0 0 
0 0 0 0 0 0 255992.3914 448639.2966 461496.9431 447333.3066 456397.4709 471530.8004 472770.0778 461497.1523 444709.8103 425891.7496 467793.5164 451240.4597 478918.3208 449941.9363 421750.1215 480138.4984 462763.3458 465285.2228 460227.6061 480138.4311 488594.3219 446023.5192 457677.7323 461497.0416 436744.0399 451240.1762 467793.1846 255992.3959 0 0 0 0 0 0 
0 0 0 0 0 0 226913.0051 438081.5939 464025.7135 471530.709 452535.0767 443392.0564 465285.1204 466540.9846 440745.0074 457677.8485 435402.485 464026.0074 472770.2087 460227.6518 447333.5538 442070.621 449941.9222 449941.9097 442070.5824 455113.7862 472770.1127 477694.903 427263.2725 475238.79 470288.2007 452534.9861 446023.2974 244297.0009 0 0 0 0 0 0 
0 0 0 0 0 0 216353.0571 476468.2228 464025.7069 462763.1022 442070.4208 474006.0392 475238.8642 444709.7797 436744.2084 484988.4551 451240.4418 490983.6314 438081.9269 443392.2084 449941.929 452535.2712 447333.5381 448639.6083 457677.844 455113.7791 456397.5703 443392.0845 448639.4687 432706.2921 465284.9892 443391.9158 431351.8232 196512.4273 0 0 0 0 0 0 
0 0 0 0 0 0 127996.1995 505081.3348 443391.8989 483780.2857 439415.3077 455113.675 452535.1397 443392.1114 465285.1689 466541.0181 456397.6281 449941.914 462763.342 480138.4896 462763.3447 461497.2319 464025.9881 453826.3503 436744.2175 446023.5681 466540.9753 461497.1044 481355.4032 474005.99 472769.9361 475238.6746 477694.65 132488.6521 0 0 0 0 0 0 
0 0 0 0 0 0 0 416163.4288 481355.2379 465284.9678 477694.7869 424515.5442 443392.0646 455113.7289 448639.5507 449941.8623 452535.2284 455113.8123 447333.5189 447333.5328 464025.9933 458954.5124 503921.9165 447333.5033 469042.5855 444709.7857 434056.4746 457677.7405 431351.982 449941.7066 431351.9041 475238.6628 407640.4092 0 0 0 0 0 0 0 
0 0 0 0 0 0 0 347177.5749 449941.589 462763.0545 462763.1108 448639.4419 462763.1902 453826.2644 460227.5312 464025.9235 476468.5274 464025.954 460227.6045 429993.5276 467793.4992 448639.5965 440745.0096 434056.5241 455113.762 431352.0563 452535.1374 480138.3172 444709.6686 439415.2813 482569.2926 444709.5408 355504.361 0 0 0 0 0 0 0 
0 0 0 0 0 0 0 181013.9541 472769.8279 447333.2546 453826.1304 435402.2872 486193.2418 471530.794 439415.3956 484988.378 483780.4607 467793.4526 481355.5064 460227.5756 452535.2188 456397.6057 494545.7653 446023.5541 470288.3363 462763.227 484988.3255 467793.3385 451240.2395 457677.612 453826.0842 451240.1044 171042.1072 0 0 0 0 0 0 0 
0 0 0 0 0 0 0 0 350532.0336 465284.9054 434056.3008 443391.9622 480138.2654 460227.4454 488594.2487 461497.0993 451240.3559 451240.3622 457677.7916 427263.3302 464025.9267 480138.405 440744.9749 446023.5249 471530.8262 474006.0517 446023.4545 484988.2733 466540.8236 458954.2356 456397.3149 371598.5951 0 0 0 0 0 0 0 0 
0 0 0 0 0 0 0 0 160451.7265 434056.2365 446023.3153 457677.6081 460227.3933 451240.2639 464025.8182 452535.1199 464025.8585 470288.3185 435402.3845 451240.3334 476468.4579 471530.8283 478918.176 443392.0514 472770.0247 448639.4384 453826.1782 440744.8399 460227.3637 461496.9185 466540.692 145134.0535 0 0 0 0 0 0 0 0 
0 0 0 0 0 0 0 0 0 234521.129 449941.578 429993.2599 446023.348 476468.3186 455113.611 467793.3257 475238.8184 464025.8435 448639.4837 428630.5227 471530.7851 427263.2815 443392.0278 443392.0341 451240.2708 464025.7964 472769.9411 440744.7884 458954.2062 484988.1337 258267.9293 0 0 0 0 0 0 0 0 0 
0 0 0 0 0 0 0 0 0 0 267176.3189 457677.52 471530.6213 471530.6726 435402.2451 458954.2895 469042.422 476468.3753 472769.9959 482569.3752 452535.0741 447333.3357 457677.6747 443392.0079 452535.0238 424515.4669 448639.3461 460227.3337 429993.2208 264977.3159 0 0 0 0 0 0 0 0 0 0 
0 0 0 0 0 0 0 0 0 0 0 246680.4364 452534.9154 482569.2248 453826.0818 444709.5673 462763.0761 444709.6078 442070.3686 475238.7387 453826.1493 462763.1208 462763.1013 409073.3401 470288.1571 435402.1985 480138.146 449941.561 213631.5146 0 0 0 0 0 0 0 0 0 0 0 
0 0 0 0 0 0 0 0 0 0 0 0 127996.1861 385509.3386 446023.3087 438081.6112 449941.6058 475238.6889 458954.2211 475238.6816 444709.5778 461496.9373 470288.151 483780.2146 453826.0605 461496.8754 363640.5131 141044.9407 0 0 0 0 0 0 0 0 0 0 0 0 
0 0 0 0 0 0 0 0 0 0 0 0 0 0 177752.1836 307875.8239 413341.9523 461496.8773 443391.8389 455113.5014 431351.8181 464025.6591 457677.5303 420360.1476 345488.1347 213631.5404 0 0 0 0 0 0 0 0 0 0 0 0 0 0 
0 0 0 0 0 0 0 0 0 0 0 0 0 0 0 0 0 174429.4311 226913.0113 292276.8706 213631.5254 241890.0719 141044.9367 0 0 0 0 0 0 0 0 0 0 0 0 0 0 0 0 0 
0 0 0 0 0 0 0 0 0 0 0 0 0 0 0 0 0 0 0 0 0 0 0 0 0 0 0 0 0 0 0 0 0 0 0 0 0 0 0 0 
0 0 0 0 0 0 0 0 0 0 0 0 0 0 0 0 0 0 0 0 0 0 0 0 0 0 0 0 0 0 0 0 0 0 0 0 0 0 0 0 
0 0 0 0 0 0 0 0 0 0 0 0 0 0 0 0 0 0 0 0 0 0 0 0 0 0 0 0 0 0 0 0 0 0 0 0 0 0 0 0 
0 0 0 0 0 0 0 0 0 0 0 0 0 0 0 0 0 0 0 0 0 0 0 0 0 0 0 0 0 0 0 0 0 0 0 0 0 0 0 0 
0 0 0 0 0 0 0 0 0 0 0 0 0 0 0 0 0 0 0 0 0 0 0 0 0 0 0 0 0 0 0 0 0 0 0 0 0 0 0 0 
0 0 0 0 0 0 0 0 0 0 0 0 0 0 0 0 0 0 0 0 0 0 0 0 0 0 0 0 0 0 0 0 0 0 0 0 0 0 0 0 
# Events [psd_source/PSD_source.dat] N:
0 0 0 0 0 0 0 0 0 0 0 0 0 0 0 0 0 0 0 0 0 0 0 0 0 0 0 0 0 0 0 0 0 0 0 0 0 0 0 0 
0 0 0 0 0 0 0 0 0 0 0 0 0 0 0 0 0 0 0 0 0 0 0 0 0 0 0 0 0 0 0 0 0 0 0 0 0 0 0 0 
0 0 0 0 0 0 0 0 0 0 0 0 0 0 0 0 0 0 0 0 0 0 0 0 0 0 0 0 0 0 0 0 0 0 0 0 0 0 0 0 
0 0 0 0 0 0 0 0 0 0 0 0 0 0 0 0 0 0 0 0 0 0 0 0 0 0 0 0 0 0 0 0 0 0 0 0 0 0 0 0 
0 0 0 0 0 0 0 0 0 0 0 0 0 0 0 0 0 0 0 0 0 0 0 0 0 0 0 0 0 0 0 0 0 0 0 0 0 0 0 0 
0 0 0 0 0 0 0 0 0 0 0 0 0 0 0 0 0 0 0 0 0 0 0 0 0 0 0 0 0 0 0 0 0 0 0 0 0 0 0 0 
0 0 0 0 0 0 0 0 0 0 0 0 0 0 0 0 0 14 33 56 74 42 23 0 0 0 0 0 0 0 0 0 0 0 0 0 0 0 0 0 
0 0 0 0 0 0 0 0 0 0 0 0 0 0 20 100 152 180 151 151 187 173 175 155 107 32 0 0 0 0 0 0 0 0 0 0 0 0 0 0 
0 0 0 0 0 0 0 0 0 0 0 0 22 98 176 173 172 174 171 153 179 163 159 184 184 167 134 16 0 0 0 0 0 0 0 0 0 0 0 0 
0 0 0 0 0 0 0 0 0 0 0 55 151 184 187 182 201 169 175 187 178 178 161 189 208 165 197 148 39 0 0 0 0 0 0 0 0 0 0 0 
0 0 0 0 0 0 0 0 0 0 82 194 191 176 184 174 186 164 198 168 188 187 165 168 180 160 179 168 166 59 0 0 0 0 0 0 0 0 0 0 
0 0 0 0 0 0 0 0 0 51 188 177 168 183 186 177 197 178 193 192 210 176 189 192 158 167 178 169 172 188 55 0 0 0 0 0 0 0 0 0 
0 0 0 0 0 0 0 0 17 158 173 156 197 173 161 160 199 189 169 191 198 170 174 157 158 159 157 167 185 191 180 16 0 0 0 0 0 0 0 0 
0 0 0 0 0 0 0 0 123 157 198 193 167 164 181 153 196 190 182 184 186 170 174 185 166 192 186 208 171 176 181 91 0 0 0 0 0 0 0 0 
0 0 0 0 0 0 0 34 184 182 164 165 190 174 185 186 172 171 184 168 197 183 170 162 170 174 161 169 150 195 183 190 25 0 0 0 0 0 0 0 
0 0 0 0 0 0 0 90 173 181 179 184 178 162 176 176 186 182 175 192 159 170 190 197 169 191 187 206 190 174 196 172 92 0 0 0 0 0 0 0 
0 0 0 0 0 0 0 154 170 220 190 191 187 171 188 205 172 189 165 185 183 183 166 199 178 180 151 197 185 175 198 174 146 0 0 0 0 0 0 0 
0 0 0 0 0 0 10 176 198 180 185 166 186 188 164 160 185 191 181 189 193 172 185 150 199 167 158 187 174 175 191 181 190 18 0 0 0 0 0 0 
0 0 0 0 0 0 51 184 158 164 193 184 185 156 194 180 185 191 202 184 172 190 181 199 170 181 207 172 182 173 173 168 164 38 0 0 0 0 0 0 
0 0 0 0 0 0 56 172 182 171 178 190 191 182 169 155 187 174 196 173 152 197 183 185 181 197 204 170 179 182 163 174 187 56 0 0 0 0 0 0 
0 0 0 0 0 0 44 164 184 190 175 168 185 186 166 179 162 184 191 181 171 167 173 173 167 177 191 195 156 193 189 175 170 51 0 0 0 0 0 0 
0 0 0 0 0 0 40 194 184 183 167 192 193 169 163 201 174 206 164 168 173 175 171 172 179 177 178 168 172 160 185 168 159 33 0 0 0 0 0 0 
0 0 0 0 0 0 14 218 168 200 165 177 175 168 185 186 178 173 183 197 183 182 184 176 163 170 186 182 198 192 191 193 195 15 0 0 0 0 0 0 
0 0 0 0 0 0 0 148 198 185 195 154 168 177 172 173 175 177 171 171 184 180 217 171 188 169 161 179 159 173 159 193 142 0 0 0 0 0 0 0 
0 0 0 0 0 0 0 103 173 183 183 172 183 176 181 184 194 184 181 158 187 172 166 161 177 159 175 197 169 165 199 169 108 0 0 0 0 0 0 0 
0 0 0 0 0 0 0 28 191 171 176 162 202 190 165 201 200 187 198 181 175 178 209 170 189 183 201 187 174 179 176 174 25 0 0 0 0 0 0 0 
0 0 0 0 0 0 0 0 105 185 161 168 197 181 204 182 174 174 179 156 184 197 166 170 190 192 170 201 186 180 178 118 0 0 0 0 0 0 0 0 
0 0 0 0 0 0 0 0 22 161 170 179 181 174 184 175 184 189 162 174 194 190 196 168 191 172 176 166 181 182 186 18 0 0 0 0 0 0 0 0 
0 0 0 0 0 0 0 0 0 47 173 158 170 194 177 187 193 184 172 157 190 156 168 168 174 184 191 166 180 201 57 0 0 0 0 0 0 0 0 0 
0 0 0 0 0 0 0 0 0 0 61 179 190 190 162 180 188 194 191 199 175 171 179 168 175 154 172 181 158 60 0 0 0 0 0 0 0 0 0 0 
0 0 0 0 0 0 0 0 0 0 0 52 175 199 176 169 183 169 167 193 176 183 183 143 189 162 197 173 39 0 0 0 0 0 0 0 0 0 0 0 
0 0 0 0 0 0 0 0 0 0 0 0 14 127 170 164 173 193 180 193 169 182 189 200 176 182 113 17 0 0 0 0 0 0 0 0 0 0 0 0 
0 0 0 0 0 0 0 0 0 0 0 0 0 0 27 81 146 182 168 177 159 184 179 151 102 39 0 0 0 0 0 0 0 0 0 0 0 0 0 0 
0 0 0 0 0 0 0 0 0 0 0 0 0 0 0 0 0 26 44 73 39 50 17 0 0 0 0 0 0 0 0 0 0 0 0 0 0 0 0 0 
0 0 0 0 0 0 0 0 0 0 0 0 0 0 0 0 0 0 0 0 0 0 0 0 0 0 0 0 0 0 0 0 0 0 0 0 0 0 0 0 
0 0 0 0 0 0 0 0 0 0 0 0 0 0 0 0 0 0 0 0 0 0 0 0 0 0 0 0 0 0 0 0 0 0 0 0 0 0 0 0 
0 0 0 0 0 0 0 0 0 0 0 0 0 0 0 0 0 0 0 0 0 0 0 0 0 0 0 0 0 0 0 0 0 0 0 0 0 0 0 0 
0 0 0 0 0 0 0 0 0 0 0 0 0 0 0 0 0 0 0 0 0 0 0 0 0 0 0 0 0 0 0 0 0 0 0 0 0 0 0 0 
0 0 0 0 0 0 0 0 0 0 0 0 0 0 0 0 0 0 0 0 0 0 0 0 0 0 0 0 0 0 0 0 0 0 0 0 0 0 0 0 
0 0 0 0 0 0 0 0 0 0 0 0 0 0 0 0 0 0 0 0 0 0 0 0 0 0 0 0 0 0 0 0 0 0 0 0 0 0 0 0 
